1.303981296550751097e+02
1.305435653081569569e+02
1.309732982910681756e+02
1.310437356475429738e+02
1.309532683308516994e+02
1.312255235665167277e+02
1.314601248146627483e+02
1.318587119340027982e+02
1.320997090242458682e+02
1.320199081052987253e+02
1.319393011164635823e+02
1.320599001176395859e+02
1.321009092097367557e+02
1.323039486967037703e+02
1.326302512087919183e+02
1.328790416250427597e+02
1.330495369949929909e+02
1.326560979747400495e+02
1.322586848229691725e+02
1.320592775989588858e+02
1.323831086858169215e+02
1.323869784705221377e+02
1.322292711823462810e+02
1.319891628104515746e+02
1.319890533438889122e+02
1.319889427716057924e+02
1.322312553248544020e+02
1.325164195200548534e+02
1.326832520404596494e+02
1.328921737782417551e+02
1.328203775537791671e+02
1.325054318725050564e+02
1.324297291641470053e+02
1.325956860243893232e+02
1.330057434589802483e+02
1.328138822817974471e+02
1.328625073553498623e+02
1.330732397528800561e+02
1.331244845988684347e+02
1.335802874736050114e+02
1.339194822965702656e+02
1.343025073702731902e+02
1.341641488588628022e+02
1.339839887463252808e+02
1.343676654003284909e+02
1.344319852528573449e+02
1.346585709624825995e+02
1.347662332954360807e+02
1.343901346418543881e+02
1.338890248907625846e+02
1.337464897886480060e+02
1.339661513016654908e+02
1.341476275774406304e+02
1.340481086640809849e+02
1.337455643071521365e+02
1.335611760678314113e+02
1.334961374422536267e+02
1.335112499416705418e+02
1.332032827693641366e+02
1.332558411811760664e+02
1.333089304860366724e+02
1.335645762485214334e+02
1.334187638873949311e+02
1.326250140276717389e+02
1.325101151794670784e+02
1.328789042216826886e+02
1.332514184057409636e+02
1.336680993997383951e+02
1.336445448482210736e+02
1.338227725739602079e+02
1.338815884585453659e+02
1.340218065237824874e+02
1.340826328523066309e+02
1.343460937902090393e+02
1.347738321113219229e+02
1.350846789003251729e+02
1.351158372730553765e+02
1.346220578515715829e+02
1.344465230823960837e+02
1.345520435175710645e+02
1.351838823409804888e+02
1.353372548898798584e+02
1.354517726160401310e+02
1.352038107232721131e+02
1.343876875992651492e+02
1.340077652517829563e+02
1.334623891432153755e+02
1.332751405487028080e+02
1.330051924734364945e+02
1.327729216903402403e+02
1.327403249397380876e+02
1.325053787270082353e+02
1.323488674010174577e+02
1.326352195969887759e+02
1.328840601989782328e+02
1.330142022211896915e+02
1.335092951729187689e+02
1.334437324978978268e+02
1.332158914120172994e+02
1.330665569818364133e+02
1.331581383654910837e+02
1.334526650156481935e+02
1.333057222380285509e+02
1.333189113515430222e+02
1.332110215672156812e+02
1.336272945123390059e+02
1.338053479922608631e+02
1.335003515073348410e+02
1.334751025326613387e+02
1.336112146794561681e+02
1.337487016964203121e+02
1.336855572691111718e+02
1.335813709789010204e+02
1.336377484635354449e+02
1.341391398621580606e+02
1.344839796587442891e+02
1.342666461199440562e+02
1.342087334544889075e+02
1.344734681358474688e+02
1.346600688240883699e+02
1.345657260849382055e+02
1.345512384696340575e+02
1.343345843127613364e+02
1.344793780936983012e+02
1.347064425188875703e+02
1.349358005241285809e+02
1.354098995193214989e+02
1.353635348680020627e+02
1.353571059272751995e+02
1.353910160881564195e+02
1.352636526142996445e+02
1.348925783982825237e+02
1.351238165639209399e+02
1.351553702665871697e+02
1.356316871379665088e+02
1.353451385231986421e+02
1.354193318416146496e+02
1.354134665066823686e+02
1.354479459663460545e+02
1.355231777437828100e+02
1.354779573169523701e+02
1.353110679969212242e+02
1.353849171686086947e+02
1.355403203723316210e+02
1.354952731033649513e+02
1.356921950539032480e+02
1.354062576302061984e+02
1.349154117476829242e+02
1.346620320683660168e+02
1.344060929983497488e+02
1.343495888872217847e+02
1.340096857446691843e+02
1.340703896410809932e+02
1.344145349909893525e+02
1.350045807989791626e+02
1.345096775747272204e+02
1.337673510855823906e+02
1.329367182682657642e+02
1.326229477457228256e+02
1.326292401471947358e+02
1.329184243911053898e+02
1.325640650415221842e+02
1.327313788298189650e+02
1.324559382119386726e+02
1.323797355676151426e+02
1.323027631996112063e+02
1.323462254541529433e+02
1.323093186405581037e+02
1.317063824652103960e+02
1.312589721870812411e+02
1.310494668556374052e+02
1.312418857127650256e+02
1.310726118310755623e+02
1.311036483142181339e+02
1.311349982971899522e+02
1.312474730274646220e+02
1.313610838661260516e+02
1.315162463294199995e+02
1.312285316458791726e+02
1.311399309554329875e+02
1.313736676317501804e+02
1.310845127593442783e+02
1.313984977367119313e+02
1.309883815522330508e+02
1.314226076285185911e+02
1.311743511399188833e+02
1.310043950908263639e+02
1.309539344351786667e+02
1.312261963991703624e+02
1.314608044436061789e+02
1.317785903470762321e+02
1.316551417647242772e+02
1.314496381461859471e+02
1.314440789355410857e+02
1.314384635712534077e+02
1.312711753244993531e+02
1.315062377015146353e+02
1.315416542439535306e+02
1.316986406504589127e+02
1.315339804550087592e+02
1.310848287424330749e+02
1.313584128711444237e+02
1.317963766375195576e+02
1.320771481187066456e+02
1.322799475946534642e+02
1.317575228228824074e+02
1.317954775988719973e+02
1.318338157564352855e+02
1.315493088448843366e+02
1.314235442877619278e+02
1.315793376644064381e+02
1.314134723882895628e+02
1.314479519073623806e+02
1.311999514215780778e+02
1.311110620419987640e+02
1.313849111535340910e+02
1.317827385389223309e+02
1.319421601403261661e+02
1.325072324649760844e+02
1.327143762272476408e+02
1.328024002295438493e+02
1.325680810399438201e+02
1.323313949898418400e+02
1.315266616059001592e+02
1.316430925312128295e+02
1.316394874052659816e+02
1.318782701063290403e+02
1.322810809154834999e+02
1.322031120358425369e+02
1.322455677129722744e+02
1.319652199120927776e+02
1.320052726384772654e+02
1.318437097358360575e+02
1.319229391271069005e+02
1.319625647748556503e+02
1.319217826008637360e+02
1.320826086877412706e+02
1.318814229169109922e+02
1.320014372898084503e+02
1.322842800907153276e+02
1.326911920108243805e+02
1.324961535462875304e+02
1.324607611578654769e+02
1.322633951089553079e+02
1.326296920292482469e+02
1.326360525547960378e+02
1.326424773280767226e+02
1.326085629576529641e+02
1.318874373309624843e+02
1.313610478090529341e+02
1.310717654636894167e+02
1.313048135996869803e+02
1.313785995956442889e+02
1.310490905006499815e+02
1.306354449501516797e+02
1.300560050001537036e+02
1.300363686870233266e+02
1.301377461485095353e+02
1.303209557055648133e+02
1.302231875813787099e+02
1.303264521024023566e+02
1.301075273761629489e+02
1.298459872486501183e+02
1.299858457057073338e+02
1.301271168744520139e+02
1.305930473479314173e+02
1.310636841898296439e+02
1.310138224139686542e+02
1.312058812262313552e+02
1.305917992184154457e+02
1.305775749680970250e+02
1.305228029980780491e+02
1.308311141394720494e+02
1.308597112519925645e+02
1.310098093454462571e+02
1.312422316620669847e+02
1.313153855172398039e+02
1.310660459770102193e+02
1.310970161383931440e+02
1.312899152913061585e+02
1.313635507993002420e+02
1.313571220194951366e+02
1.310273959792876610e+02
1.311387838174620697e+02
1.310896806236991949e+02
1.314441218421198130e+02
1.315597190324442636e+02
1.318381000327727577e+02
1.322809091240124246e+02
1.318797061858712993e+02
1.319188951372442773e+02
1.311908031689328880e+02
1.309402052211444811e+02
1.312527325466106731e+02
1.312047803501117755e+02
1.309947276263756919e+02
1.310249774003797825e+02
1.304090680811914069e+02
1.296657253345361767e+02
1.293593185197343587e+02
1.296558772926608754e+02
1.296726033259197095e+02
1.298915185110303128e+02
1.301934530414453377e+02
1.307408616580247553e+02
1.309301632909336774e+02
1.305557204958927286e+02
1.305007277736296487e+02
1.305259876501309009e+02
1.305515026768994460e+02
1.302540431079791574e+02
1.301151950585660586e+02
1.304193889480455937e+02
1.309286757050962251e+02
1.307966421263606094e+02
1.302592344710714372e+02
1.299992267384558318e+02
1.298174007459148243e+02
1.301185866120353580e+02
1.300995824363992597e+02
1.300803862993941777e+02
1.303438245448419650e+02
1.310543682271130308e+02
1.309236042698110793e+02
1.309127315856676148e+02
1.304977086723924629e+02
1.308057663357493539e+02
1.312381478138883608e+02
1.311496442564522624e+02
1.306562063196490158e+02
1.307234407269183123e+02
1.311549906332510318e+02
1.313484753871214821e+02
1.316247226132546473e+02
1.310552753669244623e+02
1.311265407746709002e+02
1.311985260350204499e+02
1.313116424596172180e+02
1.313046893531485182e+02
1.314996862153016934e+02
1.318582689043452660e+02
1.322204736407526298e+02
1.323035087280328526e+02
1.325085946747803121e+02
1.323925198735163349e+02
1.323964847207227535e+02
1.324812976976992331e+02
1.328497956542422003e+02
1.328583794487296927e+02
1.328266459078077730e+02
1.331178241493010432e+02
1.330887112619200252e+02
1.330189002645657865e+02
1.330695962268345340e+02
1.330804002291251891e+02
1.332933335647722402e+02
1.337104379442155278e+02
1.339701393375914336e+02
1.338284235733244145e+02
1.342105288619442263e+02
1.337884129918623728e+02
1.342105181735982171e+02
1.343944628016153047e+02
1.346610735369850147e+02
1.345263369060450032e+02
1.344306433394392570e+02
1.348996397368070745e+02
1.346056967038453820e+02
1.347532289937839494e+02
1.350638676704888894e+02
1.344483511823112281e+02
1.345538900831426758e+02
1.342968586698414128e+02
1.337544026968096205e+02
1.335701037341515871e+02
1.334243472062134970e+02
1.328730779860743212e+02
1.323566444303769742e+02
1.320370145761388301e+02
1.316333480567072058e+02
1.318720687441476969e+02
1.320727967112601107e+02
1.317502997083439595e+02
1.316669694023682666e+02
1.316636054569373186e+02
1.316602075322601877e+02
1.318587954871312036e+02
1.316553489769001999e+02
1.318942918958590838e+02
1.316912039352116324e+02
1.314052565002130279e+02
1.316012691921340831e+02
1.315568375678122095e+02
1.310675126947599267e+02
1.312197097926878371e+02
1.313734442350370841e+02
1.316095396313504864e+02
1.317268077084352171e+02
1.321280885943792782e+02
1.321697864589686731e+02
1.321715014737061153e+02
1.322136378522286293e+02
1.325794321739683710e+02
1.328681133070378166e+02
1.326344578858970920e+02
1.323580382685826180e+02
1.323616548167507858e+02
1.326481361785365607e+02
1.328162991702383522e+02
1.329053526972106454e+02
1.328740936335452432e+02
1.328829228621671916e+02
1.329322453153205004e+02
1.332244902174961396e+02
1.333580709267629061e+02
1.336950211381445399e+02
1.335505264021668097e+02
1.334853802042087807e+02
1.334195759638466257e+02
1.333935110745929649e+02
1.334479909844378938e+02
1.333414050347856801e+02
1.331933384189749745e+02
1.332457963828029790e+02
1.327331276593973541e+02
1.324981087468653129e+02
1.325435441887527759e+02
1.327510547361145541e+02
1.325162169051656065e+02
1.322386029345112206e+02
1.320389928631430507e+02
1.317565584476182892e+02
1.316328873208263985e+02
1.313463508291179380e+02
1.315417685142608661e+02
1.316179479942031776e+02
1.315332808022249367e+02
1.316497785881064431e+02
1.315250288768756661e+02
1.313990190675507392e+02
1.310697162298486091e+02
1.309795113432817288e+02
1.311308195386687316e+02
1.312432520592616925e+02
1.313972243022843713e+02
1.316739639417009755e+02
1.313878423653546577e+02
1.313008508740954312e+02
1.312129806809042805e+02
1.310838188696016005e+02
1.313977968379807635e+02
1.310684816545255558e+02
1.309782642975011129e+02
1.312911760580818168e+02
1.312840162202844283e+02
1.311151678992772531e+02
1.313082504033108933e+02
1.310184347508187841e+02
1.314529643947664965e+02
1.311242064593598400e+02
1.312769762215755520e+02
1.317545214359347767e+02
1.317520418544797565e+02
1.315071129843225890e+02
1.309364777619416884e+02
1.308853310726695156e+02
1.307932637097663928e+02
1.310639027371381360e+02
1.315392956940787883e+02
1.313730259536146150e+02
1.314879050036520027e+02
1.317251565693453585e+02
1.321668248175200233e+02
1.319664897146669489e+02
1.317237269845118135e+02
1.318017444288001343e+02
1.316785297260607592e+02
1.317156865919797326e+02
1.315511985777576172e+02
1.319103015936944132e+02
1.320306076703986093e+02
1.323945532024227703e+02
1.326409628307304160e+02
1.324454170007368532e+02
1.324499161623609780e+02
1.323332486488499740e+02
1.324174228776255688e+02
1.327852756339650000e+02
1.330760359939048953e+02
1.329656929231358902e+02
1.329350433567028347e+02
1.329848922794979558e+02
1.329948406863616697e+02
1.328836774609713984e+02
1.328926034959305866e+02
1.329016196928592990e+02
1.330723431240992909e+02
1.335276193172728085e+02
1.336642619366392637e+02
1.338830928652924968e+02
1.342253463285780413e+02
1.341266124531092601e+02
1.339056691445545084e+02
1.340461304490448526e+02
1.341880105545907895e+02
1.344525359137286102e+02
1.346793292057860754e+02
1.349892214199857676e+02
1.348173953737233433e+02
1.345630256300232475e+02
1.343464905353774270e+02
1.335621116518962594e+02
1.335374865170674354e+02
1.334722086030975845e+02
1.331234430334320393e+02
1.329327707408400556e+02
1.331846169099397059e+02
1.333986029393333013e+02
1.334531342821545650e+02
1.336698326082366748e+02
1.338887198062999175e+02
1.336249695013132737e+02
1.333181510114269770e+02
1.333314656681084784e+02
1.329812784526349105e+02
1.329911903561966540e+02
1.323547377335324882e+02
1.323583209429618819e+02
1.326447686292539458e+02
1.329341097265201483e+02
1.330647572995149233e+02
1.326310679793078009e+02
1.321121898780892536e+02
1.319517069475648725e+02
1.321128353005702252e+02
1.323563992935052340e+02
1.326428275691971237e+02
1.326897248173709158e+02
1.323734594114856407e+02
1.325792519307935322e+02
1.323426787179741098e+02
1.320229077959327242e+02
1.322251593898309636e+02
1.322274337271024081e+02
1.323913471990933886e+02
1.325569163627199600e+02
1.326433498613333768e+02
1.326094443043772344e+02
1.323731760650280478e+02
1.325385616818467156e+02
1.324631936180262244e+02
1.323062561798251693e+02
1.323497537169947407e+02
1.326361148656502280e+02
1.329657725915664912e+02
1.333795682743101452e+02
1.330702709841512501e+02
1.331214858425767602e+02
1.333348341844216236e+02
1.334291254388093648e+02
1.335243691301099602e+02
1.331761304344555583e+02
1.327839701358130640e+02
1.331555253897103910e+02
1.332884094845556433e+02
1.333014237217734035e+02
1.331125492139124731e+02
1.329621709231439866e+02
1.330122938617619184e+02
1.328204988502640731e+02
1.327883826770348890e+02
1.327963461384187838e+02
1.325619657963826796e+02
1.320423896933164656e+02
1.309923128215313000e+02
1.305376897187184682e+02
1.301996865845647449e+02
1.302219056409741711e+02
1.303251572131052569e+02
1.305910678920247960e+02
1.306172402949744082e+02
1.308052932272479723e+02
1.312376699265124955e+02
1.312299696227398726e+02
1.315858279017581367e+02
1.320260887896543238e+02
1.316627159491452801e+02
1.313360767163090657e+02
1.308849259760692405e+02
1.310756828041099595e+02
1.308643260647581599e+02
1.305700263280386366e+02
1.306363902303419593e+02
1.302589800306478764e+02
1.299181616471191489e+02
1.300183450981006104e+02
1.303619647455563495e+02
1.299009744904604418e+02
1.299605802933950827e+02
1.300207881751462935e+02
1.299199880557029587e+02
1.297777657128310693e+02
1.296341067806382625e+02
1.296102088693313590e+02
1.295860695649806189e+02
1.291980500656373181e+02
1.293717677430680624e+02
1.297492603465329353e+02
1.294436973197303757e+02
1.293774720401322895e+02
1.298358303435674372e+02
1.296927579227959768e+02
1.296694524472685828e+02
1.294842954012812299e+02
1.291356519204860831e+02
1.292279312328150240e+02
1.290787184169845148e+02
1.295340590070549354e+02
1.297515747546010800e+02
1.294864391460616844e+02
1.290974132788497855e+02
1.288256699786366255e+02
1.287936060390270825e+02
1.284783899384106007e+02
1.285236262004153787e+02
1.285693193943586152e+02
1.284942620145036472e+02
1.286608707217208689e+02
1.283039098199204204e+02
1.282665755756767112e+02
1.285116925006836937e+02
1.282744368693778654e+02
1.283176129993713630e+02
1.284420333326982302e+02
1.284060942754533698e+02
1.280465598741948554e+02
1.279662220951460370e+02
1.271578000961073371e+02
1.271896970667748548e+02
1.273835323906816654e+02
1.266500327178605261e+02
1.264747805230913826e+02
1.261361419425167014e+02
1.262789312550671212e+02
1.261403346010777398e+02
1.262831662637152448e+02
1.268314810744597310e+02
1.268600818933936836e+02
1.266869514074681291e+02
1.264312640479476499e+02
1.265770343918667891e+02
1.267242771635017959e+02
1.261053304681831122e+02
1.257225560284680057e+02
1.259015717459272850e+02
1.260823957029566316e+02
1.264670663666232713e+02
1.261283498652756094e+02
1.263922725911875062e+02
1.261740127183715430e+02
1.259131441599710115e+02
1.258112567272433466e+02
1.256275320477209192e+02
1.251995273209303008e+02
1.252116437585151658e+02
1.254663068267828976e+02
1.254407139664479871e+02
1.253340545115638633e+02
1.251051055672357109e+02
1.253182884517531477e+02
1.254528166179322284e+02
1.255078955736691739e+02
1.257655510845142572e+02
1.259045970550646416e+02
1.260450475303687767e+02
1.260253005357259468e+02
1.259649500360865773e+02
1.260656060970576107e+02
1.259248546434926652e+02
1.261867218621131030e+02
1.264108301637510721e+02
1.263543739027788320e+02
1.264993675785649003e+02
1.255953207864285446e+02
1.253690108953828855e+02
1.254636473690736267e+02
1.256400478475487716e+02
1.257778261086350540e+02
1.258765920289246480e+02
1.261379717463883026e+02
1.252706785317055136e+02
1.250410894259653674e+02
1.249303933595605969e+02
1.248993872318795155e+02
1.249488759917979337e+02
1.243119959513110615e+02
1.242343393447579558e+02
1.241558983280385604e+02
1.238746447757964546e+02
1.239541866422189003e+02
1.240749360022408609e+02
1.239140767699412038e+02
1.244384613837783746e+02
1.242004660442203630e+02
1.240004707517379217e+02
1.239196674259979005e+02
1.238784519454524542e+02
1.241196484297502565e+02
1.243228772017679375e+02
1.241645224260276734e+02
1.239237600262911485e+02
1.234785454811019321e+02
1.231500459405070131e+02
1.230202484247544845e+02
1.231315640654087105e+02
1.233248121872810970e+02
1.233179921083649617e+02
1.235535273821870561e+02
1.233065933153405069e+02
1.233399932478183416e+02
1.234141345937561169e+02
1.234890248421780257e+02
1.238474998405833816e+02
1.237651513541250523e+02
1.233587387415398666e+02
1.230694330722629104e+02
1.228984172447101315e+02
1.233317345906164206e+02
1.229613480713295388e+02
1.225064121932620793e+02
1.219660729224868305e+02
1.218243160833198857e+02
1.217215313972933899e+02
1.214156882800943293e+02
1.209047356364586676e+02
1.205906420570291857e+02
1.207986283404332397e+02
1.206046750913468202e+02
1.203683586781278620e+02
1.198064229072002007e+02
1.196428514214140932e+02
1.196392438600145738e+02
1.200396402626409298e+02
1.204440810733744911e+02
1.200041222963380676e+02
1.199637598952910196e+02
1.196805655507992157e+02
1.195561268189887443e+02
1.196324513323118879e+02
1.198307589215274334e+02
1.195462211328558624e+02
1.195416375079353344e+02
1.192541793009445428e+02
1.192466457585299224e+02
1.195218644025551100e+02
1.197190549520761920e+02
1.193929848000769169e+02
1.193060452526032833e+02
1.195818638915181538e+02
1.192140039308263226e+02
1.191656605361882413e+02
1.192380409456450678e+02
1.189879201471158154e+02
1.186948688354704728e+02
1.189645139752233121e+02
1.184288019951745952e+02
1.180492949446210815e+02
1.181103989339609370e+02
1.182933322565258862e+02
1.181144770267934661e+02
1.181762394210043254e+02
1.175517569909131055e+02
1.175270272635485327e+02
1.175020477409584032e+02
1.176384320615741075e+02
1.175741737995694933e+02
1.175900745450198457e+02
1.176869439848689467e+02
1.170979232170389395e+02
1.168665891081199391e+02
1.165117061698180265e+02
1.164360668382004604e+02
1.163596634729296539e+02
1.162824883564943264e+02
1.153964528853478839e+02
1.151075281670181312e+02
1.151389173404218269e+02
1.152110276165880123e+02
1.152434622389777701e+02
1.148721840797757210e+02
1.144567515957328538e+02
1.141583349451845208e+02
1.140185201466512410e+02
1.134328486329810630e+02
1.136089380131120805e+02
1.136655939526384600e+02
1.135208019723622073e+02
1.130513151235981013e+02
1.129407223470686716e+02
1.128694165121909521e+02
1.125953702143341673e+02
1.123993638528626207e+02
1.123629937907706875e+02
1.119222159502728715e+02
1.117598140911851772e+02
1.119594081729142090e+02
1.118781900736505861e+02
1.115133233067176661e+02
1.115488114209267820e+02
1.114634458797244179e+02
1.114176221007316485e+02
1.114925475764965626e+02
1.116086339156531579e+02
1.114834686016697702e+02
1.111954228299694876e+02
1.111064877070398182e+02
1.105722098050904663e+02
1.101133432374654859e+02
1.101750941792580250e+02
1.098738325043006654e+02
1.093271035396978164e+02
1.089364682219172096e+02
1.089055234564817027e+02
1.087934580368502679e+02
1.084782404412627841e+02
1.084426671123867294e+02
1.084067344569564142e+02
1.083300348050062496e+02
1.085353886919255331e+02
1.082983724160864369e+02
1.078569418344309696e+02
1.081383250852839097e+02
1.081397223083671406e+02
1.078583053619871066e+02
1.079376821838256575e+02
1.072501840240659163e+02
1.065557414384503829e+02
1.061371125640916233e+02
1.059162753172641516e+02
1.058144195123881701e+02
1.053883025377658811e+02
1.050790934724906833e+02
1.048475691641319258e+02
1.047349183476080725e+02
1.048231498460689011e+02
1.043870200465341469e+02
1.043505252995293802e+02
1.044348740399288857e+02
1.042372465049786001e+02
1.039164106110895744e+02
1.036327379909994306e+02
1.028613515060597621e+02
1.023650015212729159e+02
1.020656581022955720e+02
1.021269273760561020e+02
1.014615428040971921e+02
1.005470129334315459e+02
9.974445750851641890e+01
9.913581566516840837e+01
9.868264208602880672e+01
9.862893140002890391e+01
9.849387010103926343e+01
9.843825262731238013e+01
9.805884103768943305e+01
9.755438488655492790e+01
9.704483321874209878e+01
9.653013456438623052e+01
9.621225713574371241e+01
9.593157286438736264e+01
9.556724531756290730e+01
9.503762153289177661e+01
9.482588033625441426e+01
9.445038417803482389e+01
9.394988300811591841e+01
9.352513435163233169e+01
9.289407510265891688e+01
9.278189404309001986e+01
9.214332731625218287e+01
9.170033062247692612e+01
9.113164709341106118e+01
9.079964352869818356e+01
9.018145810979595467e+01
8.947622031292532085e+01
8.924870738679337023e+01
8.873606806746798270e+01
8.769299804794745512e+01
8.760908893732063518e+01
8.724150397709153992e+01
8.727424644150660527e+01
8.662045095101667869e+01
8.600045550607755729e+01
8.541460152129043593e+01
8.494404194069745984e+01
8.422630499060338138e+01
8.370333837434692725e+01
8.309428118620913040e+01
8.296392039011010411e+01
8.263022261627267540e+01
8.233355819825538902e+01
8.211470525076322247e+01
8.169162146541722791e+01
8.106224390446178063e+01
8.046691303480993440e+01
7.990597276243433100e+01
7.929896238629721950e+01
7.868582059221954239e+01
7.843012181032281660e+01
7.825264829325534777e+01
7.787136191237918581e+01
7.724379991149419311e+01
7.624626253686264477e+01
7.600632579481079176e+01
7.568315736849585562e+01
7.539712865504623096e+01
7.486578652024873293e+01
7.445028941439277048e+01
7.374776708524517232e+01
7.332097685378296603e+01
7.297068369068989568e+01
7.233402392998971209e+01
7.189295346463607927e+01
7.128581158044056565e+01
7.002607230347526013e+01
6.923845687219734657e+01
6.836207764868422032e+01
6.755765419059012800e+01
6.686631736423241534e+01
6.620840137801258152e+01
6.542262765455811291e+01
6.507336126723039627e+01
6.431652653255606822e+01
6.391568336621813273e+01
6.367240744062428348e+01
6.326505802083271846e+01
6.216672527356842437e+01
6.077446997330146417e+01
6.017623229626413206e+01
5.953154777400404640e+01
5.916317956970110714e+01
5.830624198959718996e+01
5.740024443393654252e+01
5.644469134741062533e+01
5.568150641152588065e+01
5.466818829447054640e+01
5.396786696411170681e+01
5.317966360011285332e+01
5.234309454556855457e+01
5.214453994501874945e+01
5.129751509597858927e+01
4.987627787472582952e+01
4.888512916638969585e+01
4.820720117817148065e+01
4.764363755370851550e+01
4.707438136738233680e+01
4.649937511856813188e+01
4.608017688744253348e+01
4.496987564388144420e+01
4.441401580190046161e+01
4.369092505242462465e+01
4.304133843679264260e+01
4.254680650181072110e+01
4.176445101193004206e+01
4.097419294134346046e+01
4.005474034479139789e+01
3.920680842908220143e+01
3.818869538291135513e+01
3.748353068980947000e+01
3.636720271697925000e+01
3.519919466361537275e+01
3.365575218547011360e+01
3.274318402572738762e+01
3.141735760174478997e+01
3.036096727448968835e+01
2.945552249948454460e+01
2.793487121160049824e+01
2.656047597131366445e+01
2.513179391041784427e+01
2.429474132365435324e+01
2.353004174106497715e+01
2.247478963743941094e+01
2.124726226003979335e+01
2.004773965660583102e+01
1.928054510768266994e+01
1.846519707846735514e+01
1.756080512976498653e+01
1.608162134319695369e+01
1.535517307393631903e+01
1.433855866054173944e+01
1.310965521266841982e+01
1.211076284107921275e+01
1.134420488997899668e+01
1.032747968684747164e+01
8.977252208936832290e+00
7.572982029229126333e+00
6.518163665888000224e+00
5.412286531199995032e+00
4.254834879999993547e+00
3.287711999999997747e+00
2.108800000000000452e+00
1.120000000000000107e+00
