1.329707849591848969e+02
1.332230151102876619e+02
1.335990051619070300e+02
1.338575809716232925e+02
1.338763444157814888e+02
1.340165095108906144e+02
1.344813227382725813e+02
1.350316391295692711e+02
1.354258981106757744e+02
1.354605031420962007e+02
1.353338415576741056e+02
1.345998399572457629e+02
1.344240807648946543e+02
1.345697785503982118e+02
1.347573520711096648e+02
1.347043960314236983e+02
1.349337333650747155e+02
1.345189225909841184e+02
1.341807298898844465e+02
1.342431615049333118e+02
1.345486479847810415e+02
1.345743919038199010e+02
1.347620120240599988e+02
1.345878909333931972e+02
1.342907989226192740e+02
1.346775746693131168e+02
1.343813885548615872e+02
1.344458470251121867e+02
1.347129767930421735e+02
1.347807846394372859e+02
1.346068531711493677e+02
1.345523769405539269e+02
1.336892696369235978e+02
1.336659289261853019e+02
1.334403322486721493e+02
1.337377093420937229e+02
1.337956660021146718e+02
1.336521878809238615e+02
1.334264524049738725e+02
1.333196488939130973e+02
1.335754029231435709e+02
1.335509120435802117e+02
1.336069818622018772e+02
1.337040220830320436e+02
1.338020425081131179e+02
1.338202449576908748e+02
1.337578231895867589e+02
1.335331547369561065e+02
1.333870249868234055e+02
1.334414393806310102e+02
1.334559993743739312e+02
1.335919185599730099e+02
1.339716349090647327e+02
1.339915504131975581e+02
1.338500509224204507e+02
1.330606574973951979e+02
1.328289469670648089e+02
1.330797444111774439e+02
1.328886307183610711e+02
1.326551825437986736e+02
1.325809924684843111e+02
1.331525176449330274e+02
1.332045632777104913e+02
1.332571346239496961e+02
1.332294289130805112e+02
1.334034635485661511e+02
1.331752157056213264e+02
1.328234502076995227e+02
1.326701517249486528e+02
1.328789411363123634e+02
1.332514556932453615e+02
1.336681370638833641e+02
1.340082192564487116e+02
1.340285042994428011e+02
1.340489942418611520e+02
1.339484790321827177e+02
1.340489687193768873e+02
1.341100694135123206e+02
1.339697670843555386e+02
1.342724920044002772e+02
1.346186787923230952e+02
1.349279583760829837e+02
1.347555135111953746e+02
1.344601146577730901e+02
1.346869845028012378e+02
1.347949338412134352e+02
1.351059937790029437e+02
1.350969634131337500e+02
1.347242054678137322e+02
1.347517226947610425e+02
1.349007299947079161e+02
1.353340707017250111e+02
1.352061320219441143e+02
1.352385171938837516e+02
1.350288052463478152e+02
1.350593992387346134e+02
1.350903022613475457e+02
1.347982851124714614e+02
1.349073586994674656e+02
1.342498572721886205e+02
1.342725831032208248e+02
1.345783667709303302e+02
1.347256230009392937e+02
1.347935585868075066e+02
1.347409682695027016e+02
1.347282507772753490e+02
1.348366169467430211e+02
1.347844615623668290e+02
1.346509712751181098e+02
1.347989608839574487e+02
1.349080412969270526e+02
1.351798396938657447e+02
1.351311512059250504e+02
1.347587385918432403e+02
1.345845844362051480e+02
1.344086711476819289e+02
1.347158294421025744e+02
1.349048782243459357e+02
1.352574527518644629e+02
1.351287401533982973e+02
1.349583233872712924e+02
1.349882054416886206e+02
1.350991974158469873e+02
1.348476741574211815e+02
1.347552264216379285e+02
1.346214408299372565e+02
1.342034755857957009e+02
1.339025005917129079e+02
1.339217177694058876e+02
1.342239573428352060e+02
1.344484417604391524e+02
1.345135775357974524e+02
1.347005833694918806e+02
1.347278619893853033e+02
1.344321838276620724e+02
1.344971553814769720e+02
1.346031872540175698e+02
1.347506941959767914e+02
1.345764587838144166e+02
1.346428876604197740e+02
1.342251390509285898e+02
1.340051909605340938e+02
1.341466575358921318e+02
1.341683409453462161e+02
1.345134757023695897e+02
1.344984603054247714e+02
1.343620811165909572e+02
1.343455364814039115e+02
1.342480166478825936e+02
1.336242592402863920e+02
1.335194537780670885e+02
1.335752058364304844e+02
1.337527331681125133e+02
1.341340739071842165e+02
1.339940140476603005e+02
1.338525394420811665e+02
1.339520600425069006e+02
1.334869293358659093e+02
1.328554841776421824e+02
1.327025092703453311e+02
1.324267770407532510e+02
1.326735121623763405e+02
1.326803153155321411e+02
1.325255710257910380e+02
1.324096677028186377e+02
1.324946138412298069e+02
1.323379937790206782e+02
1.322201957363845963e+02
1.325860562993777307e+02
1.327535922215944311e+02
1.329228204258529331e+02
1.328109297230840866e+02
1.330615451748324745e+02
1.329914597725572776e+02
1.329610704773309067e+02
1.324859297750818428e+02
1.320463937122030131e+02
1.318852461739425905e+02
1.316820668423664245e+02
1.316384513559260085e+02
1.318368195514412662e+02
1.318351712640813957e+02
1.319547184485674052e+02
1.316310287359258382e+02
1.311828573090160717e+02
1.312150073828449024e+02
1.316919266493383702e+02
1.319716430801405522e+02
1.319713566466066652e+02
1.316478349965724419e+02
1.315230656531038846e+02
1.318414804576788413e+02
1.321631115734141986e+02
1.325283955287008837e+02
1.327357530592939270e+02
1.322179323831249462e+02
1.315736690738628738e+02
1.316501707816804014e+02
1.314446169511929554e+02
1.315198151022142383e+02
1.312725405072876868e+02
1.313460005124112229e+02
1.315010106185976611e+02
1.314959703218162019e+02
1.317333033553700261e+02
1.312053569246160691e+02
1.309145019440567523e+02
1.308631332768251809e+02
1.310536699765901858e+02
1.313269393702939851e+02
1.316029690609028933e+02
1.318009788493965857e+02
1.316373523731275839e+02
1.318357094678061401e+02
1.321168782503095542e+02
1.323604830811206909e+02
1.325661445263847895e+02
1.326122671983682437e+02
1.326992597963310061e+02
1.330295553498295646e+02
1.332823791412423304e+02
1.334569486275172778e+02
1.335928774015326326e+02
1.339726034358906190e+02
1.340733368039304310e+02
1.342962998019506813e+02
1.346023230322728921e+02
1.350730535679522575e+02
1.353869227959116017e+02
1.351787098948601624e+02
1.350087978735969045e+02
1.349987857309050696e+02
1.345846320514198453e+02
1.348127596478987869e+02
1.351239996443408131e+02
1.353575753983247978e+02
1.348662377760855691e+02
1.348547856324101701e+02
1.350452380125349805e+02
1.354800383965007597e+02
1.354343822186874320e+02
1.351054365845327538e+02
1.346115521055882027e+02
1.347591435409980249e+02
1.347466096373724156e+02
1.347339491286587645e+02
1.346403526552106769e+02
1.349094471264756976e+02
1.351004516429046021e+02
1.351317693362668706e+02
1.351634033699666873e+02
1.351549528989568216e+02
1.351868211100573376e+02
1.353402233434921698e+02
1.350507306499916069e+02
1.348795259090828438e+02
1.345449756657405942e+02
1.345302784502434861e+02
1.349598772224678669e+02
1.347069466893609047e+02
1.344918653427890547e+02
1.342342074169577870e+02
1.342567751686450777e+02
1.344007829986312288e+02
1.348290737359913862e+02
1.350596704403955925e+02
1.349693640812073738e+02
1.350397616981891531e+02
1.351916784830201266e+02
1.353451297808272500e+02
1.351768987685124443e+02
1.349665644126394568e+02
1.350369337501406051e+02
1.349868017678185481e+02
1.348149512806243138e+02
1.344393447279037446e+02
1.343427724524285907e+02
1.341644166186148368e+02
1.338630470895097346e+02
1.339222697873836125e+02
1.336992624114979549e+02
1.333527903146448352e+02
1.334068589036812682e+02
1.335018776804871834e+02
1.331534117984713816e+02
1.332054664631021978e+02
1.331368348112144986e+02
1.325018533446608444e+02
1.323453064087487405e+02
1.319851579886346258e+02
1.319850080693282735e+02
1.320252606760892604e+02
1.323083441172616119e+02
1.325134789063253891e+02
1.324782615215399062e+02
1.326851126480208336e+02
1.326920329777987604e+02
1.328606393715149352e+02
1.327885246176901433e+02
1.325136612299909871e+02
1.325592537676671725e+02
1.327669229976437180e+02
1.325726494925692691e+02
1.326592419116862516e+02
1.324234766784708768e+02
1.317408855338091200e+02
1.314554399331403545e+02
1.314903433668093271e+02
1.314043872392009860e+02
1.313175628678796159e+02
1.316339018867473669e+02
1.315897998856029858e+02
1.315856564501046932e+02
1.313794509597011029e+02
1.311711625855565160e+02
1.310415783692490663e+02
1.311531094638883417e+02
1.311849590544319426e+02
1.313787465196291464e+02
1.310896429491201047e+02
1.307976191405257396e+02
1.307046657985108880e+02
1.308531977762740155e+02
1.309628260366399388e+02
1.309523495319597259e+02
1.306589389211715400e+02
1.304837766880514494e+02
1.305492693818699763e+02
1.306154236180511816e+02
1.301569935535864886e+02
1.300979732864511504e+02
1.304423972590421101e+02
1.308307043020628271e+02
1.308188932344063744e+02
1.310089830650568672e+02
1.311201849141990579e+02
1.309496817315139197e+02
1.310198805368834201e+02
1.309291722594778946e+02
1.309587598580579026e+02
1.311906665232914975e+02
1.312228954780722177e+02
1.312958540182543743e+02
1.314503575941967597e+02
1.313235935294910632e+02
1.314379732621125640e+02
1.317959325879925530e+02
1.317130632201944991e+02
1.320333971921158422e+02
1.315084820122378915e+02
1.311398808204423858e+02
1.307271523438811869e+02
1.300678306503847637e+02
1.297654855054399547e+02
1.298237227327668677e+02
1.299229522553200979e+02
1.298211638942632362e+02
1.297183473679427266e+02
1.296144922908511319e+02
1.291055477685363826e+02
1.287126745136725674e+02
1.285582570845179475e+02
1.287255122065838577e+02
1.288944567743279777e+02
1.291459159336635878e+02
1.291170868016806992e+02
1.290879664663440849e+02
1.286949156225700790e+02
1.284999147702723405e+02
1.284241563336094316e+02
1.283880367006148902e+02
1.285939764652672466e+02
1.287615923891597731e+02
1.288500933223833727e+02
1.287374680024069562e+02
1.290277454569770157e+02
1.290381267242194667e+02
1.288465926507267909e+02
1.286127198492192178e+02
1.285381008577959676e+02
1.287051523816128622e+02
1.285506589713267260e+02
1.283542009811374669e+02
1.282365666476138131e+02
1.277945117652670888e+02
1.275500118841076187e+02
1.270606180647551327e+02
1.267278970351060110e+02
1.267554515506126194e+02
1.270257086369822872e+02
1.270966753908902831e+02
1.266027024150413638e+02
1.265885882980215200e+02
1.269783720182035012e+02
1.270892646648521236e+02
1.272012774392448051e+02
1.273952297366108013e+02
1.274295249864758119e+02
1.277469949358339392e+02
1.282292878139741390e+02
1.281911998120945952e+02
1.284759594061570738e+02
1.281979387940972117e+02
1.277958977718161577e+02
1.279554522947636030e+02
1.280358103987507548e+02
1.275109195946979526e+02
1.268999187825231303e+02
1.266463826086089171e+02
1.268347299076856842e+02
1.269441716239247882e+02
1.267718905292165630e+02
1.263554449790068048e+02
1.262580252313205023e+02
1.263212376073938827e+02
1.264254925327216057e+02
1.263287803360828718e+02
1.265543235717999835e+02
1.265397207795966068e+02
1.266865866460572079e+02
1.272389764101582870e+02
1.274737135456148422e+02
1.273067813592063118e+02
1.275017993527340820e+02
1.275371710633682198e+02
1.272496677407750099e+02
1.272016845866422159e+02
1.274360450370119366e+02
1.278747929666788821e+02
1.281159524915950385e+02
1.282383358500964903e+02
1.284427634849455728e+02
1.285280439241872159e+02
1.287353979032200186e+02
1.285004019224438707e+02
1.280610120428732159e+02
1.279000121645179320e+02
1.280202143075938750e+02
1.282628427349435185e+02
1.287907502373169280e+02
1.289603537750673183e+02
1.292124785606741852e+02
1.292651298592664659e+02
1.290354847063299530e+02
1.291267522286158567e+02
1.294209618470867724e+02
1.297989513606938203e+02
1.296151023845391137e+02
1.293081842268071284e+02
1.291193780068765307e+02
1.292518969766427688e+02
1.293857545218609744e+02
1.293189439614760659e+02
1.293322666277534267e+02
1.291032996239936494e+02
1.292356561858516386e+02
1.292481375614656542e+02
1.291799369307740051e+02
1.296767039704790250e+02
1.290875797681605377e+02
1.285329088567279427e+02
1.286190998552803819e+02
1.280192927831123484e+02
1.279386795789005191e+02
1.279784642211116932e+02
1.274529941627393441e+02
1.268818122855945916e+02
1.265068810965607184e+02
1.258453344409709587e+02
1.252175095363343047e+02
1.250277874104379521e+02
1.253209973842812133e+02
1.252131286709910825e+02
1.254274026979700807e+02
1.256034370686573283e+02
1.257408455238960272e+02
1.258392379029251629e+02
1.263022605080052614e+02
1.264467277858639278e+02
1.263906341271353853e+02
1.261319536637735155e+02
1.262342966300738283e+02
1.261760572020954214e+02
1.261576335374696640e+02
1.265430641792616484e+02
1.259626910901636307e+02
1.259825162526907292e+02
1.262045618714048061e+02
1.262672342135398367e+02
1.262093274884244778e+02
1.263528560489135799e+02
1.264978343928419804e+02
1.264826610028704152e+02
1.264269303059293748e+02
1.260878083898285382e+02
1.260280892826544488e+02
1.259677669521764756e+02
1.261088555072488333e+02
1.262917732396454937e+02
1.261533063026725898e+02
1.263366730330026115e+02
1.265218919525275538e+02
1.262645373257852413e+02
1.261257952785709620e+02
1.259048437157280631e+02
1.256816603189175510e+02
1.260218791100181051e+02
1.259210900101189736e+02
1.256980707172920262e+02
1.253515865831239182e+02
1.255268551344679366e+02
1.258251061964320314e+02
1.260051577741742932e+02
1.260254118931048168e+02
1.258842544374794272e+02
1.255800549873529235e+02
1.257576313003563371e+02
1.258157891922796949e+02
1.257129183760401645e+02
1.258110286626669705e+02
1.260313420835016984e+02
1.260922647308097595e+02
1.263154189200096909e+02
1.265812312323327262e+02
1.268093244771042976e+02
1.272013378556604266e+02
1.271124624804659646e+02
1.270630934146114157e+02
1.271748418329411976e+02
1.271665069019606591e+02
1.271984918201618342e+02
1.270287796163255933e+02
1.267765450669956380e+02
1.267641869363587972e+02
1.263072595316758964e+02
1.264921813451268946e+02
1.265577589344717353e+02
1.266239989237088110e+02
1.271353524481913695e+02
1.273690428769607763e+02
1.275242857343031773e+02
1.281255411457610194e+02
1.282480213593545102e+02
1.284525468276312949e+02
1.286187341693240285e+02
1.285845799690138733e+02
1.283884646151661286e+02
1.282711763789543511e+02
1.283951276555103789e+02
1.283183107631429323e+02
1.285235462253959895e+02
1.284884305307027432e+02
1.281297278087905624e+02
1.280906341502939938e+02
1.284147819699936690e+02
1.288634161313067068e+02
1.288317334659668347e+02
1.289209428949155551e+02
1.289706493888035936e+02
1.292228781705089489e+02
1.290736143136454359e+02
1.292864791046923472e+02
1.291378576815067731e+02
1.285836946277848369e+02
1.282259541694792233e+02
1.277837920903833719e+02
1.277008000912967134e+02
1.280614142336328882e+02
1.281428426602358570e+02
1.283059016770054086e+02
1.285918198757628375e+02
1.287190099755184463e+02
1.288474848237555364e+02
1.290580654785410388e+02
1.293111772510517881e+02
1.293244214657086388e+02
1.290953752178875789e+02
1.293488638564521409e+02
1.296857210671228700e+02
1.298239606738621887e+02
1.297615764382445889e+02
1.297389660992372455e+02
1.295141071709468292e+02
1.294081890615617567e+02
1.293012010722849254e+02
1.295567687598841928e+02
1.296128977372563043e+02
1.295887855931875663e+02
1.298472581749368260e+02
1.299871294696333734e+02
1.299667974440746150e+02
1.305119166101760584e+02
1.307797137476530622e+02
1.308885997451043295e+02
1.309177775203070553e+02
1.310684621417242681e+02
1.312206688300244934e+02
1.312936048788122889e+02
1.316097018977903019e+02
1.316057594927175955e+02
1.318846055482000281e+02
1.318834399476768340e+02
1.322863029774513564e+02
1.324508110883341487e+02
1.324553647356912620e+02
1.321367320562535213e+02
1.312896283396497665e+02
1.312016447875253391e+02
1.312743886742678683e+02
1.315902915901700112e+02
1.318285773638076250e+02
1.317864417816241485e+02
1.320671129107315949e+02
1.321890029401330935e+02
1.325545484243769181e+02
1.322773216407850327e+02
1.322801228694794986e+02
1.322021443126056113e+02
1.323253982955615982e+02
1.321266649450117541e+02
1.316430959040520747e+02
1.311546423273253765e+02
1.310248912397223080e+02
1.311362537774977568e+02
1.313699533106036768e+02
1.316464174854583575e+02
1.318448661469273304e+02
1.322877435827548425e+02
1.320482258411667544e+02
1.316042685264308147e+02
1.313982510367989107e+02
1.310285364008068427e+02
1.309783195967748384e+02
1.304023430270455037e+02
1.303458010374199318e+02
1.301270717549692790e+02
1.302293654090603070e+02
1.303730963727878134e+02
1.299526225987750365e+02
1.297703258573492064e+02
1.297478038963118649e+02
1.294826301982946006e+02
1.295784143417124596e+02
1.291499134764765415e+02
1.287978924004817998e+02
1.286039317176587531e+02
1.286908401188469213e+02
1.287786263826735649e+02
1.284228549319937258e+02
1.284271261939330770e+02
1.282698244383161921e+02
1.281513378164806909e+02
1.282336745621019531e+02
1.283572470324257608e+02
1.283204515479050656e+02
1.283640924726315689e+02
1.286101944167997999e+02
1.291012064816156339e+02
1.291123297794102029e+02
1.292043735145559822e+02
1.291761348631873716e+02
1.287839746092802216e+02
1.288322975851313856e+02
1.283962601870009053e+02
1.282386466535370175e+02
1.284834814682189688e+02
1.289328095638575462e+02
1.291442520847047604e+02
1.289941940249537708e+02
1.288426202272262060e+02
1.289723436638649332e+02
1.293862057210758110e+02
1.290769754758341605e+02
1.282393691675093521e+02
1.275953223914233661e+02
1.275912347388115933e+02
1.274254896351634159e+02
1.268136258941043764e+02
1.263571978728330265e+02
1.259769675483153151e+02
1.257141086346622814e+02
1.258526349845075316e+02
1.259521565500076719e+02
1.258102591414220512e+02
1.255861203448707215e+02
1.254001215604753270e+02
1.252122440004802968e+02
1.250224686873538360e+02
1.250327966538925608e+02
1.254876733877704282e+02
1.255431044320907006e+02
1.257203075071626870e+02
1.252124318254170419e+02
1.251842745711281140e+02
1.249942167385132592e+02
1.246810270085991874e+02
1.248091181905041793e+02
1.250193113035397658e+02
1.254336477813531019e+02
1.254885331124782226e+02
1.258268011237154553e+02
1.253604051754699640e+02
1.246064698742117827e+02
1.245721917921336939e+02
1.243355472647808710e+02
1.243793406714962799e+02
1.243427683550467151e+02
1.245886549040876474e+02
1.246350049536234224e+02
1.248434393470946873e+02
1.247307468152474144e+02
1.241724715305529969e+02
1.236893651823766191e+02
1.232417830125014149e+02
1.231533161742441678e+02
1.230639557315594033e+02
1.230949047793529161e+02
1.224797017973264133e+02
1.225855573710367565e+02
1.225712700717540287e+02
1.228800707795498113e+02
1.231515866460102870e+02
1.230622087333435957e+02
1.230931401346903726e+02
1.232051920552428044e+02
1.236416081366082835e+02
1.233147556935438729e+02
1.230250057510545076e+02
1.224090967182367393e+02
1.222718148669065101e+02
1.221331463302082767e+02
1.220738851820286754e+02
1.216907931131600833e+02
1.219098920334957086e+02
1.222524161954496975e+02
1.222751678741922063e+02
1.220557251254460454e+02
1.222381061873193602e+02
1.223819254417368967e+02
1.214766923653906048e+02
1.208855478438286468e+02
1.206116644887163432e+02
1.207390550391070008e+02
1.208677323627346425e+02
1.209169013764998795e+02
1.208857589661612337e+02
1.210967262284458457e+02
1.211078042711569225e+02
1.212402063345021332e+02
1.211719255904065022e+02
1.211837632226329902e+02
1.212361244673059133e+02
1.210465903710162223e+02
1.210167579505210824e+02
1.210270282328495739e+02
1.207949780129789303e+02
1.202777555686659952e+02
1.198765207764305387e+02
1.197944654307377164e+02
1.197923893239771616e+02
1.187397871959371400e+02
1.178381688847850484e+02
1.171698675603886812e+02
1.167372399599890542e+02
1.167042827878673421e+02
1.163073563513812587e+02
1.161488447993750412e+02
1.158271159589645833e+02
1.158657736959236360e+02
1.160260340362867595e+02
1.161879131679662294e+02
1.160685991595620550e+02
1.159076759187491206e+02
1.159471473926763991e+02
1.161486337299759697e+02
1.161905391211879959e+02
1.160712516375637335e+02
1.159911632702665116e+02
1.159506699699657588e+02
1.159905757272379958e+02
1.158692684113515554e+02
1.157467357690422745e+02
1.156633694636791176e+02
1.150539085491703020e+02
1.145190995446167506e+02
1.143829288329464475e+02
1.143665947807537009e+02
1.139056512936905960e+02
1.134400518118086296e+02
1.130505573856654564e+02
1.126975327127929205e+02
1.126641744573670110e+02
1.124284590478449957e+02
1.123923828766115207e+02
1.122751342187994794e+02
1.120758931503023490e+02
1.115918112629317989e+02
1.114664760231632101e+02
1.115418949728922939e+02
1.111736312857498916e+02
1.110036679654039489e+02
1.105491595610140081e+02
1.104132924858727023e+02
1.106396893796693917e+02
1.104239286663326283e+02
1.105696249154874380e+02
1.105551766823107158e+02
1.102981582649597954e+02
1.100789477423840310e+02
1.101403512549334067e+02
1.101215669241752266e+02
1.104258251759342357e+02
1.103695203797316253e+02
1.102318387674055771e+02
1.097695341084911718e+02
1.094641758671621972e+02
1.088729049163256235e+02
1.086392978952786024e+02
1.079992908033113963e+02
1.076356472760720351e+02
1.076319669455274948e+02
1.074666332783106526e+02
1.074612457356671058e+02
1.070517633693609270e+02
1.068805690599602940e+02
1.066268374343034679e+02
1.067745832669730959e+02
1.065197810777506362e+02
1.066260414926774160e+02
1.066121631239162753e+02
1.064365284079963345e+02
1.063399276848448807e+02
1.064039673584291137e+02
1.065494619782113261e+02
1.064135979577890367e+02
1.063167656139285953e+02
1.063805713272005562e+02
1.062430013406065541e+02
1.062252538794008387e+02
1.060861150296975381e+02
1.060667828582805612e+02
1.060068513720006962e+02
1.059463145171720981e+02
1.058447621385579112e+02
1.060654163015737481e+02
1.054802184864377921e+02
1.055759782691292088e+02
1.055514932011406444e+02
1.050419123243842279e+02
1.047292043680651119e+02
1.040901054222879765e+02
1.035253590124119114e+02
1.036821808206182283e+02
1.035173543642610667e+02
1.037144993578392729e+02
1.035499993513528523e+02
1.033838377286393921e+02
1.028927653824636650e+02
1.030836013964278806e+02
1.027511125216446572e+02
1.023748611329742175e+02
1.017119809423981138e+02
1.010828090327256064e+02
1.010533424572985979e+02
1.009023661184831298e+02
1.008710768873571766e+02
1.003142190781380805e+02
9.959012028094768709e+01
9.893951543530057791e+01
9.844395498515197573e+01
9.830702523752746913e+01
9.820911640154287170e+01
9.823143070862909099e+01
9.817316233194866015e+01
9.738703265853402513e+01
9.695659864498375669e+01
9.648141277271108152e+01
9.600142704314231423e+01
9.592063337691135416e+01
9.490973068374921695e+01
9.421184917550394289e+01
9.306247391465043961e+01
9.291158981277823159e+01
9.263796950785685169e+01
9.244239344227943889e+01
9.228524590129262606e+01
9.168206656696209222e+01
9.099198643127499508e+01
9.037574386997479792e+01
8.951085239391369441e+01
8.879884080193325246e+01
8.795842505245765608e+01
8.735194449743197254e+01
8.714337828023438703e+01
8.693270533357001284e+01
8.651788417532335984e+01
8.626048906598337851e+01
8.571766572321537581e+01
8.500774315476292031e+01
8.429064965127572862e+01
8.368752490027840452e+01
8.303790393967528871e+01
8.266454943401512878e+01
8.200459538789431235e+01
8.158039938171133088e+01
8.111151452698129560e+01
8.067829750200131400e+01
8.048312878990030583e+01
7.963952403020232396e+01
7.902982225272960193e+01
7.877759823508054637e+01
7.807838205563683687e+01
7.733169904609778200e+01
7.702191822838149449e+01
7.691102851351686809e+01
7.607174597324926424e+01
7.518358179116086148e+01
7.432685029410187383e+01
7.390590938798167997e+01
7.323829231109267823e+01
7.236191142534624987e+01
7.115344588418817295e+01
7.045802614564459532e+01
6.991719812691371772e+01
6.969413952213508878e+01
6.942842375973239655e+01
6.863477147447709115e+01
6.803512270149199992e+01
6.730820474898195016e+01
6.693758055452710209e+01
6.644200056012851974e+01
6.594141470720050791e+01
6.495092394666707492e+01
6.415244843097680416e+01
6.350752366765339474e+01
6.277527643197305451e+01
6.203563275956881284e+01
6.149053814097862158e+01
6.130357387977645089e+01
6.103391300987517809e+01
6.007465960593457766e+01
5.890369657165106076e+01
5.828656219358689583e+01
5.738036585210793561e+01
5.654582409303833401e+01
5.558164049801854389e+01
5.468852575557428963e+01
5.386719773290334246e+01
5.323959366959938677e+01
5.224201380767621572e+01
5.147678162391535039e+01
5.025937537769229380e+01
4.943371250271948725e+01
4.859970959870653218e+01
4.808051474616831911e+01
4.743486337996800017e+01
4.633824583835148303e+01
4.551337963469862302e+01
4.476098952999853253e+01
4.371817124242277686e+01
4.298805176002304762e+01
4.221015329295254759e+01
4.122237706358848186e+01
4.054785561978633979e+01
3.990692486847104448e+01
3.917871198835462820e+01
3.795829493773195651e+01
3.628110599770904798e+01
3.466778383606968106e+01
3.344220589501994567e+01
3.301232918688877049e+01
3.241649412817051257e+01
3.177423649310146914e+01
3.080225908394088918e+01
2.986086776155643463e+01
2.886956339551155537e+01
2.794905393486014944e+01
2.681722619682845021e+01
2.571436989578625898e+01
2.484279787453162669e+01
2.367959381265818308e+01
2.238342809359410168e+01
2.131659403393345542e+01
2.044100407468025438e+01
1.947576169159620818e+01
1.858157746625879270e+01
1.723391663258463069e+01
1.567062286119661429e+01
1.441477056686525238e+01
1.310582885541944975e+01
1.198568571254489079e+01
1.061180375004534504e+01
9.547276515197316016e+00
8.391188399189202229e+00
7.587058989080008864e+00
6.007130291999995819e+00
4.492050799999993238e+00
3.486919999999997799e+00
2.108000000000000540e+00
1.199999999999999956e+00
