1.287338297572237877e+02
1.290644745022471227e+02
1.292772469719664628e+02
1.296941888605714723e+02
1.301153422834062496e+02
1.306215578620276858e+02
1.305672301636624013e+02
1.295830607713765801e+02
1.289525866377546208e+02
1.288814006441964466e+02
1.287286875193895810e+02
1.288976641610003639e+02
1.287047112737381269e+02
1.284694053270080474e+02
1.285145508353610353e+02
1.286409604397596240e+02
1.287686469088476713e+02
1.286147948574224813e+02
1.286614089468903614e+02
1.284660696433234364e+02
1.285515854983076451e+02
1.287995813114211501e+02
1.290096780923448136e+02
1.292623011033787463e+02
1.294770718215941088e+02
1.298556281026209831e+02
1.302380081844649453e+02
1.305434426105701391e+02
1.308923662733039350e+02
1.306791578518222821e+02
1.306254119715382558e+02
1.309347595672102216e+02
1.310048076436463589e+02
1.312371794380265726e+02
1.312698782202290602e+02
1.310200790103322390e+02
1.310101808185180232e+02
1.311617988065829934e+02
1.308705038450335678e+02
1.309803069141753156e+02
1.310912191052279638e+02
1.309204233386135172e+02
1.306670942814286605e+02
1.306940346277054346e+02
1.302768026542475184e+02
1.301785885396447213e+02
1.306046348885291764e+02
1.304289241298281468e+02
1.303322465957853922e+02
1.303558046422073744e+02
1.297331360022297417e+02
1.296294303052825683e+02
1.294438689952349080e+02
1.293776454497325119e+02
1.293107529795281039e+02
1.293643969490178165e+02
1.295801989384021056e+02
1.291517160993959408e+02
1.289613293933298053e+02
1.292538680740695725e+02
1.295897657313842615e+02
1.295250158902868520e+02
1.297020362528154749e+02
1.294768042957734622e+02
1.295725295916901132e+02
1.291843733249386901e+02
1.288731043686256328e+02
1.288415195642675997e+02
1.285267874386558447e+02
1.282896842814695049e+02
1.278481659408773226e+02
1.276042080210890362e+02
1.272769777990800151e+02
1.268656341404851986e+02
1.265309435762471679e+02
1.263140844204517634e+02
1.263374590105572253e+02
1.266034939500577394e+02
1.269934282323816461e+02
1.270236648811940228e+02
1.272158231123179348e+02
1.270058819316337946e+02
1.269554362945786181e+02
1.272277134288676876e+02
1.273007206352194345e+02
1.272532531668883138e+02
1.271244981483725809e+02
1.269944425741139327e+02
1.267418611859739741e+02
1.270119809959326602e+02
1.271636171676093028e+02
1.271551688561706186e+02
1.275102715718895467e+02
1.274649207796868922e+02
1.274191118986731794e+02
1.275344564633065403e+02
1.275701580437435467e+02
1.270001596401447870e+02
1.265456157981264340e+02
1.262480967657839983e+02
1.263920169351353309e+02
1.266990070051873545e+02
1.270495020254415124e+02
1.272419212378201507e+02
1.274766881190105892e+02
1.276734223424338808e+02
1.278721437802364136e+02
1.282748927073105278e+02
1.281968613205151541e+02
1.282392538591058724e+02
1.279184382415209740e+02
1.277964022641629640e+02
1.274711133981443112e+02
1.273849630284289418e+02
1.274191545741707330e+02
1.274536914890611996e+02
1.274885772616787278e+02
1.275238154158372907e+02
1.278018337533699906e+02
1.279210441953239581e+02
1.280414587831542690e+02
1.282034937203582672e+02
1.285287815357155239e+02
1.288977591269851359e+02
1.292300597242272033e+02
1.294849088123503407e+02
1.295807159720711752e+02
1.290714302748200453e+02
1.289610406816354669e+02
1.290111522036727081e+02
1.289405577814875699e+02
1.287884422035236014e+02
1.283923658621440609e+02
1.282751170324692112e+02
1.283183000327968841e+02
1.284831313462595972e+02
1.287304357032927271e+02
1.287378138417103912e+02
1.285028422643537738e+02
1.285079214791449829e+02
1.285938600799449887e+02
1.284382425049942640e+02
1.286446893989832461e+02
1.286512014131153023e+02
1.284961630435506947e+02
1.283395586298495914e+02
1.283833925554031907e+02
1.289125177327302936e+02
1.292449674067989633e+02
1.292575428351503319e+02
1.287045887223742682e+02
1.284288774973470595e+02
1.285140176740883931e+02
1.285192097718062882e+02
1.285244543149566425e+02
1.284489437524808864e+02
1.284130744974551135e+02
1.283364388863183194e+02
1.280974130164836140e+02
1.275327404206896631e+02
1.269623640613038873e+02
1.272751152134379140e+02
1.273081971852914478e+02
1.273820173588804323e+02
1.269717347059388999e+02
1.267189239453925751e+02
1.266655797428210661e+02
1.266116967099206221e+02
1.269613098080008768e+02
1.270720301090916422e+02
1.273050809182741858e+02
1.270152332507821598e+02
1.271264982331126276e+02
1.269560588213268915e+02
1.269455139609357275e+02
1.272984989504399351e+02
1.274530292428687801e+02
1.275283123665337399e+02
1.275639518853885477e+02
1.277615675609976336e+02
1.281227955161596128e+02
1.283260560769288645e+02
1.281677334110387960e+02
1.281290236475147424e+02
1.281303269166813834e+02
1.281720473905874371e+02
1.281333812026130943e+02
1.279327082854682374e+02
1.274067760459273870e+02
1.272795717635627994e+02
1.271914866298624815e+02
1.273045319493546259e+02
1.276207393427830965e+02
1.276573124674578850e+02
1.277750630984420752e+02
1.280152152509516270e+02
1.280153689403553585e+02
1.284599686266216167e+02
1.285454228551741380e+02
1.284297200557306837e+02
1.287168889451833138e+02
1.286029181264466104e+02
1.286898162893406266e+02
1.291412285750919580e+02
1.291123520960529447e+02
1.290831839354064527e+02
1.288921049852588965e+02
1.288607121063216141e+02
1.289906182892138418e+02
1.292430487769842955e+02
1.294576250272566256e+02
1.293915404315723663e+02
1.292439802339119979e+02
1.291353335696081785e+02
1.293488217874827910e+02
1.295240624115982655e+02
1.297818812238372175e+02
1.298402840644812386e+02
1.299396808732137742e+02
1.296764453264790973e+02
1.294509548752310764e+02
1.291827827022535473e+02
1.290331138406603486e+02
1.290031452935964182e+02
1.288112578723189472e+02
1.288194523962817470e+02
1.290701539356384160e+02
1.297678322582200394e+02
1.299069012709301774e+02
1.300473750211412778e+02
1.299064394152948978e+02
1.297640802174697399e+02
1.300243234519889199e+02
1.300851752040295821e+02
1.301870456606355049e+02
1.304919653137739601e+02
1.305979447613871685e+02
1.301797421832190480e+02
1.306462042254744915e+02
1.305113173994681404e+02
1.309003206055232624e+02
1.313740612177003584e+02
1.314889507249500582e+02
1.311201522474245564e+02
1.305860123711355527e+02
1.301676892637738661e+02
1.302703931957312591e+02
1.304953466623545069e+02
1.306013602650048142e+02
1.307892527929346045e+02
1.308982351443780203e+02
1.309275102468464809e+02
1.311995052998443896e+02
1.308277831311565080e+02
1.304119021526839504e+02
1.304362648006906227e+02
1.305416816168589094e+02
1.305269511281401265e+02
1.302696476041816425e+02
1.304137854587700645e+02
1.306401873320911022e+02
1.309496841738291835e+02
1.310602870442718881e+02
1.309699869134061316e+02
1.310403908216215711e+02
1.312327180016379202e+02
1.313461797996345410e+02
1.310971513127623211e+02
1.315728801139020163e+02
1.315685657716177843e+02
1.314429957289070217e+02
1.318010057867744251e+02
1.320414199866409035e+02
1.322034545319606877e+02
1.323671257898593581e+02
1.324112381715751212e+02
1.326578163349242914e+02
1.329472892271957107e+02
1.331184739668646273e+02
1.329277514816817813e+02
1.327351025067483761e+02
1.332273762694436527e+02
1.334417942115588005e+02
1.337391860722811714e+02
1.340799859315972640e+02
1.342626120521190387e+02
1.344470828809282636e+02
1.345526089706344521e+02
1.346592009804381291e+02
1.347668696772106216e+02
1.347948178557680592e+02
1.349846645007762618e+02
1.348936005058346268e+02
1.348420207129641994e+02
1.348707279928929950e+02
1.352633616089829047e+02
1.354175369787704710e+02
1.352096333118897178e+02
1.349188215271611853e+02
1.346250722496580465e+02
1.348940123733927976e+02
1.354080933064561805e+02
1.358869629358139832e+02
1.359666292280952860e+02
1.358854840687829437e+02
1.357227111805891298e+02
1.357603143238270889e+02
1.360407215392188505e+02
1.355562843830498707e+02
1.353093781646970228e+02
1.348175537017145587e+02
1.339975289916306735e+02
1.332904333248790181e+02
1.331418518433126508e+02
1.330725776195079106e+02
1.329621996156645878e+02
1.329315147632976277e+02
1.328601159225223682e+02
1.328688039621443693e+02
1.322311151132770703e+02
1.320718334477547842e+02
1.318705388361157418e+02
1.318692311475923589e+02
1.318275062096890906e+02
1.318661678885746937e+02
1.316627958470455155e+02
1.316189857040866684e+02
1.313727128324098601e+02
1.312451644771815040e+02
1.307930954314973349e+02
1.311041367994920392e+02
1.310950876762548489e+02
1.310455431073274042e+02
1.309954980882095583e+02
1.309853516042522585e+02
1.311367187921739514e+02
1.308855745375500987e+02
1.303490651894445591e+02
1.306556214034787331e+02
1.305612337408878147e+02
1.308295290312000816e+02
1.306964939709089890e+02
1.301580747180899493e+02
1.296546209273628847e+02
1.293076979064276486e+02
1.291592908145739500e+02
1.290901927419934054e+02
1.286971643858512380e+02
1.288254185715672691e+02
1.292782005773400726e+02
1.292911116942840977e+02
1.294253653477611010e+02
1.293993589371326891e+02
1.293730898354872352e+02
1.295081715509971900e+02
1.297658298494924622e+02
1.296624543934269411e+02
1.296388428216435500e+02
1.297362048703465689e+02
1.299557624952997799e+02
1.300967297932318729e+02
1.301987169628605159e+02
1.298976939018790233e+02
1.301592867695751465e+02
1.302619058278536386e+02
1.302443493210645045e+02
1.301458073950147138e+02
1.303290983788022288e+02
1.303122205846494808e+02
1.304567884693424276e+02
1.309260489589314034e+02
1.311980292514463144e+02
1.315939689408549498e+02
1.316302716574296312e+02
1.317881531893219460e+02
1.319880335245670437e+02
1.315838722470376752e+02
1.319029012596344046e+02
1.321443447067020429e+02
1.319033784916178433e+02
1.320640186784019363e+02
1.320242612913144455e+02
1.317820821124388715e+02
1.322243253661005440e+02
1.320245710768691367e+02
1.321056273503727141e+02
1.325107346973464075e+02
1.325158936336829640e+02
1.321978723572557044e+02
1.323210831891473163e+02
1.324859426153004733e+02
1.323696390053538607e+02
1.325753929347011706e+02
1.329044373077784940e+02
1.328731689977565793e+02
1.326395646441983445e+02
1.324844087315141792e+02
1.324488977086001000e+02
1.324938360692927404e+02
1.319735717871643033e+02
1.320541129163280516e+02
1.321758716326539229e+02
1.325008804370241364e+02
1.327483640778028189e+02
1.327963273513155968e+02
1.328851791427426292e+02
1.330153324674175792e+02
1.330659923913305249e+02
1.331575680720508217e+02
1.332904728000510772e+02
1.328186593939914815e+02
1.327461205999912011e+02
1.330364854545368587e+02
1.330873590449863286e+02
1.333003626717038514e+02
1.331518814865686693e+02
1.328402843298680409e+02
1.324851356867354752e+02
1.322476118047830766e+02
1.324521331361447665e+02
1.327395284203480514e+02
1.325045741619682929e+02
1.322268425878461073e+02
1.325119622099455512e+02
1.329615779898437893e+02
1.331329070604488152e+02
1.326595020812608823e+02
1.326661637184454605e+02
1.323496603216620997e+02
1.326360205269309347e+02
1.327232530575071223e+02
1.328113667247545493e+02
1.329811785098528958e+02
1.327486651614673860e+02
1.325542072338057551e+02
1.319537446806118339e+02
1.314684289703148181e+02
1.314226555255704056e+02
1.315784399248186389e+02
1.319782221462815528e+02
1.320992142891733181e+02
1.322618326153266253e+02
1.324260935508353327e+02
1.330364581321571507e+02
1.331277354870270813e+02
1.330583186737646884e+02
1.328669885593583899e+02
1.331181702619783209e+02
1.330890608706856142e+02
1.328576372431165851e+02
1.329471083263802882e+02
1.331586952791720364e+02
1.332512073526989411e+02
1.335466740936346923e+02
1.338451253471054088e+02
1.337829548960665136e+02
1.340837928243094268e+02
1.342260533578887873e+02
1.342889427857458884e+02
1.342716593795414326e+02
1.344158175550921897e+02
1.347634520758508927e+02
1.347509616927792138e+02
1.348191532250285150e+02
1.352112658838672701e+02
1.355669352362299378e+02
1.358453891275046885e+02
1.356822112399046034e+02
1.355577891312151735e+02
1.359573627588044360e+02
1.355528916755596924e+02
1.354271633086462998e+02
1.353809730390372579e+02
1.355767404434714365e+02
1.355320610540109953e+02
1.351636980343550647e+02
1.353168667013692641e+02
1.352695623246150944e+02
1.354642043682983115e+02
1.355396003720177589e+02
1.356561619919373243e+02
1.360567292847848364e+02
1.362189184694800019e+02
1.363019378479595503e+02
1.363857958060197006e+02
1.363088846525448332e+02
1.361907925783285691e+02
1.362331238164929061e+02
1.363162866833256430e+02
1.358346330134613709e+02
1.349440737509715404e+02
1.343677512636065217e+02
1.343512639026329225e+02
1.341729938410438479e+02
1.341949432737815471e+02
1.337726699735169120e+02
1.333865353267844398e+02
1.329965003300853539e+02
1.323196973031163282e+02
1.322017144475927637e+02
1.321633479268614906e+02
1.319629777039002079e+02
1.317201794988894505e+02
1.314749287867570331e+02
1.319140694815721702e+02
1.315091610924971519e+02
1.317062233257549906e+02
1.318648720462172150e+02
1.320655273194113022e+02
1.320661892115262219e+02
1.317840295065925318e+02
1.317818479864570804e+02
1.312139878651080664e+02
1.312464523889979375e+02
1.307943963525232789e+02
1.305397942954780319e+02
1.303634285812906342e+02
1.303468975568589201e+02
1.305322197544032008e+02
1.303153734892964621e+02
1.300963368578751727e+02
1.304811483412878488e+02
1.308698468093823521e+02
1.306968149589715722e+02
1.303200151100719495e+02
1.302222374849211803e+02
1.297598358433550345e+02
1.292927634781365782e+02
1.292250136142793338e+02
1.295202157719990339e+02
1.294143593656560256e+02
1.291862215814702779e+02
1.287133551327980001e+02
1.285993486189885004e+02
1.282821703222106748e+02
1.277193639618285914e+02
1.279185494563927250e+02
1.281601509660532372e+02
1.282829807737913654e+02
1.283666472462536206e+02
1.284915628750038081e+02
1.286985483585893917e+02
1.286652003622117775e+02
1.285911114769815811e+02
1.287586984615976462e+02
1.285643418804015425e+02
1.286508503842437960e+02
1.289402529133772646e+02
1.291113665791694132e+02
1.290821884638073129e+02
1.291739277412193587e+02
1.291857855971913125e+02
1.290765511082742023e+02
1.294106576851260115e+02
1.293845027122482918e+02
1.296409118305535912e+02
1.302231432631851931e+02
1.302051952153391881e+02
1.303890860760998862e+02
1.302920061374748855e+02
1.300727334721966031e+02
1.298916499719164790e+02
1.297491413857734130e+02
1.292011529149230853e+02
1.291728817322452869e+02
1.290231128608539564e+02
1.286698109705592401e+02
1.287977888591505291e+02
1.287654432920715522e+02
1.284095386788605140e+02
1.280500390695559076e+02
1.276465041106624767e+02
1.277641455663255385e+02
1.278021672387124568e+02
1.278405729683963159e+02
1.278389625943404297e+02
1.277565278730708940e+02
1.281177049222938535e+02
1.284421261841350201e+02
1.283657840243792521e+02
1.285310949741204354e+02
1.284152474486060669e+02
1.281770176248545852e+02
1.277343612372277164e+02
1.271660214517446974e+02
1.260262842946920330e+02
1.258043275703958415e+02
1.258225531014096106e+02
1.258409627286961978e+02
1.258595583118148511e+02
1.259187457695093855e+02
1.258169149186967246e+02
1.257140554734307472e+02
1.253677328014457828e+02
1.248158917186318035e+02
1.247029209279106965e+02
1.249928494221318260e+02
1.247200499213457761e+02
1.247677271932789722e+02
1.246946739326047862e+02
1.249441150834390299e+02
1.248728435186252170e+02
1.250028722410351634e+02
1.252150224656918311e+02
1.255101237027198522e+02
1.256465895987066546e+02
1.261076662613197215e+02
1.259673396578984637e+02
1.260276158160594093e+02
1.258056725414744079e+02
1.259047197388627666e+02
1.256411310493562610e+02
1.256981121710675211e+02
1.258364769404721244e+02
1.255317948893657700e+02
1.252644392821877943e+02
1.253580194769567271e+02
1.254121408858153188e+02
1.254668089755711833e+02
1.254816252278498041e+02
1.259410355836866273e+02
1.262030662461480972e+02
1.265081477233818958e+02
1.265738865892748777e+02
1.264786733224998159e+02
1.265845185075751544e+02
1.266510287955309337e+02
1.268798270661928314e+02
1.269897243092857195e+02
1.268583073831168804e+02
1.272912195789058813e+02
1.275264844231369494e+02
1.276429135587245014e+02
1.280433470290147966e+02
1.285286333626410453e+02
1.286955892551928855e+02
1.290258477325182298e+02
1.287129775075943883e+02
1.283565429369640469e+02
1.283601443807714304e+02
1.284849943240117511e+02
1.286111053777895279e+02
1.286576821997876436e+02
1.289471537371590841e+02
1.285526805425853354e+02
1.282350308510960417e+02
1.275101321728237735e+02
1.271819516897210320e+02
1.274161128179002134e+02
1.277738513312122848e+02
1.278523750820325944e+02
1.278508839212449431e+02
1.282938221426719849e+02
1.281755779218907207e+02
1.283793716382732839e+02
1.284236077154275790e+02
1.280238461771998573e+02
1.280644910880806435e+02
1.277823142303847277e+02
1.277397113438229042e+02
1.278986983270942375e+02
1.278168669970642810e+02
1.278958252495600760e+02
1.280159851005656435e+02
1.279757425258239749e+02
1.278946894200240934e+02
1.278936256767921833e+02
1.280541673502946480e+02
1.278930983336318974e+02
1.279324225592236104e+02
1.282953763224481634e+02
1.285407841640886772e+02
1.288694789536246503e+02
1.289186656097222965e+02
1.290087531411342638e+02
1.288977304455896160e+02
1.283411418642321848e+02
1.282637796608403562e+02
1.279028077382227053e+02
1.279826340790129535e+02
1.276996303828415193e+02
1.271713438210519058e+02
1.267993371929815254e+02
1.268680173666482887e+02
1.264525427945939242e+02
1.264369119137314499e+02
1.264615271855871299e+02
1.265267951369564088e+02
1.261482779161177916e+02
1.261295736526440265e+02
1.258278521743880560e+02
1.260079314892807929e+02
1.263918499891727123e+02
1.267392424133058313e+02
1.266861034477840633e+02
1.267536398462458749e+02
1.261349897436827234e+02
1.258333229734170828e+02
1.258922454276938367e+02
1.258305509370643875e+02
1.259298494313787700e+02
1.257877266983621496e+02
1.262906330286486281e+02
1.263541747764130747e+02
1.260143179559723592e+02
1.260346646019925032e+02
1.254491561636282881e+02
1.253829860238673177e+02
1.248717030544113413e+02
1.243148515701124950e+02
1.242372238081947273e+02
1.245628523315096885e+02
1.246493457894039665e+02
1.247367129185896033e+02
1.246229423420101057e+02
1.245484266080905371e+02
1.242307339475663355e+02
1.243946807551175340e+02
1.246814957122404479e+02
1.244863593052931918e+02
1.246932922275687616e+02
1.248215073005742966e+02
1.247894013137112239e+02
1.245549508219307029e+02
1.240757079009401451e+02
1.239956645464041287e+02
1.240360247943472700e+02
1.245616412064114655e+02
1.242440820266781571e+02
1.240849313400795069e+02
1.240049811515953309e+02
1.236413951026214448e+02
1.230721162652742890e+02
1.228607235002769755e+02
1.226875994952296622e+02
1.227147469648784011e+02
1.229037848130082722e+02
1.228523078919272962e+02
1.228003110019468807e+02
1.225457686888352384e+02
1.224502714028641890e+02
1.217073448513774991e+02
1.210377220720983331e+02
1.207249717899989747e+02
1.201262341313116337e+02
1.200871051831435210e+02
1.199667729122657676e+02
1.196028009214808776e+02
1.191947484055360889e+02
1.187825741470060734e+02
1.188914890373803814e+02
1.187994838761419345e+02
1.184237210870115291e+02
1.180037586737495587e+02
1.180644027007570145e+02
1.177620229300574977e+02
1.176586090202598598e+02
1.178773828487472741e+02
1.183003867159065123e+02
1.182024108241478331e+02
1.183054654789374922e+02
1.184903691706438593e+02
1.185963324955997393e+02
1.192286186824238570e+02
1.186551703862870113e+02
1.181971418043304709e+02
1.180173149538688051e+02
1.177952676301706987e+02
1.174093612425965745e+02
1.168175366086831701e+02
1.166641783926096139e+02
1.165900791844541686e+02
1.164748274590443486e+02
1.166008358172167760e+02
1.165260967850678355e+02
1.165314108940076920e+02
1.161327382767752852e+02
1.161340790674501449e+02
1.157313929974239954e+02
1.156478717145698880e+02
1.154826987015854485e+02
1.154774734359449440e+02
1.155530034706515465e+02
1.154676802733855538e+02
1.151390709832174224e+02
1.145647181648661359e+02
1.142673920857232588e+02
1.138862546320435598e+02
1.135012673050946432e+02
1.132336033384794831e+02
1.130440437762419776e+02
1.126101452285272302e+02
1.123334800288152877e+02
1.120136161907227716e+02
1.118117335259824188e+02
1.120522560868507895e+02
1.121335920069198835e+02
1.117713050574950699e+02
1.110821263207020451e+02
1.107092185057598783e+02
1.105345641472319613e+02
1.102369334820524500e+02
1.102999328101540897e+02
1.102019523334885349e+02
1.099817700338272886e+02
1.101230000341686122e+02
1.101848485193624185e+02
1.101665136559215767e+02
1.097843572282037314e+02
1.092367244729329343e+02
1.090876004777103532e+02
1.092197984623333866e+02
1.091109075377104318e+02
1.093645530683944855e+02
1.090147000690849808e+02
1.088229293627124576e+02
1.084676054168811987e+02
1.081895004210921201e+02
1.083530307283756855e+02
1.084778088165410850e+02
1.086038472894351941e+02
1.084079265549854654e+02
1.082504308636216166e+02
1.078893241046681055e+02
1.074841657622909281e+02
1.073981472346373636e+02
1.073112598329672380e+02
1.073447069019870952e+02
1.069340473757444698e+02
1.065596438138832269e+02
1.059390341554379802e+02
1.057161961166036122e+02
1.058143395117209025e+02
1.055498378906270744e+02
1.052422604955831247e+02
1.049315762581644975e+02
1.047793699577421336e+02
1.048680504623657015e+02
1.048364146084504540e+02
1.048044592004549997e+02
1.042065244449039483e+02
1.036025499443474445e+02
1.035581312569166101e+02
1.035132638958752977e+02
1.032255190867427643e+02
1.028944637239825539e+02
1.027216805292752611e+02
1.026279601305813003e+02
1.028161213440215249e+02
1.027233548929509510e+02
1.025892473666170730e+02
1.024133811784008543e+02
1.023973547256574932e+02
1.023407623491490597e+02
1.020007700496454675e+02
1.015361313632785141e+02
1.009051831952307055e+02
1.006314981770007790e+02
1.004358567444451324e+02
1.003998552974194496e+02
1.001614699973933966e+02
9.988027272463949657e+01
9.963663911579747889e+01
9.935014052100750348e+01
9.918196012223005198e+01
9.840602032548493128e+01
9.729901042978282533e+01
9.622122265634618543e+01
9.590022490539989519e+01
9.569719687414142584e+01
9.581535037792060905e+01
9.544984886658635048e+01
9.475742309756236637e+01
9.442163949248691779e+01
9.408246413382518369e+01
9.390147892305586197e+01
9.327422113439996565e+01
9.272143548929273038e+01
9.236508635282089585e+01
9.212634985133416876e+01
9.216803015286282630e+01
9.176568702309376135e+01
9.131887578090287150e+01
9.046351088980081556e+01
9.028637463616232139e+01
8.970340872339653515e+01
8.915495830646106867e+01
8.880298818834455687e+01
8.848786685691382559e+01
8.849279480496323913e+01
8.857858061107391734e+01
8.822078849603441597e+01
8.741493787478202648e+01
8.720700795432543373e+01
8.687576561042969558e+01
8.690481374790878988e+01
8.657051893728170455e+01
8.667729185584002494e+01
8.613867864226247661e+01
8.551381681036633609e+01
8.512506748521849431e+01
8.448996715678632086e+01
8.405047187554177412e+01
8.324290088438570479e+01
8.291202109533904263e+01
8.225456676296862213e+01
8.207531996259463369e+01
8.173264642686336856e+01
8.122489538067003423e+01
8.083322765724244618e+01
8.096285621943685840e+01
8.048773355498677518e+01
7.988659955049172368e+01
7.903696924292088966e+01
7.801714064941505455e+01
7.722943499940929257e+01
7.639336868627174226e+01
7.571047342047658901e+01
7.542472062674409017e+01
7.485325315832733395e+01
7.472045773568410709e+01
7.442470478351935981e+01
7.339869170052463687e+01
7.236231484901482247e+01
7.163870186769172221e+01
7.058454734110277684e+01
7.036822963747762572e+01
6.998811074492678586e+01
6.960415226760282792e+01
6.905469926020492721e+01
6.789363561636857014e+01
6.712488446097835038e+01
6.655038834442264317e+01
6.540443267113390391e+01
6.452972997084233953e+01
6.396942421297217152e+01
6.352467092219398381e+01
6.303502113352933378e+01
6.258082942780740865e+01
6.167760548263377274e+01
6.104808634609481288e+01
6.021018822837861251e+01
5.984867497816017590e+01
5.928148987692936345e+01
5.858736351204995429e+01
5.776501364853535136e+01
5.725758954397503686e+01
5.646221166058089125e+01
5.541637541472815087e+01
5.440037920679612427e+01
5.369735273413752452e+01
5.335086134761371568e+01
5.231400136122596223e+01
5.110505188002618837e+01
5.012631503032951485e+01
4.929930811144404856e+01
4.850435162772126318e+01
4.766096124012256041e+01
4.688985983850761841e+01
4.635339377627035162e+01
4.544787250128322142e+01
4.441199242553867066e+01
4.381009335912994374e+01
4.295969026174741856e+01
4.242392955732060500e+01
4.200396924981882307e+01
4.109491843416042656e+01
3.981304892339441892e+01
3.835661507413574611e+01
3.623900512538967433e+01
3.470606578322185953e+01
3.340006644769883337e+01
3.236370348252407325e+01
3.155929644699399717e+01
3.066595600706461866e+01
2.968278384551981119e+01
2.820483216719175701e+01
2.719680016888052876e+01
2.621899006957627520e+01
2.515049501977399515e+01
2.415201517148889820e+01
2.306264158736252767e+01
2.171983998723485598e+01
2.052509089619684346e+01
1.923746555171397787e+01
1.761360156738784255e+01
1.670060764382610685e+01
1.585919964022839146e+01
1.496888852548323001e+01
1.390796820755880780e+01
1.287673556319071366e+01
1.195629854867749131e+01
1.086494802896714873e+01
9.681765685825411083e+00
8.244207763460002170e+00
6.792129053999997446e+00
5.042554599999991005e+00
3.598539999999996297e+00
2.746000000000000885e+00
1.399999999999999911e+00
