1.307712714573384574e+02
1.310012843003418936e+02
1.315164487882242668e+02
1.315115644325497612e+02
1.316278428611607865e+02
1.312604473345059830e+02
1.309701488227339610e+02
1.312021705280132551e+02
1.311941116444578483e+02
1.313475875196548941e+02
1.313409974945999750e+02
1.312131287824244339e+02
1.312455846287126349e+02
1.312379642714261934e+02
1.314726911832584051e+02
1.313865567507668004e+02
1.313399563139061854e+02
1.313736932463692710e+02
1.316097911579490471e+02
1.315654456140898105e+02
1.318438844586773939e+02
1.318827115744211937e+02
1.320431430044658043e+02
1.324880232368334418e+02
1.325333568048824873e+02
1.327407644493763144e+02
1.328694590397748527e+02
1.331206656967418951e+02
1.330915815118595731e+02
1.330622035473329561e+02
1.335577813609433235e+02
1.333310922837814587e+02
1.335465578624047964e+02
1.335621796589946371e+02
1.334567471302980550e+02
1.337946940710078252e+02
1.333683778495021670e+02
1.324125028782856646e+02
1.320934372507943237e+02
1.319731689401954497e+02
1.320133019597942621e+02
1.320942444038322776e+02
1.324184286907387786e+02
1.326246754451903769e+02
1.325097731769610334e+02
1.322320941181424416e+02
1.316283778971136371e+02
1.315034120172867063e+02
1.314579919366533147e+02
1.314525171077300456e+02
1.320934516239697700e+02
1.318923753777465322e+02
1.320125003815627451e+02
1.318914145268314257e+02
1.316882975018500588e+02
1.317255530321719732e+02
1.313591444769413954e+02
1.309890348251940111e+02
1.308576109345385703e+02
1.312097080146861572e+02
1.311209171865508267e+02
1.313544618045964967e+02
1.315499614187856139e+02
1.313029913321070126e+02
1.314979710425312192e+02
1.312504758005362362e+02
1.305560361621582786e+02
1.301778143052112853e+02
1.303210245507177092e+02
1.304252773239575731e+02
1.304901791151088730e+02
1.304749283990990421e+02
1.304191195950498923e+02
1.303627470657071967e+02
1.305078253188956694e+02
1.310584094130262827e+02
1.314529388010361970e+02
1.312857967687238272e+02
1.313189866350745945e+02
1.314737238738119061e+02
1.315088119937500153e+02
1.313422343371212548e+02
1.316992266031531358e+02
1.316153804072253024e+02
1.315306872800261999e+02
1.316875629091162239e+02
1.313207706152691969e+02
1.316775460760300405e+02
1.315934808848785167e+02
1.314681625099781286e+02
1.318668308181594284e+02
1.317846775941013391e+02
1.316612904990922743e+02
1.311326166657496515e+02
1.304773905714639852e+02
1.299771621933982431e+02
1.295526890842410523e+02
1.293259485699405218e+02
1.294605541110506124e+02
1.295561152636872180e+02
1.298546618825124597e+02
1.297521837197090804e+02
1.296890744643533537e+02
1.294233075397511072e+02
1.294780884239898171e+02
1.295738266908995797e+02
1.299533602938378181e+02
1.301347073675131014e+02
1.303582902702149227e+02
1.306245356264802240e+02
1.307722582085651766e+02
1.305174325339044117e+02
1.303408409433387192e+02
1.303644858013519183e+02
1.304287735367192624e+02
1.305341146835541224e+02
1.306001158419734338e+02
1.305455715575503746e+02
1.306924965227766791e+02
1.309621176997741259e+02
1.305879976765399988e+02
1.300888865419590275e+02
1.297463500423835967e+02
1.296023737801856441e+02
1.292953270506928902e+02
1.291871990411036393e+02
1.295628273142455953e+02
1.294574013275217794e+02
1.293509104318400489e+02
1.296877883149890636e+02
1.298260488030196882e+02
1.300869179828488029e+02
1.303100181644933002e+02
1.304141597621133712e+02
1.303173330930445672e+02
1.306235687808529917e+02
1.307308775564174823e+02
1.310412904610273870e+02
1.310316065262900906e+02
1.312238449760515664e+02
1.316604494707587207e+02
1.310913631017757837e+02
1.306377405068445228e+02
1.303411520271163226e+02
1.302031838657735818e+02
1.300234180462363156e+02
1.302458768143796135e+02
1.302281583983624671e+02
1.302506650488517721e+02
1.305562273220730560e+02
1.306224518404779076e+02
1.308509614550279707e+02
1.310817792475035333e+02
1.305876558055587395e+02
1.307754099046044871e+02
1.306014241460655967e+02
1.307489132788547863e+02
1.309787002816706263e+02
1.308067679612833274e+02
1.302694625871548908e+02
1.296863258456112362e+02
1.293801271167792493e+02
1.293940677947272491e+02
1.295697654492187780e+02
1.297876418678972357e+02
1.301693352200979916e+02
1.307165002223217982e+02
1.309459598205269231e+02
1.308545048692198236e+02
1.307621261305240523e+02
1.306688142732569133e+02
1.308169841144014924e+02
1.304818021357590396e+02
1.301432344805641605e+02
1.300436711924892847e+02
1.305895668611007636e+02
1.308177443041417121e+02
1.309674184890314166e+02
1.314014328172046646e+02
1.319206392092970361e+02
1.322026658679769184e+02
1.321643089575524073e+02
1.321659686439921870e+02
1.321272410545378762e+02
1.322497384389263857e+02
1.324946852918448030e+02
1.319744295877220281e+02
1.316509389774981855e+02
1.314453929065637681e+02
1.313185786934994042e+02
1.313520996904020421e+02
1.316687875660625764e+02
1.317462500667308234e+02
1.319457071381109756e+02
1.325512193314255569e+02
1.324355750822483628e+02
1.323187627093419678e+02
1.319987502114559845e+02
1.312310608196534361e+02
1.307384452723776178e+02
1.309277224973498903e+02
1.309976994922725453e+02
1.307047469618921696e+02
1.308936837998912495e+02
1.310845290907990659e+02
1.313581101927259169e+02
1.313920304977035869e+02
1.311030611087914792e+02
1.306899607159515426e+02
1.305151118342938901e+02
1.307021331659532848e+02
1.309718516827819599e+02
1.313655067502834299e+02
1.311166734851358058e+02
1.313097711971068975e+02
1.311411830273801513e+02
1.303648313407874753e+02
1.300250821624125876e+02
1.298435173357706560e+02
1.298621387230000153e+02
1.293152916393930525e+02
1.290053450902968564e+02
1.290155000912099865e+02
1.294702021123316911e+02
1.300103051639722764e+02
1.297073789535076287e+02
1.295226050035428784e+02
1.292147525288310419e+02
1.290250025543746233e+02
1.289141439943182377e+02
1.293678222164833187e+02
1.290988103196804104e+02
1.293119296158381246e+02
1.291231612281188745e+02
1.292153143718374508e+02
1.292275902745831786e+02
1.294824144187710431e+02
1.292549640593648519e+02
1.289444081407723672e+02
1.291963718593655983e+02
1.292892645044098288e+02
1.294639035398077169e+02
1.300847510503121498e+02
1.303886374245564639e+02
1.301703408328865237e+02
1.302326675079653171e+02
1.304168358666317431e+02
1.307644806733655685e+02
1.307115966397632860e+02
1.304561582219827471e+02
1.301173315373567050e+02
1.303003348862181952e+02
1.305659948345643215e+02
1.307535301359240520e+02
1.310237678140642004e+02
1.309735028424894097e+02
1.311651543863526683e+02
1.309142973599528830e+02
1.307821185454063482e+02
1.310122409549555584e+02
1.310022635908648283e+02
1.307901652432981052e+02
1.308587527710080565e+02
1.309280331020279391e+02
1.313212455576040725e+02
1.315972177349536025e+02
1.322396138736903026e+02
1.316763776501925918e+02
1.314710885355483470e+02
1.313445338742906472e+02
1.313379130043337568e+02
1.315332454589234317e+02
1.319729752110333152e+02
1.322959345565999456e+02
1.322585197541412754e+02
1.317762825799410393e+02
1.315720026059998702e+02
1.314868713191924030e+02
1.315220922416088456e+02
1.316384770117258824e+02
1.319580575876015871e+02
1.317152096844465916e+02
1.313891006913604542e+02
1.311809097892519560e+02
1.314554644335875651e+02
1.314903681147360999e+02
1.316468364795312027e+02
1.315624610904353631e+02
1.313156172630665992e+02
1.314299164273386396e+02
1.314645620478176511e+02
1.308530929775933771e+02
1.305182757349432165e+02
1.300184603383266904e+02
1.302004649882073863e+02
1.308287525133412998e+02
1.305744974882242389e+02
1.308025227153779326e+02
1.308308310256336995e+02
1.304553848743779838e+02
1.307226109842207222e+02
1.305884959436565396e+02
1.308570666097539004e+02
1.306435016260146540e+02
1.305893955818327470e+02
1.307771672543766215e+02
1.308456234892689736e+02
1.309147712012817522e+02
1.309846173750315188e+02
1.311359771464967423e+02
1.311676536833308262e+02
1.315228825084145114e+02
1.319221035438526997e+02
1.319213167109627989e+02
1.320417340514776470e+02
1.323653879307853458e+02
1.321670585159446887e+02
1.321283419352986073e+02
1.312407494295944446e+02
1.310714640702973099e+02
1.309408727982796563e+02
1.310109826245252975e+02
1.310009925500256713e+02
1.311929217677032966e+02
1.311039613815183031e+02
1.310141024055736807e+02
1.312061640460340470e+02
1.312789535818531022e+02
1.304635894766186368e+02
1.299228176531507302e+02
1.300230481344949851e+02
1.300434829641363876e+02
1.301853363274106528e+02
1.305306427549602972e+02
1.309602452070306526e+02
1.312325709161927705e+02
1.313864352688815700e+02
1.310570053221030093e+02
1.309666720425281028e+02
1.312794667096244154e+02
1.314338047571964125e+02
1.315088936941375550e+02
1.319483774688252424e+02
1.319882600695209760e+02
1.318669293631524226e+02
1.319867973365172702e+02
1.319866639762801697e+02
1.323097615922018235e+02
1.324745066587897782e+02
1.324388956149396961e+02
1.321200965807471448e+02
1.321617137179261476e+02
1.319209229474004417e+02
1.320817403509097119e+02
1.320421619706156946e+02
1.318809716874913818e+02
1.317989613004959608e+02
1.316353144449456067e+02
1.318336509544905653e+02
1.317915666206969263e+02
1.315874410310070743e+02
1.313812535666739905e+02
1.311729834006808915e+02
1.310434175764451652e+02
1.312761793701469628e+02
1.315921003738861828e+02
1.313051518928136545e+02
1.309749009018318304e+02
1.307625261634666174e+02
1.304671981449151588e+02
1.304113112574901834e+02
1.302336477348389110e+02
1.304986340755953336e+02
1.307258930056511019e+02
1.307938313188402049e+02
1.310240720392326068e+02
1.310142141810426608e+02
1.310042567485282916e+02
1.313174310591190022e+02
1.315933647061808927e+02
1.317104694001827454e+02
1.318287569698811694e+02
1.320694514847286030e+02
1.322721732168973858e+02
1.323557305221190177e+02
1.319552833556762721e+02
1.322376599552282528e+02
1.329269292477051465e+02
1.330171002502072497e+02
1.331485861113207534e+02
1.330389758700208063e+02
1.325646220909304418e+02
1.320450728191220833e+02
1.324899725445673937e+02
1.324545177217852370e+02
1.326207249714999818e+02
1.321421464358587059e+02
1.320223701372316327e+02
1.323862324618495450e+02
1.325517499614640826e+02
1.326785353146104569e+02
1.328066013278896946e+02
1.329763649776662078e+02
1.327033989673390408e+02
1.320640393609486125e+02
1.323475145060092757e+02
1.325530449555648715e+02
1.328818635914793447e+02
1.330927915065439890e+02
1.324573651581261231e+02
1.325831971294202276e+02
1.329527243731512556e+02
1.330431559324765942e+02
1.328516726590669350e+02
1.324966390495627024e+02
1.320572111611750472e+02
1.317749607688629396e+02
1.314898593624881755e+02
1.318079387499879829e+02
1.320080189393822536e+02
1.324121403428098063e+02
1.326587276189995350e+02
1.324229571909087326e+02
1.320635931221306407e+02
1.323874678001313328e+02
1.326742098991222178e+02
1.326002120193157623e+02
1.326466788073902023e+02
1.321279583913023714e+02
1.313615741326289310e+02
1.313147213460903799e+02
1.309845670162529814e+02
1.312167343598515572e+02
1.313300347069199745e+02
1.313636714211320111e+02
1.312764357789210408e+02
1.317943795746676585e+02
1.315094743178460135e+02
1.310196710281278740e+02
1.307673444728559957e+02
1.302296408816724522e+02
1.299693342239119431e+02
1.297872062867800480e+02
1.299668750371516808e+02
1.303503788254057270e+02
1.304549281064706463e+02
1.306009374812827275e+02
1.306272095770532644e+02
1.310577874515692258e+02
1.310482701531001624e+02
1.305134041950509811e+02
1.300943476717688156e+02
1.295498461330993507e+02
1.295250971041409684e+02
1.296617142466062660e+02
1.300421356026329249e+02
1.301435713157914051e+02
1.302864356725164043e+02
1.308751875479965463e+02
1.311466540888850716e+02
1.313804586756415063e+02
1.315762208844861334e+02
1.314911322065510717e+02
1.313243759662134664e+02
1.310347231981955645e+02
1.310249729274704862e+02
1.311363362903739755e+02
1.314912487781561765e+02
1.316073219981375075e+02
1.318053757556940866e+02
1.316821977330241680e+02
1.317597956899245446e+02
1.318381774645691564e+02
1.317557348126962893e+02
1.315512472855518524e+02
1.318699467530827008e+02
1.321918654071536992e+02
1.319513791991456344e+02
1.315872517163088560e+02
1.313810623397060908e+02
1.314152144845512566e+02
1.317325398833854138e+02
1.320530705892779224e+02
1.318919904942206074e+02
1.321737277719393546e+02
1.320138664363022940e+02
1.321352186225269350e+02
1.321769885076030846e+02
1.318959479874782801e+02
1.322181292802814028e+02
1.325031608891727331e+02
1.324678392819928092e+02
1.324321608909025372e+02
1.326385463544463619e+02
1.325641882368144024e+02
1.326102911482975344e+02
1.325356476245432589e+02
1.325006541662048960e+02
1.329501557234392237e+02
1.332021774984235947e+02
1.328102803014383255e+02
1.327780609105433598e+02
1.325434958692354144e+02
1.319025210800358821e+02
1.316591122020564910e+02
1.317768810121785350e+02
1.320978596082615013e+02
1.323008682911728329e+02
1.323847154456291833e+02
1.321461772178071215e+02
1.319860375937445554e+02
1.319050884785304163e+02
1.316213014934645855e+02
1.320619207004694999e+02
1.323049704045139947e+02
1.325504751560749810e+02
1.323944193495708532e+02
1.320751710601725222e+02
1.322779505658314747e+02
1.322807581473036578e+02
1.321623819669733848e+02
1.325276585524985933e+02
1.326137965176758371e+02
1.328624207249244762e+02
1.333155764898229734e+02
1.332884611008305455e+02
1.331398596978098965e+02
1.333129895937466927e+02
1.330434238320674751e+02
1.332559836687549364e+02
1.333494784532878157e+02
1.335247257103918344e+02
1.334593188993857780e+02
1.333528473731171005e+02
1.336089367405216706e+02
1.339888249904260533e+02
1.341301262529558471e+02
1.343940669221778705e+02
1.344990574971488400e+02
1.349283409062113890e+02
1.350791322284958937e+02
1.347061941701979322e+02
1.345315092628262903e+02
1.347591002654811803e+02
1.351102022883655422e+02
1.349395982710755106e+02
1.350905033041166234e+02
1.351217205092090978e+02
1.352340611204133722e+02
1.354283445660736334e+02
1.357053985515898660e+02
1.354195944965554474e+02
1.353329237338938924e+02
1.356090138726203236e+02
1.356858725986069771e+02
1.358443157561678447e+02
1.358023391476449149e+02
1.360023627753982680e+02
1.362448108842411330e+02
1.360856675598397203e+02
1.359249167271105989e+02
1.358837542698086054e+02
1.355997517876852783e+02
1.348280321087730158e+02
1.339273051603769602e+02
1.335831365256336483e+02
1.333971076016494806e+02
1.331283915168176577e+02
1.333014055725434446e+02
1.331933389621653703e+02
1.335690292547121203e+02
1.335040699542547884e+02
1.331152221760149530e+02
1.328032547232475906e+02
1.326497522457047182e+02
1.325755073188933864e+02
1.329045528473673698e+02
1.333177301488561000e+02
1.332906365139958496e+02
1.332228651656520242e+02
1.331140052178303677e+02
1.331252577957884569e+02
1.330962199957459120e+02
1.335517373694402465e+02
1.335674114842829567e+02
1.333812237214985430e+02
1.332739633550493750e+02
1.330848114697463984e+02
1.332573853229755798e+02
1.331892781040157274e+02
1.328780586909250587e+02
1.326040996878031990e+02
1.323677774624276253e+02
1.322906843054825288e+02
1.318491760661435706e+02
1.318476525920642075e+02
1.320481339313778619e+02
1.319678120518970559e+02
1.319674869211081329e+02
1.322903908294021846e+02
1.323741321509113789e+02
1.323779112635472757e+02
1.323817285490372626e+02
1.319815439889258357e+02
1.319409535241684068e+02
1.319403570951192251e+02
1.316165223183024580e+02
1.315722447659618695e+02
1.314467118848097584e+02
1.317239513987983912e+02
1.319635872715128357e+02
1.316803911833464724e+02
1.316367587710572309e+02
1.315926856273306385e+02
1.320330157851831814e+02
1.323565816011944207e+02
1.326430117183784887e+02
1.329727391094732809e+02
1.327401405146197249e+02
1.321819601157775423e+02
1.323050102179570047e+02
1.324293032504613734e+02
1.325952558085468240e+02
1.325204604126736854e+02
1.324449095077513334e+02
1.324089995027790962e+02
1.322111106088677559e+02
1.322132430392601350e+02
1.323770131709699456e+02
1.325424375464344564e+02
1.319418561075092668e+02
1.314564203106158118e+02
1.312893134450660568e+02
1.307568822677443450e+02
1.309867497653974056e+02
1.308148987529268084e+02
1.311261603564924201e+02
1.306324852085778616e+02
1.303762476854323040e+02
1.305214623085171013e+02
1.307489518267850030e+02
1.310595472997830484e+02
1.314540881815989906e+02
1.313677658399988388e+02
1.316442079191909897e+02
1.317214221405966157e+02
1.317994163036333362e+02
1.317165821248822795e+02
1.318349314392745839e+02
1.321969004437115700e+02
1.322392933774868879e+02
1.325245387651378906e+02
1.328126654193314664e+02
1.330228943629611820e+02
1.329524185484448822e+02
1.327196146953995139e+02
1.330097118135351195e+02
1.331411230439742894e+02
1.330314374181562300e+02
1.323549872910671468e+02
1.319141285768350542e+02
1.318324531079148869e+02
1.316287405130446757e+02
1.312209500131768039e+02
1.306070202153300386e+02
1.299868891063939884e+02
1.296029182892870892e+02
1.297403215043304101e+02
1.298791126306367971e+02
1.301001137683204547e+02
1.302021351195147645e+02
1.301839748681964579e+02
1.296807826951482525e+02
1.290512956516652991e+02
1.289811067188539653e+02
1.292738451705589000e+02
1.295695405763225665e+02
1.298278187639622558e+02
1.296038573373355121e+02
1.293776336740760939e+02
1.291491249233091310e+02
1.290395201245552244e+02
1.288480001258130017e+02
1.286545455816297476e+02
1.291460056380099104e+02
1.293596016545546377e+02
1.292521228833888927e+02
1.289415382660492639e+02
1.286278164303530218e+02
1.283513297276288370e+02
1.282740704319484450e+02
1.282768388201501182e+02
1.280372109294452230e+02
1.276335463933784524e+02
1.273874205993718220e+02
1.272600208074462103e+02
1.274141624317640407e+02
1.274890529613783769e+02
1.272818716781593196e+02
1.270321936143027557e+02
1.266587814285887674e+02
1.264432135642308310e+02
1.263466803679098973e+02
1.266128084524341801e+02
1.267604125782165170e+02
1.268691036143600854e+02
1.263728319336969008e+02
1.255483150845425371e+02
1.256043586712548148e+02
1.256205643143989761e+02
1.256773376913120615e+02
1.257750885770830251e+02
1.257930187647303626e+02
1.256899179441720804e+02
1.256665837819919034e+02
1.254409937191836804e+02
1.252131249688723216e+02
1.251445706756286711e+02
1.246308794703320899e+02
1.245968479498307602e+02
1.244816645957882031e+02
1.246481460563517913e+02
1.246142889458099319e+02
1.245800898442526119e+02
1.246263533780328032e+02
1.249155084626588064e+02
1.252883923865244498e+02
1.254226185722468045e+02
1.255177965376232549e+02
1.250482793309326581e+02
1.254225043746791926e+02
1.251540448229084603e+02
1.248424695180896862e+02
1.248105752707970169e+02
1.246167426977749386e+02
1.247845885836112387e+02
1.245096854379910951e+02
1.248380660989806756e+02
1.247253192919001634e+02
1.246922417089897976e+02
1.242547896050398748e+02
1.244997874798390001e+02
1.243432196766046758e+02
1.242658784612171985e+02
1.242281600618352400e+02
1.240284445069044494e+02
1.237863075827318937e+02
1.234609167502337499e+02
1.228494108588220257e+02
1.226357685442651615e+02
1.228240086305706598e+02
1.226909178086576304e+02
1.225160785946034281e+02
1.222990692874781189e+02
1.220394639267456824e+02
1.216964282088338081e+02
1.215519476856909051e+02
1.214464118037283100e+02
1.211377897007353397e+02
1.212300906068033015e+02
1.205960511179834924e+02
1.203192435535183478e+02
1.205648924783018430e+02
1.208130227053554648e+02
1.210636592983389477e+02
1.209531912104427960e+02
1.213668598085282753e+02
1.217847068773017014e+02
1.211966736134352658e+02
1.209663369832683628e+02
1.205316535184528703e+02
1.206178318368210398e+02
1.207856887240619130e+02
1.208340290142037219e+02
1.203172010244484085e+02
1.202395969943924854e+02
1.202420171660527188e+02
1.204060779455081445e+02
1.204505837833412869e+02
1.202127108922640559e+02
1.199724352447111215e+02
1.196489244896068698e+02
1.198473984743509959e+02
1.198054530043946642e+02
1.198842959640346066e+02
1.193982787515498956e+02
1.186245239914650256e+02
1.186914383752170465e+02
1.185974125002190647e+02
1.186640530305244425e+02
1.187313666974991264e+02
1.181124916136357541e+02
1.181338299127634315e+02
1.180341716290540575e+02
1.178122945748017827e+02
1.181134288634365248e+02
1.179327564277134002e+02
1.179926832603164399e+02
1.173259426871886149e+02
1.169756996840289816e+02
1.167835350343726049e+02
1.165490252872448025e+02
1.165141669568129856e+02
1.163577444008217157e+02
1.163209539402236743e+02
1.164858120608320178e+02
1.159654667281128582e+02
1.155206734627403478e+02
1.146269428916570234e+02
1.139262049410676667e+02
1.135012171121893374e+02
1.134355728405956540e+02
1.133692654955508630e+02
1.128578439348999893e+02
1.120988322574747542e+02
1.118574063206817186e+02
1.116539457784660812e+02
1.112868139176425188e+02
1.109967817349924530e+02
1.109058401363556925e+02
1.108139799357129647e+02
1.107615958946595498e+02
1.106682786814743622e+02
1.106548269509843578e+02
1.104796231828124178e+02
1.100602254371840019e+02
1.096769953910950619e+02
1.096939347384799106e+02
1.097514492307875855e+02
1.097287365967550841e+02
1.095441783805608225e+02
1.091557357379404181e+02
1.087633694322631186e+02
1.083266357901645591e+02
1.078854906971360350e+02
1.077227178758948298e+02
1.070330483594896975e+02
1.073465134944344328e+02
1.072995085802365480e+02
1.070904127073096248e+02
1.068792047548582218e+02
1.063426310655135438e+02
1.056390212782964966e+02
1.055747689679760555e+02
1.056310797656322080e+02
1.051627068339719671e+02
1.050532392262345525e+02
1.051850901275096959e+02
1.047526162904139397e+02
1.041137538287006947e+02
1.039532866956570132e+02
1.035487744400577981e+02
1.031805802424825771e+02
1.026066467095784702e+02
1.020269158682611277e+02
1.019261776447081900e+02
1.015819976209176332e+02
1.015979773948660352e+02
1.014120983786527859e+02
1.009415135137908379e+02
1.007894075896871868e+02
1.003933409996840851e+02
1.001144858582668888e+02
9.991362207905729065e+01
9.991274957480551677e+01
9.958863593414686477e+01
9.889761205469366701e+01
9.872486066130683469e+01
9.850996026394626881e+01
9.813127299388497704e+01
9.811239696352032524e+01
9.781050198335404389e+01
9.766717372055934732e+01
9.732037749551479067e+01
9.680846211668163903e+01
9.629137587543581844e+01
9.621351098528866430e+01
9.589243533867538360e+01
9.577013670573288096e+01
9.544458253104301093e+01
9.438846720307381588e+01
9.376612848795349464e+01
9.321831160399338501e+01
9.294778949898311282e+01
9.255332272624569612e+01
9.219527548105610038e+01
9.195482371823845824e+01
9.163113506892797488e+01
9.077892431204833201e+01
9.007972152732170912e+01
8.993911265386036291e+01
8.955465924632348163e+01
8.916632247103369480e+01
8.873365906165017236e+01
8.825622127439413589e+01
8.765274876201418408e+01
8.744722097173162467e+01
8.728002118356729966e+01
8.682830422582570407e+01
8.637202447053090282e+01
8.550709542477866876e+01
8.495666204523108433e+01
8.468349701538491558e+01
8.460959294483319582e+01
8.388847772205360798e+01
8.352371487076139545e+01
8.295324734420347568e+01
8.217499731737710533e+01
8.171211850240111119e+01
8.160820050747589960e+01
8.146282879543029765e+01
8.139679676306087686e+01
8.003716844753627413e+01
7.926986711872361013e+01
7.918168395830664963e+01
7.832493329121876968e+01
7.729791241537256496e+01
7.670496203572976412e+01
7.598481013710078003e+01
7.517657589606136526e+01
7.472381403642559405e+01
7.410486266305625236e+01
7.331804309399632302e+01
7.304852837777406194e+01
7.200861452300398469e+01
7.116021668990302373e+01
7.054567342414451048e+01
7.024815497388337349e+01
6.982641916553876626e+01
6.968325168236243883e+01
6.917500169935590293e+01
6.829798151450091837e+01
6.729089041868780896e+01
6.655645496837156827e+01
6.617823734178946893e+01
6.615983569877715809e+01
6.581801585735065885e+01
6.454345036096029276e+01
6.349843470804078294e+01
6.276609566468766133e+01
6.222837945928047532e+01
6.132159541341464148e+01
6.052686405395417779e+01
6.016854954944863465e+01
5.952378742368546938e+01
5.867049234715698702e+01
5.801059833046170411e+01
5.677838215198157457e+01
5.577614358786011195e+01
5.504660968470722793e+01
5.398647442899718385e+01
5.340047922120925961e+01
5.297018103152458224e+01
5.192947578941874553e+01
5.120149069638260642e+01
5.066817242058856152e+01
4.980623476827132379e+01
4.877397451340538481e+01
4.736765102364182667e+01
4.635116265014325165e+01
4.556683095974063491e+01
4.481498076741480929e+01
4.413634420950997850e+01
4.320842849445447342e+01
4.194790757015604754e+01
4.140192683854148470e+01
4.036558266519345040e+01
3.935917440928631805e+01
3.866583273665284537e+01
3.752104316833622022e+01
3.648590219023860470e+01
3.531909312145313606e+01
3.478696274894253548e+01
3.412824520095204406e+01
3.293762141510305241e+01
3.181577920717483821e+01
3.080381738098467537e+01
2.966042159695418334e+01
2.798022383530723900e+01
2.705073114677501067e+01
2.574821327957066330e+01
2.487698311067747170e+01
2.383533647543178091e+01
2.229831967215330835e+01
2.102860572944778283e+01
1.982687447418966542e+01
1.845138835776734254e+01
1.742564480582561259e+01
1.659156040992485259e+01
1.522379839386348976e+01
1.428666504430654882e+01
1.257238893364296928e+01
1.140645346832622842e+01
1.026914491750124903e+01
8.716307997476002711e+00
6.784149492399993875e+00
5.357726759999994925e+00
4.199723999999996238e+00
2.787599999999999856e+00
1.239999999999999991e+00
