1.346269554217381597e+02
1.349767226482209992e+02
1.355724471194162106e+02
1.358913607266820804e+02
1.362134956835170669e+02
1.362560562459773905e+02
1.354505618646239782e+02
1.356066281460840912e+02
1.359662910566502774e+02
1.357639303602535676e+02
1.355191215760138164e+02
1.356354763394082283e+02
1.357934104438458007e+02
1.360337479230769588e+02
1.360340888111890933e+02
1.357112008193826966e+02
1.355870715347298017e+02
1.356637086209396443e+02
1.361047561827670620e+02
1.361462183664313272e+02
1.361880993600311456e+02
1.364324235959920486e+02
1.361135591878708340e+02
1.358722820079493374e+02
1.357497798060104515e+02
1.355452321272836400e+02
1.354598304315985899e+02
1.358988186177771524e+02
1.360998167856326972e+02
1.362220371572052784e+02
1.362646839971767463e+02
1.362673575729061213e+02
1.365528864372784312e+02
1.363564509467460653e+02
1.361984352997429824e+02
1.362812477775188995e+02
1.363244927045644772e+02
1.360853461662266568e+02
1.359649961275016494e+02
1.359646425530318083e+02
1.356006490434667739e+02
1.350309586297648536e+02
1.346979380098638330e+02
1.351292303129933998e+02
1.356052831444366404e+02
1.356012961054924801e+02
1.354760566722153499e+02
1.356727845173878677e+02
1.357906914317054827e+02
1.361926176077835464e+02
1.360733511189728802e+02
1.359528799181548777e+02
1.363564443617729012e+02
1.366832771331031040e+02
1.372962395283880142e+02
1.376729692205928757e+02
1.380939083036303430e+02
1.381958669733631950e+02
1.380160272458207089e+02
1.375919467129508860e+02
1.374060067807591849e+02
1.375414209906659835e+02
1.378398191824893217e+02
1.383028476590809532e+02
1.384877249081635853e+02
1.387148736446088435e+02
1.391059329743525552e+02
1.396221545195480189e+02
1.397799540601494925e+02
1.401413677375249449e+02
1.399003714520458175e+02
1.396569408606522700e+02
1.397342836976283991e+02
1.400548320178055235e+02
1.398937697149557664e+02
1.402967370858130494e+02
1.404613505917314455e+02
1.405872228199307585e+02
1.409567907272018772e+02
1.410472633608108595e+02
1.404921852129399724e+02
1.404567527403429779e+02
1.408654068084274229e+02
1.409953604125536231e+02
1.406417781944984995e+02
1.400826042368664730e+02
1.390733376129976477e+02
1.384983208212095462e+02
1.379578998194032522e+02
1.377756563832351731e+02
1.377531882658946927e+02
1.374880689554486821e+02
1.374626959145943772e+02
1.377198948632276938e+02
1.377372675386132244e+02
1.378356237763767922e+02
1.380561856327047110e+02
1.383193794269743648e+02
1.385044236636094297e+02
1.387317410743535504e+02
1.383552940144984689e+02
1.386215091055548783e+02
1.390116253591459383e+02
1.394460862213597636e+02
1.396425113347069100e+02
1.391136478128338752e+02
1.385794422351872299e+02
1.380398406416034334e+02
1.381008491329318701e+02
1.375564132655878780e+02
1.374913265308962877e+02
1.376680065968652116e+02
1.372808147443090547e+02
1.374957724689984104e+02
1.381169418878778572e+02
1.384211534220990245e+02
1.382031852748462200e+02
1.379426113887340080e+02
1.375581933219539508e+02
1.374931245676298204e+02
1.375082066339695075e+02
1.373214208423931666e+02
1.372135564064574567e+02
1.373066226327860306e+02
1.372390127603900964e+02
1.372111240003932551e+02
1.377890141418117764e+02
1.380495092341531063e+02
1.375853628627810679e+02
1.378033968310915895e+02
1.377004008394864059e+02
1.379195968075634937e+02
1.378985826339014125e+02
1.378773561958606422e+02
1.381791476725864527e+02
1.379991390632175126e+02
1.375748879426439544e+02
1.379140282248931442e+02
1.380141699241349613e+02
1.381557271960962225e+02
1.378138658546424722e+02
1.379938038935784732e+02
1.380543473672512960e+02
1.379538862295459865e+02
1.380140264944917305e+02
1.380343701964559955e+02
1.378528991883393360e+02
1.379120193821612759e+02
1.382949690728896144e+02
1.383585546190801097e+02
1.385035905243233856e+02
1.389329197215389797e+02
1.392453734561008218e+02
1.395609832889898314e+02
1.395565487767573245e+02
1.391884331078363175e+02
1.387761950584201713e+02
1.388042374327480388e+02
1.386305428613616755e+02
1.377278210720832874e+02
1.372604253253360866e+02
1.370711366922584489e+02
1.370415522144028273e+02
1.368904567822245042e+02
1.366166230123479579e+02
1.364612353660090491e+02
1.361830660262705806e+02
1.363465313396680756e+02
1.364712437774426803e+02
1.361527714923663552e+02
1.361543146387539025e+02
1.365599137765188118e+02
1.371312260368876821e+02
1.371830566029166789e+02
1.375182389928458235e+02
1.376143828210554716e+02
1.377519018394500279e+02
1.376079816560111624e+02
1.372605875313243189e+02
1.367480682134583958e+02
1.367556244580386249e+02
1.366824489475142457e+02
1.369721706540548496e+02
1.370223946000551223e+02
1.373963581818737225e+02
1.374912708907812089e+02
1.375063342331121135e+02
1.379255901344576785e+02
1.381066567014722466e+02
1.382491481833054081e+02
1.385142910942477954e+02
1.386609000951996791e+02
1.386069697931307303e+02
1.387141109021524699e+02
1.392667786890437185e+02
1.393401804939829844e+02
1.389294752464480496e+02
1.381913891378259791e+02
1.380923122604305320e+02
1.381538507681115107e+02
1.380947987556684211e+02
1.379947462178470232e+02
1.379744911291378457e+02
1.377520112415537596e+02
1.379313244864174237e+02
1.383548732186032737e+02
1.387018921400038494e+02
1.385675678181854096e+02
1.377854220385714257e+02
1.372782040793655938e+02
1.369678829084496670e+02
1.364524069782325171e+02
1.364165727052851764e+02
1.363399724295804845e+02
1.361009822521012893e+02
1.358191739920223142e+02
1.356961353454768187e+02
1.360162983287640657e+02
1.362588872007726195e+02
1.366655426270417877e+02
1.367934774010527406e+02
1.370439165667201564e+02
1.372160773401213305e+02
1.370667447880014720e+02
1.369967119070725801e+02
1.368855675829011886e+02
1.370157248312132765e+02
1.365815402335494753e+02
1.366278184177265871e+02
1.369169883007337205e+02
1.372898871724578953e+02
1.373029163358159792e+02
1.369928447836536805e+02
1.369624694784376970e+02
1.368509792711487592e+02
1.369807871425746839e+02
1.369906940834085560e+02
1.368794889731399564e+02
1.370499888617574982e+02
1.373030190522800069e+02
1.371141606588692525e+02
1.371658188473417681e+02
1.372179988356986655e+02
1.370282816522219775e+02
1.371598804567894945e+02
1.373332125826158574e+02
1.371850632147627493e+02
1.374798618330938211e+02
1.378180422556505960e+02
1.379980224804549778e+02
1.381798206873291690e+02
1.384038592801302343e+02
1.388725851314437136e+02
1.387399849812574928e+02
1.387272575568258333e+02
1.383911692493187786e+02
1.378496659084028408e+02
1.378683494024265883e+02
1.379680296994203559e+02
1.372606360600213975e+02
1.373137737980019892e+02
1.371654280787891196e+02
1.372176041199888914e+02
1.367046506262514640e+02
1.363481319457086727e+02
1.361900322683933382e+02
1.359899315842352507e+02
1.358282137214491456e+02
1.353416300216659636e+02
1.351329596178446479e+02
1.354070299170147962e+02
1.353606362798133489e+02
1.352733699796084750e+02
1.355488585652620088e+02
1.354230894598605630e+02
1.354980701614749421e+02
1.359374446075508160e+02
1.360580248561116719e+02
1.362202271273853569e+02
1.358588152801877982e+02
1.354533487678654922e+02
1.354074229978440655e+02
1.352802252503483658e+02
1.354749750003516624e+02
1.354292676771223398e+02
1.354639067445677370e+02
1.359029361056247467e+02
1.363868041470951766e+02
1.365927314617123329e+02
1.367199307694068011e+02
1.366867987569763727e+02
1.363705037949259236e+02
1.366166704999257320e+02
1.368249196968938008e+02
1.372776966635293832e+02
1.370077744076047850e+02
1.368159337450553323e+02
1.367837714596528542e+02
1.367108802622749693e+02
1.364756366285606362e+02
1.365208450793541886e+02
1.364048940195503690e+02
1.364089838581305116e+02
1.360494786445765101e+02
1.361711905500777107e+02
1.360517076263408001e+02
1.358502097235763415e+02
1.360911209329053975e+02
1.360920413463694842e+02
1.358505468145152406e+02
1.352429765803178725e+02
1.351545217983008058e+02
1.351055775740407228e+02
1.350965430040814965e+02
1.346429727313967817e+02
1.343060330620170362e+02
1.348141748101175779e+02
1.348021967778960004e+02
1.352345421998955999e+02
1.353480224241370138e+02
1.354222448728655479e+02
1.358608534069350071e+02
1.360210640474095101e+02
1.364253172196055175e+02
1.368740577975817416e+02
1.364788462601835874e+02
1.361604507678613913e+02
1.360812634018806193e+02
1.360416802039198672e+02
1.362845254585044756e+02
1.361661873318241192e+02
1.368143306382052913e+02
1.372265966042476464e+02
1.371985824285330011e+02
1.373319014429623621e+02
1.373857590332955283e+02
1.376825848821171689e+02
1.381036210930475931e+02
1.386501223162091208e+02
1.387981033497065653e+02
1.389879831815215994e+02
1.393009931126481433e+02
1.391727203158068278e+02
1.391239599149561172e+02
1.391959191060160492e+02
1.386221405111270428e+02
1.385274146577037584e+02
1.389165804623274312e+02
1.384207883457848709e+02
1.381624124704905228e+02
1.383458711823137435e+02
1.383291628104173299e+02
1.385951139499166231e+02
1.389849635857743806e+02
1.386918824098736422e+02
1.387998812220949958e+02
1.389089709314083336e+02
1.390191625569782730e+02
1.392516793504828456e+02
1.393653326772556227e+02
1.389952855325815051e+02
1.388235207399809497e+02
1.383671926666482079e+02
1.386335279461086998e+02
1.384985130768776855e+02
1.381197101786643486e+02
1.385451617966308788e+02
1.388941028248796954e+02
1.386001038635145619e+02
1.386263675389038781e+02
1.386933005443473235e+02
1.388821217619662036e+02
1.389516381434013113e+02
1.386582203468696548e+02
1.381194144917876940e+02
1.380600146381694344e+02
1.382020349880500873e+02
1.381030656444942224e+02
1.381243087318130165e+02
1.377417259917303340e+02
1.378805313047782590e+02
1.380207386916946461e+02
1.381219582744385832e+02
1.380221800751909029e+02
1.382850303789807072e+02
1.385505357363443011e+02
1.387379148851971991e+02
1.384019342274723670e+02
1.380625598257287550e+02
1.380833937633624657e+02
1.379428219831940510e+02
1.384472949325192417e+02
1.385528231641611967e+02
1.388210334991532591e+02
1.381626601001545396e+02
1.377804647476304183e+02
1.377984492400318288e+02
1.375337871111421180e+02
1.371452395062043479e+02
1.370355954608128002e+02
1.365208034957701102e+02
1.363644479755254224e+02
1.364489373490164610e+02
1.366554922717331806e+02
1.365004972441742552e+02
1.363843406506821054e+02
1.364690309602846412e+02
1.357868999598838400e+02
1.362291918786704628e+02
1.363527190693634736e+02
1.366391101710746909e+02
1.365647577485596855e+02
1.362876340894550822e+02
1.366541758479347379e+02
1.364991675231655677e+02
1.366658257809748704e+02
1.368341674555303200e+02
1.369638055106369450e+02
1.371755611218555657e+02
1.368642031533894965e+02
1.366709122761506876e+02
1.366776891678297829e+02
1.364825143109391661e+02
1.364873881928669732e+02
1.363710991847146659e+02
1.366980799845601098e+02
1.369879595803633379e+02
1.370383430104684521e+02
1.367660030408777914e+02
1.368141444857344311e+02
1.362567116017522437e+02
1.364613248502555507e+02
1.362235604548027368e+02
1.362662226816186148e+02
1.360668915975952302e+02
1.363099915127221493e+02
1.367979712249715192e+02
1.372100719444163133e+02
1.373031029741578095e+02
1.371950535092499877e+02
1.367626803123741297e+02
1.364875558710852488e+02
1.366945008798846288e+02
1.371055564443269645e+02
1.373591479235625457e+02
1.372920686096594807e+02
1.375879480905646517e+02
1.378464122126921154e+02
1.379862749623153206e+02
1.381275504669850704e+02
1.381490408757423722e+02
1.383727685613561391e+02
1.390027965266227170e+02
1.394775722491131944e+02
1.397955275243565723e+02
1.393490177013702578e+02
1.383323411124955555e+02
1.376286273863591418e+02
1.375642700872314776e+02
1.373376465527590540e+02
1.372299460128882629e+02
1.374039858716041351e+02
1.372969554258619951e+02
1.374716721473361076e+02
1.373249213609455524e+02
1.372170922837830176e+02
1.371889821048317799e+02
1.370393758634665460e+02
1.366458342055210267e+02
1.360867012176981063e+02
1.360875769875736125e+02
1.360076535228023999e+02
1.361693469927297144e+02
1.360498454472007381e+02
1.361715610577792290e+02
1.359308697553327647e+02
1.363342118740729063e+02
1.367820321960336685e+02
1.368707395919530256e+02
1.371623632241941380e+02
1.370932961860548573e+02
1.370235315010664294e+02
1.372762944455211311e+02
1.374103984298197076e+02
1.371822206361814551e+02
1.370729501375564041e+02
1.368009597349057458e+02
1.362433936716217033e+02
1.362862562339614954e+02
1.364911679130925961e+02
1.367385534475681652e+02
1.365843974217860932e+02
1.365903004260468094e+02
1.371215155818654807e+02
1.376580965473385731e+02
1.376748449973119079e+02
1.379745909063757665e+02
1.378329201074496950e+02
1.380938586943937878e+02
1.381958168630238788e+02
1.384200170333578512e+02
1.386060778114722041e+02
1.385919977893658199e+02
1.382545432215821677e+02
1.377924679005879511e+02
1.377701695965528472e+02
1.375052218147004623e+02
1.373992139542436348e+02
1.371709231861039484e+02
1.372635587738423624e+02
1.371955139129719896e+02
1.373288019322951072e+02
1.378674766992876926e+02
1.374418956558460536e+02
1.372544400564104876e+02
1.372671111680911622e+02
1.371182941091829264e+02
1.370891859688719592e+02
1.373426120897696876e+02
1.375985980704740257e+02
1.380995940105801765e+02
1.376763575864442828e+02
1.375720783701460732e+02
1.377091700708542419e+02
1.379284546170246983e+02
1.382307622394189082e+02
1.382532951913323700e+02
1.379932274659920495e+02
1.378921489555478104e+02
1.381536858136843762e+02
1.381754402158427126e+02
1.384802426422659494e+02
1.386265077194603634e+02
1.387338461812728383e+02
1.387210567487609012e+02
1.386677340896569604e+02
1.385734687774317422e+02
1.381550189671025635e+02
1.382575949162654751e+02
1.381187827437022975e+02
1.380593765087898532e+02
1.382821984937278046e+02
1.378608065593207073e+02
1.373947541003240929e+02
1.373280344447716175e+02
1.364525600452236915e+02
1.361338990355795318e+02
1.357716151874539605e+02
1.356885001893479910e+02
1.357257577670175408e+02
1.356825836030479024e+02
1.360430137404527215e+02
1.358818320610632213e+02
1.359614465263265686e+02
1.363246934609363166e+02
1.365703974352887826e+02
1.360105024598877890e+02
1.355661641008972538e+02
1.360466304049465975e+02
1.364107377827734808e+02
1.365765028108828005e+02
1.369055583948315302e+02
1.368743014089202461e+02
1.371659610191116201e+02
1.375009707263751579e+02
1.377989603296719281e+02
1.377767276057287802e+02
1.372290177835644442e+02
1.368777957409745056e+02
1.366442381221960432e+02
1.362467051739362205e+02
1.362087931049864267e+02
1.361704980858440308e+02
1.360510081675195693e+02
1.358495031995146007e+02
1.359287911106205513e+02
1.358876677885054107e+02
1.357249169580869079e+02
1.356413302606935929e+02
1.355164952128220648e+02
1.358348436493152178e+02
1.358735794437525044e+02
1.360743226704569224e+02
1.360346693640983631e+02
1.356713831960593097e+02
1.355064476727871465e+02
1.352994420937243660e+02
1.351711536300246053e+02
1.351627814444692604e+02
1.352351327721906671e+02
1.353486189618093078e+02
1.355036555169790233e+02
1.353774298151298012e+02
1.353307371870002385e+02
1.354451890777777123e+02
1.354799889674520728e+02
1.353535242095476292e+02
1.355490143530784337e+02
1.354232468212921106e+02
1.357810573952443178e+02
1.361020781770137376e+02
1.364263415929439702e+02
1.365518601948921571e+02
1.365978385806993458e+02
1.366846854350497722e+02
1.368936216515652120e+02
1.366602238904702062e+02
1.360204281721916573e+02
1.355357860325174499e+02
1.350058444772901680e+02
1.349149944215055541e+02
1.350656509308138027e+02
1.356622736674883072e+02
1.356992663307965472e+02
1.358174407381789024e+02
1.356135765032107940e+02
1.355692691951620077e+02
1.355245143385480446e+02
1.353176912510585055e+02
1.352703952030891514e+02
1.356266618213026049e+02
1.359865270922250318e+02
1.361076031234591994e+02
1.363915183065248016e+02
1.363146649560849824e+02
1.363986514707931690e+02
1.356754055260540781e+02
1.353488944707610813e+02
1.357867620916788383e+02
1.357846081734124937e+02
1.360248567408203542e+02
1.361059158998193084e+02
1.358241574745641174e+02
1.357819772470348880e+02
1.359009871182170457e+02
1.360211991093102597e+02
1.362234334437480356e+02
1.359428620643920453e+02
1.357402647115062848e+02
1.357376411227340611e+02
1.358966071946807688e+02
1.361783911057379157e+02
1.357357485916548114e+02
1.358138874663177376e+02
1.355291792589069928e+02
1.345951305645524485e+02
1.339344753177296639e+02
1.333883589067976914e+02
1.331599584917149457e+02
1.335757156481971890e+02
1.338340562103000480e+02
1.332869254649491211e+02
1.331787125908581686e+02
1.333118308998567727e+02
1.334866978786426159e+02
1.337441392713563744e+02
1.338425649205622108e+02
1.337399645662243302e+02
1.339191561274996900e+02
1.335345011388886007e+02
1.334287890291802512e+02
1.330795848779598316e+02
1.326056412908686184e+02
1.321269103948164627e+02
1.318453640351684157e+02
1.318438020557252059e+02
1.319634364199244771e+02
1.319630670908335617e+02
1.321243101927605608e+02
1.328528385785466526e+02
1.327806450288348117e+02
1.329905505341764353e+02
1.334045964991677522e+02
1.331359560597656753e+02
1.333090465250161856e+02
1.338475217424403922e+02
1.337449714570108199e+02
1.339646176333439200e+02
1.337824420538828463e+02
1.333560020746293162e+02
1.332080829036658258e+02
1.330182655592587366e+02
1.329477429891501004e+02
1.329977201910607505e+02
1.330482022131928659e+02
1.329779820335279226e+02
1.325030121550786077e+02
1.323868809647261742e+02
1.326332130956824358e+02
1.328820334299821013e+02
1.329313468989725777e+02
1.331831786858307680e+02
1.333971501877077515e+02
1.336940910986945994e+02
1.339940314128225509e+02
1.337717489018408514e+02
1.339512615170114316e+02
1.335265267848601241e+02
1.334207341261211468e+02
1.333138728546679772e+02
1.329635079340080779e+02
1.328520282161694013e+02
1.324969981981513456e+02
1.320171698971224998e+02
1.316133029263860408e+02
1.315285888145313891e+02
1.312409988025572432e+02
1.312333321237951793e+02
1.314276082058538009e+02
1.317046547533875582e+02
1.315400553064521034e+02
1.313333891984366630e+02
1.315286759580168336e+02
1.317663393515319399e+02
1.318447872237696004e+02
1.313179668926965746e+02
1.311898655481784601e+02
1.313028944931092781e+02
1.314170651445553801e+02
1.318556213581367729e+02
1.320157791496328059e+02
1.319351304541746117e+02
1.322981115698727592e+02
1.324627389594680551e+02
1.322653928883512719e+02
1.327529221094457057e+02
1.327605273832785429e+02
1.328490175588669899e+02
1.323727450089569402e+02
1.318108535444011693e+02
1.318897510549505228e+02
1.320906576312630420e+02
1.319299572032964534e+02
1.318080375790872267e+02
1.312808460394820997e+02
1.309503495348302522e+02
1.312629793281115553e+02
1.308918983112229455e+02
1.307190892032558338e+02
1.307061507103595659e+02
1.310567178892519848e+02
1.311684019083352268e+02
1.312004059680156729e+02
1.304246524929451709e+02
1.300855075686311011e+02
1.297833409784160779e+02
1.288720615943590815e+02
1.283152137316760388e+02
1.279951653855310241e+02
1.276314801874055433e+02
1.275065456438439497e+02
1.271783289331759477e+02
1.265235645789656331e+02
1.264682470494601034e+02
1.265335828782424983e+02
1.266803867456994368e+02
1.267074613592925516e+02
1.265731932922149667e+02
1.267203972648629247e+02
1.267478760251140386e+02
1.266140161869840597e+02
1.263575921080650204e+02
1.264218102101663561e+02
1.255977880910772058e+02
1.256543314051284170e+02
1.257114458637662580e+02
1.261327735997638939e+02
1.265179531310747763e+02
1.263817708394696808e+02
1.262442129691610688e+02
1.261052656254151287e+02
1.260861268943587561e+02
1.255415423175340806e+02
1.249914568863980833e+02
1.248398554408060193e+02
1.245251065058647271e+02
1.242475823291563160e+02
1.243712952819759039e+02
1.240114093757332512e+02
1.240115246219531713e+02
1.241732571938918710e+02
1.239325830241334785e+02
1.238510939637707651e+02
1.238899939027988353e+02
1.231212059624227493e+02
1.227486928913363045e+02
1.228168615064008691e+02
1.227645065721212490e+02
1.227520268405267956e+02
1.226990170106333977e+02
1.231303202127605232e+02
1.233639598108690763e+02
1.231555149604739370e+02
1.227429444045190934e+02
1.222049943479991612e+02
1.221868629777771957e+02
1.216836999775526351e+02
1.210542424015681604e+02
1.207820630318869206e+02
1.203455182140274928e+02
1.202277961757851870e+02
1.199876729048335733e+02
1.198259322271043743e+02
1.198241739667721362e+02
1.194587615825981999e+02
1.190492541238365760e+02
1.187568223473099778e+02
1.185826488356661628e+02
1.188915644804711746e+02
1.189611762428999668e+02
1.190314911544445806e+02
1.190621122772168263e+02
1.188506184618350403e+02
1.181117358200354630e+02
1.179310462828638748e+02
1.178293396796603645e+02
1.180902421006671830e+02
1.179093354552193773e+02
1.174437731870901018e+02
1.172159325122121487e+02
1.167837702143556413e+02
1.167916870852078546e+02
1.167996839244526939e+02
1.164441251762143992e+02
1.160849749254692824e+02
1.156413888136053174e+02
1.153549381955607771e+02
1.150251900965262877e+02
1.148941314106325962e+02
1.146001327380125474e+02
1.143839724626390364e+02
1.140040125885243043e+02
1.139838510995195406e+02
1.140442940399189524e+02
1.140649434746653554e+02
1.138433772471369423e+02
1.134175527748854648e+02
1.127450028029147688e+02
1.121464674776918287e+02
1.121883509875672615e+02
1.123518696844114260e+02
1.123554239236482175e+02
1.119549736602504169e+02
1.115504784446978022e+02
1.111014933784824876e+02
1.106479731095781176e+02
1.098262354642205878e+02
1.096022580446669537e+02
1.097800586309767681e+02
1.093535945767442712e+02
1.090440349260040733e+02
1.090141766929335745e+02
1.092264411039732863e+02
1.091580213171444882e+02
1.089272942597421263e+02
1.088154487472141625e+02
1.088236856032468154e+02
1.086299854578249295e+02
1.085555408664898209e+02
1.083591321883737493e+02
1.074334668569430278e+02
1.065388554110534329e+02
1.056352074859127441e+02
1.050860681675884791e+02
1.048142102702911842e+02
1.045800103740318292e+02
1.038181922970017581e+02
1.028466588858601654e+02
1.027946049352127176e+02
1.027420251870833425e+02
1.023656820071547742e+02
1.019047293001563759e+02
1.012371003031881571e+02
1.008455558618063179e+02
1.005712685472789047e+02
1.002134025730091906e+02
1.003367702757671935e+02
1.000977477532998137e+02
9.973509874070694536e+01
9.908595832394630065e+01
9.830904881206686241e+01
9.784752405259305874e+01
9.750254954807365948e+01
9.683085812936724324e+01
9.635440215087619720e+01
9.615596176856175248e+01
9.575349673592087640e+01
9.542777448072820334e+01
9.485633785932168394e+01
9.448114935284996818e+01
9.377893874025241416e+01
9.331205933358833704e+01
9.280005993291763389e+01
9.264652518476503928e+01
9.232982341895478839e+01
9.148467012015640876e+01
9.071178800015781007e+01
8.989069494965445983e+01
8.853605550470157937e+01
8.724854091383977561e+01
8.643286960993917489e+01
8.597259556559517080e+01
8.538646016726765708e+01
8.495602037097756920e+01
8.488486906159350553e+01
8.440895864807428950e+01
8.445349358391348460e+01
8.441767028678124518e+01
8.369461645129422322e+01
8.272183479928712302e+01
8.210286343362341199e+01
8.167966003396301744e+01
8.153501013531611363e+01
8.090405064173337735e+01
8.042833398154897395e+01
7.958417573893838437e+01
7.869108660498832819e+01
7.791018848988719014e+01
7.772746312109809708e+01
7.738127587989710321e+01
7.703159179787577671e+01
7.615312302815739542e+01
7.571022528096710857e+01
7.493962149592628919e+01
7.408042575346092917e+01
7.361659167016262018e+01
7.330968855571990161e+01
7.299968540981809895e+01
7.220170243415965672e+01
7.127444690319154574e+01
7.033782515473896524e+01
6.947255066135245727e+01
6.863894006197212150e+01
6.767569703229517586e+01
6.702595659827791508e+01
6.677369353361406468e+01
6.554918538748898982e+01
6.495877311867567983e+01
6.464522537239967903e+01
6.424770239636337976e+01
6.352293171349834466e+01
6.287164819545292005e+01
6.221378605601307754e+01
6.118564248082130774e+01
5.998549745537501821e+01
5.889444187411620391e+01
5.811559785264265798e+01
5.740969480064915587e+01
5.677746949560518885e+01
5.662370656121741064e+01
5.570071369819935825e+01
5.525324615979732101e+01
5.435681430282562587e+01
5.304728717457136611e+01
5.196695674199125392e+01
5.099692600201144899e+01
5.009790505253687343e+01
4.943222732579479128e+01
4.855780537959074650e+01
4.803818725211184670e+01
4.714968409304232466e+01
4.584816575054780685e+01
4.477592500055341418e+01
4.381406565712459411e+01
4.280208652234816924e+01
4.177988537610920616e+01
4.119180341021134240e+01
4.011293273758720801e+01
3.878074013897700922e+01
3.743509104947173682e+01
3.603544550451687201e+01
3.538933889345138084e+01
3.384781706409231816e+01
3.245234046878008627e+01
3.124478835230310025e+01
3.030786702252837728e+01
2.980592628538222044e+01
2.885447099533556781e+01
2.752976868215712614e+01
2.639370573955265797e+01
2.524616741368950912e+01
2.384461354918135001e+01
2.291375105977913407e+01
2.124621319169609635e+01
1.956183150676372406e+01
1.838568839067041694e+01
1.752089736431355860e+01
1.616252259021572257e+01
1.511365918203607883e+01
1.405420119397583889e+01
1.294363756967255519e+01
1.190266421179046574e+01
1.052794364827318674e+01
9.058528937649688473e+00
7.978312058232003068e+00
6.846779856799995123e+00
5.986646319999993082e+00
4.552167999999997328e+00
3.103199999999999292e+00
1.679999999999999938e+00
