1.376620130298989579e+02
1.381636495251505892e+02
1.387107570961126726e+02
1.388997546425375731e+02
1.392926814571079319e+02
1.396087691485949733e+02
1.396452213622168017e+02
1.394396175375933922e+02
1.391511288258503498e+02
1.391829584099511976e+02
1.395787458686376965e+02
1.400189352208450373e+02
1.405039749705504732e+02
1.403878535056070973e+02
1.399877308137438661e+02
1.399876068825703896e+02
1.402703099823935702e+02
1.405558686690840489e+02
1.410059279485703598e+02
1.408948767157284294e+02
1.408231077936648319e+02
1.407506139329946677e+02
1.406773878111057172e+02
1.408862503142488833e+02
1.407335861760084867e+02
1.407814001777856561e+02
1.412741415937234990e+02
1.415294359532558417e+02
1.416256928820767769e+02
1.419249423051277859e+02
1.419039821263924068e+02
1.421252344711020044e+02
1.424295297687907862e+02
1.425752825947380984e+02
1.424396793886240289e+02
1.424239185743682015e+02
1.427312308831997996e+02
1.427184150335350807e+02
1.430287020540768879e+02
1.432209111657343215e+02
1.432938496623577578e+02
1.432867168306641759e+02
1.434815321521861335e+02
1.440419516688749582e+02
1.446484360291667031e+02
1.443721576052195132e+02
1.436890480860795094e+02
1.436455031172517351e+02
1.433994980982334937e+02
1.429085839376105582e+02
1.425743272097070928e+02
1.421962901108155108e+02
1.421780708190052849e+02
1.423212836555613876e+02
1.428295794500619706e+02
1.432217974243051231e+02
1.431735327518233589e+02
1.430843765169936432e+02
1.434791681989827907e+02
1.433930991908923431e+02
1.435485850413057847e+02
1.436248333750559425e+02
1.439038720960156184e+02
1.444685576727428042e+02
1.449177350229727494e+02
1.449674091141137637e+02
1.450579890041556155e+02
1.453515040446012847e+02
1.455267717622243708e+02
1.458250219820445750e+02
1.459646686687324575e+02
1.455804734027598215e+02
1.455964377805651111e+02
1.451277149298634583e+02
1.445734494241046093e+02
1.444580297213176721e+02
1.441798280013315150e+02
1.438988161629614808e+02
1.434129456191534473e+02
1.426797430496500283e+02
1.423027707572206282e+02
1.424876472295162557e+02
1.424319668985020257e+02
1.425373403015164797e+02
1.420377174762794539e+02
1.414118358346266859e+02
1.411836725602286151e+02
1.414784571315433368e+02
1.416954112439832159e+02
1.419145568121045642e+02
1.423379361738426496e+02
1.428868042160031564e+02
1.431179840565685595e+02
1.431090748046152896e+02
1.432212876814299420e+02
1.435366542236662326e+02
1.434107618420869130e+02
1.435260220627138494e+02
1.438444667300135222e+02
1.439237037676903981e+02
1.442461654219098079e+02
1.444506721433440646e+02
1.444148203468116947e+02
1.440149700472840379e+02
1.433282525730153054e+02
1.431194470434485879e+02
1.425853000438886795e+02
1.425710101453413188e+02
1.425565759043846867e+02
1.427036120246315534e+02
1.429733454794257170e+02
1.428013590701276030e+02
1.420215748183093183e+02
1.415571462811213053e+02
1.412900467486081482e+02
1.415050977258652836e+02
1.414798966927937443e+02
1.412524209018116608e+02
1.411842635371842221e+02
1.409133975123077960e+02
1.409226237498049272e+02
1.407703270200055385e+02
1.405760878989945866e+02
1.405819069686818068e+02
1.410726333016986302e+02
1.416895285875735908e+02
1.423530591793687279e+02
1.418919789690591529e+02
1.414666454232913395e+02
1.416026721447388752e+02
1.414976486310497137e+02
1.411491400313637996e+02
1.411607475064277821e+02
1.412936843499274744e+02
1.410239235857847291e+02
1.409938622078641970e+02
1.412463254624889260e+02
1.411781065277659195e+02
1.410687944724908220e+02
1.409987822954455510e+02
1.406856386822682339e+02
1.407733724063321858e+02
1.407407802084150035e+02
1.408290709175914515e+02
1.409182534521130208e+02
1.409275287395076361e+02
1.408156855954618720e+02
1.409047329247090943e+02
1.411966999239486995e+02
1.417340403272210949e+02
1.418323639668904548e+02
1.412448120877677979e+02
1.411361738260281697e+02
1.408648220464928329e+02
1.407523455015077616e+02
1.411639853550596797e+02
1.417413993485439221e+02
1.415165649985297875e+02
1.409662272712420190e+02
1.407335629002442943e+02
1.409833968689338235e+02
1.411953503726595613e+02
1.413690407804648430e+02
1.416656977580451837e+02
1.416825229879247559e+02
1.416187100888131738e+02
1.414734445341541402e+02
1.414075197314690797e+02
1.416641613449186252e+02
1.415597589342615663e+02
1.414947059942030307e+02
1.410653595901046629e+02
1.406720803940440874e+02
1.402748286808524654e+02
1.397523522028818661e+02
1.393054062655373571e+02
1.395812184500377100e+02
1.397386044949880954e+02
1.395339439343316315e+02
1.397312564993243313e+02
1.399305621205301691e+02
1.402530930510410201e+02
1.402152455061009562e+02
1.398537833394959193e+02
1.395290740802993810e+02
1.396455293740396257e+02
1.394803327010503438e+02
1.391114471727781847e+02
1.389004516896748100e+02
1.390105572622975671e+02
1.387985426891902421e+02
1.389076188779696679e+02
1.386945645232017341e+02
1.382773379022231666e+02
1.384215534365902442e+02
1.382035893298888141e+02
1.379834235655443990e+02
1.375590137025699846e+02
1.376555693965355545e+02
1.380763327237737883e+02
1.382993259836092079e+02
1.384841676602119378e+02
1.380244117779911051e+02
1.378832442201930348e+02
1.373770143638317904e+02
1.371484993574047735e+02
1.370388882398045212e+02
1.369281699391959819e+02
1.371799696355507479e+02
1.371514844803542701e+02
1.369610954347023721e+02
1.367687832673754258e+02
1.367361447145209183e+02
1.370264088025465981e+02
1.374004129318651337e+02
1.374549625574385630e+02
1.374292551085245861e+02
1.376861162712373243e+02
1.377031477487242057e+02
1.380435835845693191e+02
1.380238218025960180e+02
1.375594159622181678e+02
1.371307231941598559e+02
1.365360840345053361e+02
1.366627111459648916e+02
1.369118294403677965e+02
1.366382115559269437e+02
1.368870823797249727e+02
1.369768508886108123e+02
1.372291423117284239e+02
1.372415578906345388e+02
1.373753110006406928e+02
1.378740515157991808e+02
1.379737894098978472e+02
1.377917064746443714e+02
1.376481883582274577e+02
1.382708973315424430e+02
1.383746437692344102e+02
1.381966098679134802e+02
1.384612220888013212e+02
1.382032546351532574e+02
1.382255097324765245e+02
1.384904138711898440e+02
1.383539534052424642e+02
1.385797509143862101e+02
1.388482332468550169e+02
1.387557911584387398e+02
1.390260516751907005e+02
1.388141936113035513e+02
1.385193874861657264e+02
1.385448358446114128e+02
1.384089250955675254e+02
1.381504293894621753e+02
1.379701306964267360e+02
1.377072027236630447e+02
1.376436391148113216e+02
1.373370092068801682e+02
1.372697062695752379e+02
1.373229356258336225e+02
1.374575107331659751e+02
1.373510209425918163e+02
1.370010312551436868e+02
1.370919507627707503e+02
1.371837886492636471e+02
1.374785743931952595e+02
1.375339135284803262e+02
1.377110237661416647e+02
1.378899229961032802e+02
1.382322454506096392e+02
1.386588337884939506e+02
1.384028624126202658e+02
1.381443054672930089e+02
1.381659651184774020e+02
1.376625910287643535e+02
1.373965565947132177e+02
1.372490470653662555e+02
1.373828758236017791e+02
1.375180563874774862e+02
1.374121781691687545e+02
1.377496749183518148e+02
1.378885605235879268e+02
1.381500611349380847e+02
1.382525870049870775e+02
1.383561484898864080e+02
1.383799479695821049e+02
1.387272201712946753e+02
1.385931516881762775e+02
1.383365168567436001e+02
1.385217341987307407e+02
1.385472062613447122e+02
1.385325315771157761e+02
1.385177086637535524e+02
1.384219279431846417e+02
1.380019474173588208e+02
1.376585327448069620e+02
1.376348815604112019e+02
1.380150318792025530e+02
1.383586180598010174e+02
1.384228465250517104e+02
1.382048954798503928e+02
1.375807025048991932e+02
1.377178813180800034e+02
1.376140215334143591e+02
1.379131530640549954e+02
1.380132859232876115e+02
1.381548342659471018e+02
1.382978123898461433e+02
1.377957700907531660e+02
1.373290606977300570e+02
1.375041017148796527e+02
1.375192946614940581e+02
1.380598935974690278e+02
1.382423167651199662e+02
1.381437543082016361e+02
1.382462164729318772e+02
1.383093095686182039e+02
1.384134440087049143e+02
1.380337818269742058e+02
1.383775574009853813e+02
1.387652094959448448e+02
1.385507166625693856e+02
1.386572895581504667e+02
1.386841308668194870e+02
1.391556877442624511e+02
1.390663512568302167e+02
1.386932840978089700e+02
1.388012970684941081e+02
1.389508051196904432e+02
1.394654597168594705e+02
1.401065249665244608e+02
1.399055807742674062e+02
1.397834149235026473e+02
1.401044595186889694e+02
1.401055146653426959e+02
1.403894087528705654e+02
1.405145542958298108e+02
1.405197518139688952e+02
1.408482341555245796e+02
1.412204385409335998e+02
1.417580187282162001e+02
1.419777966951673704e+02
1.424018148436032334e+02
1.423048634783875173e+02
1.417624883620069056e+02
1.415782710727349638e+02
1.413921930027624398e+02
1.416082757603656717e+02
1.420285613741071700e+02
1.426955165395017957e+02
1.430055722621231951e+02
1.436823962243668120e+02
1.435983800246131636e+02
1.431094747723362559e+02
1.431812876488247355e+02
1.428497855038633304e+02
1.425149348523873130e+02
1.421362978306946445e+02
1.420770685158526874e+02
1.418152207230835131e+02
1.415911320435187122e+02
1.415263960035545949e+02
1.416226222258123926e+02
1.412349719452658974e+02
1.413282544901668700e+02
1.415436914042091416e+02
1.416400923274840409e+02
1.420202952802868026e+02
1.419194901821078929e+02
1.419388789718261705e+02
1.423625040119459015e+02
1.427904080928745429e+02
1.430610182756302606e+02
1.432535538137679509e+02
1.427611654684531857e+02
1.423850156247000882e+02
1.420454703279797002e+02
1.420661316444238480e+02
1.424910420650747938e+02
1.425566081465400714e+02
1.427844526732727957e+02
1.432974269427002980e+02
1.438155827704042338e+02
1.440561442125288636e+02
1.441779234469996425e+02
1.445029529767662950e+02
1.444676292694617814e+02
1.443915447166284594e+02
1.445975199157862789e+02
1.447247675917033405e+02
1.445300682744480696e+02
1.446162305802499191e+02
1.444204349295451095e+02
1.432933686157025193e+02
1.431246147633360977e+02
1.430349644074100297e+02
1.429848125327376920e+02
1.433785985179166289e+02
1.436551500180973733e+02
1.438132828465630553e+02
1.440134170167305854e+02
1.443367848653848000e+02
1.443401867327123682e+02
1.442224108411224108e+02
1.441842533748715027e+02
1.438224781564357500e+02
1.438206850065010940e+02
1.441017020267692033e+02
1.442239414411801306e+02
1.438625671123034806e+02
1.445076435477811287e+02
1.443915591391728981e+02
1.443551102415888749e+02
1.438334446884736053e+02
1.437509542307813035e+02
1.438696507381630454e+02
1.436259098365283080e+02
1.437029392288167173e+02
1.435383224533499629e+02
1.438568913670204950e+02
1.442594862293135805e+02
1.449085719488016366e+02
1.452813858068702473e+02
1.451731169766368907e+02
1.453061787642792524e+02
1.449153320851310980e+02
1.447225576617482545e+02
1.443662198603514355e+02
1.446123432932843969e+02
1.441336800942263778e+02
1.437309899941686808e+02
1.440919090850190969e+02
1.442140495808268099e+02
1.436505551321487246e+02
1.431621769011602794e+02
1.427900776779395926e+02
1.428990683615547539e+02
1.429283518803586333e+02
1.426751029094527894e+02
1.425809120297510049e+02
1.427281939694451012e+02
1.425537312822683873e+02
1.423371023053213094e+02
1.423203053589101046e+02
1.423033387463745782e+02
1.423266047943172623e+02
1.421884896912293641e+02
1.420489794860912127e+02
1.419484641273639909e+02
1.422913779064287212e+02
1.423145231378062476e+02
1.421358819573801213e+02
1.423190726842223057e+02
1.423020936204268878e+02
1.428505996165926035e+02
1.434450501177697959e+02
1.433586364825961255e+02
1.436349863460570759e+02
1.439949357030880037e+02
1.438736724273609866e+02
1.438319923508703653e+02
1.437090831826968156e+02
1.440293769522191667e+02
1.441508858103220803e+02
1.447180664750731012e+02
1.448869358334067385e+02
1.451383190236438736e+02
1.449882010339836711e+02
1.451597990242255207e+02
1.454947464891167215e+02
1.457118651405223204e+02
1.456079445863860826e+02
1.457858026125112758e+02
1.456422248611216048e+02
1.459012372334568965e+02
1.458800376095523745e+02
1.454949874843965745e+02
1.454696843276732636e+02
1.454037215431040977e+02
1.454987086293988057e+02
1.458774834640382210e+02
1.457348317818574230e+02
1.458735674564206306e+02
1.455692600569908848e+02
1.455447071282740694e+02
1.457219263921957406e+02
1.461837640325208554e+02
1.462058222550716096e+02
1.465917396515876021e+02
1.466179188399867996e+02
1.472908271110983947e+02
1.480513405162604670e+02
1.482942833497584161e+02
1.484992761108671289e+02
1.481406829402700964e+02
1.481825080204746143e+02
1.483863717378523006e+02
1.486326987251045750e+02
1.486390896213177939e+02
1.486859491124419321e+02
1.486120698105476094e+02
1.482950200106544969e+02
1.478535555663171408e+02
1.470035914811278133e+02
1.469531227082102873e+02
1.470233562709198907e+02
1.466094507787066732e+02
1.467166169481883742e+02
1.466632494426150402e+02
1.466901509521361788e+02
1.463940918708445054e+02
1.465394867382266568e+02
1.466863502406335158e+02
1.470367174147806963e+02
1.473502196108899511e+02
1.474648682938285447e+02
1.475806750442710040e+02
1.476572475194654146e+02
1.478558055752174880e+02
1.477331369446640679e+02
1.479324615602666881e+02
1.480125874346128398e+02
1.477298862975887062e+02
1.480099861591806985e+02
1.481312991506878518e+02
1.484558577279678104e+02
1.487028865939064133e+02
1.491140268625326826e+02
1.494485119823551429e+02
1.497055676589449718e+02
1.500460279383282796e+02
1.504303312508365593e+02
1.503336679301383754e+02
1.503168362930687465e+02
1.506634710030994029e+02
1.502055262657567596e+02
1.497429558239966809e+02
1.490332887111080424e+02
1.488417057687965723e+02
1.488098038068647213e+02
1.484543472796616470e+02
1.478932800804664396e+02
1.474881616974406882e+02
1.474425875731717213e+02
1.471541288617902410e+02
1.472263927896864573e+02
1.469761543330170070e+02
1.464405599323401361e+02
1.463844039720610226e+02
1.462468726990516643e+02
1.463099724232844778e+02
1.462929014376610439e+02
1.463968701390516571e+02
1.462594647869210860e+02
1.459994593807278420e+02
1.459792518997251989e+02
1.458376281815407935e+02
1.456945739207480983e+02
1.459541150714632067e+02
1.454486010822859328e+02
1.445743445275612657e+02
1.442165096237998227e+02
1.436126359836355277e+02
1.430834706905417306e+02
1.428317885763044615e+02
1.424563520972774313e+02
1.424407596942191105e+02
1.426270299941609210e+02
1.428959898930918087e+02
1.429252423162542698e+02
1.432376185012671783e+02
1.431895136376433300e+02
1.428580945834780778e+02
1.427657521045231874e+02
1.429553051560849326e+02
1.432679850061460911e+02
1.433413989961073014e+02
1.431731302990970960e+02
1.429223538374725138e+02
1.425074281186594760e+02
1.427347758774335205e+02
1.430048241186196947e+02
1.427523475945651796e+02
1.420124723177429473e+02
1.418307801189324664e+02
1.420512930494267891e+02
1.419103970196224509e+02
1.423741384036595434e+02
1.426405438420804046e+02
1.427480240829096374e+02
1.428565899827365797e+02
1.426430201845824399e+02
1.429929496813963681e+02
1.430231814963602233e+02
1.432557388852118834e+02
1.433694332173856196e+02
1.436862961791775888e+02
1.439255516961389105e+02
1.443692441375131352e+02
1.447366102399138299e+02
1.449864749898116543e+02
1.450368434240518809e+02
1.449665085091439494e+02
1.446530388981247199e+02
1.444172110082065501e+02
1.440173848567739299e+02
1.434923079361360578e+02
1.436891999354907057e+02
1.432820201368594724e+02
1.437596162998582372e+02
1.438784003028869449e+02
1.436347477806940844e+02
1.439946947279735241e+02
1.440350451797708331e+02
1.443586314947189067e+02
1.444026580754729991e+02
1.441238970459325515e+02
1.438827242888213789e+02
1.435583073624455039e+02
1.430285932953994461e+02
1.426147407024242852e+02
1.425199401034583104e+02
1.423029698014734379e+02
1.424878482843158736e+02
1.428362103881983671e+02
1.429456670587862277e+02
1.428542091502891651e+02
1.422769789396857050e+02
1.420171504441274237e+02
1.417951014587147540e+02
1.416920216754692774e+02
1.411434562378474595e+02
1.407913699372199403e+02
1.408801716537574578e+02
1.411314865189467582e+02
1.413449358777247369e+02
1.413181170482061759e+02
1.414526434830363542e+02
1.414269126091281237e+02
1.416029420294221381e+02
1.417807495246685789e+02
1.419603530552205939e+02
1.419397505608291112e+02
1.413532833947775487e+02
1.411245286815929205e+02
1.411762915975685075e+02
1.418346379773417993e+02
1.420551898761034977e+02
1.418335251273768165e+02
1.416096213407850826e+02
1.411410316573584396e+02
1.410717491488461235e+02
1.411229789382289823e+02
1.413363423618473291e+02
1.413498407695429080e+02
1.416463038076193186e+02
1.415821250582009156e+02
1.414768939981829590e+02
1.415726202001854404e+02
1.419117375759445565e+02
1.418906440161054547e+02
1.421117616324300172e+02
1.420926885176058363e+02
1.418714025430357992e+02
1.419711136798345876e+02
1.422334481614497008e+02
1.422964122842927281e+02
1.419559720043352229e+02
1.416120929336723293e+02
1.413051443774465668e+02
1.406718630075218641e+02
1.406786495025474153e+02
1.407259085884312242e+02
1.406524329176076549e+02
1.400125585026339934e+02
1.392450085885196529e+02
1.384293016045645004e+02
1.380093955601665812e+02
1.377872682425920061e+02
1.376437052955481022e+02
1.372158639348968734e+02
1.364604686211084186e+02
1.355762309304124074e+02
1.354507383135482712e+02
1.355664023369169229e+02
1.358448508453707859e+02
1.359240917630006038e+02
1.360041330939404531e+02
1.358021546403437867e+02
1.352749036771147928e+02
1.348635390677928001e+02
1.340843828967599904e+02
1.340650332290505276e+02
1.338030638677279569e+02
1.337808725936647249e+02
1.340412854481456577e+02
1.345467529779255074e+02
1.350169221999245224e+02
1.353706284847727375e+02
1.357279075603760816e+02
1.359271793539156477e+02
1.356436155090054569e+02
1.355996116252580634e+02
1.356763753790486078e+02
1.357135104838872621e+02
1.360338489736238330e+02
1.363978272460847165e+02
1.367654820667523268e+02
1.370156384512644649e+02
1.373895337891565873e+02
1.374843775648043049e+02
1.371357349139435655e+02
1.371876110241854292e+02
1.374420313375612182e+02
1.376586175126880676e+02
1.375541591037254818e+02
1.376506657613388427e+02
1.374653189508471200e+02
1.377629484351988935e+02
1.381443923587869165e+02
1.384488811704919442e+02
1.387564456267595858e+02
1.385418642694543223e+02
1.387695598681352465e+02
1.389187473415512670e+02
1.389886336783340539e+02
1.393824582609440199e+02
1.397802608696399034e+02
1.403032938077172105e+02
1.405487816239568417e+02
1.404735167918754541e+02
1.408015321130052371e+02
1.408096283969755405e+02
1.407774024211874462e+02
1.412296994153403773e+02
1.413229287023642939e+02
1.414170996993573226e+02
1.414314138377350218e+02
1.416074887249848757e+02
1.419065542676618747e+02
1.424914689572340762e+02
1.426782514719539279e+02
1.423012641130847271e+02
1.420820849627118605e+02
1.418606918815274014e+02
1.418794867490173601e+02
1.416560472212296133e+02
1.416727749709384625e+02
1.418108838090293773e+02
1.417483674838680372e+02
1.415236035190585255e+02
1.408925288071297359e+02
1.403762917243734307e+02
1.398548401256298348e+02
1.395705455814441791e+02
1.396470157388328346e+02
1.399262785240733251e+02
1.402891702263370348e+02
1.403728992185222353e+02
1.398514133520426981e+02
1.397287003555987894e+02
1.394027276319175712e+02
1.390330582140584568e+02
1.390232911253114594e+02
1.390942334599103845e+02
1.388022560201120257e+02
1.387093495152642504e+02
1.386559086012771047e+02
1.389655642437141694e+02
1.393591558017316743e+02
1.394738947492239163e+02
1.393473684335594669e+02
1.396236044783428554e+02
1.399430348266088799e+02
1.403060957844536745e+02
1.404708038226807503e+02
1.401523270936168615e+02
1.403154819127440476e+02
1.402782645583269527e+02
1.403214793518453689e+02
1.407287670220666200e+02
1.409785525475418524e+02
1.411500530783252998e+02
1.410808616952778607e+02
1.414150118134119793e+02
1.414697089024366790e+02
1.413633423256932247e+02
1.413771134602960160e+02
1.408253671316122393e+02
1.405912799309211607e+02
1.399507878090114161e+02
1.395866543525366694e+02
1.392592468207443801e+02
1.392517644653979687e+02
1.394866307731296899e+02
1.391582129021510355e+02
1.386244574769202416e+02
1.385701590675962223e+02
1.382324839066627646e+02
1.383762463703667436e+02
1.381578246165316557e+02
1.380584087035674656e+02
1.379579885894621043e+02
1.382201904944063529e+02
1.382426166610163136e+02
1.385076935969861722e+02
1.381289834312989342e+02
1.379888721528272981e+02
1.381301738917448176e+02
1.377476503957019247e+02
1.377248993895979083e+02
1.373786862521188539e+02
1.371097840930492850e+02
1.367169536293424983e+02
1.366029834639826106e+02
1.366494782464470461e+02
1.363328063095423772e+02
1.362149558682246493e+02
1.360555109780047189e+02
1.360560716949544542e+02
1.362586582777319677e+02
1.361804629067999031e+02
1.361418817240397345e+02
1.361029108323635626e+02
1.361039503357209526e+02
1.360241922583037422e+02
1.360648406649532944e+02
1.359846875403571858e+02
1.361461490306636790e+02
1.358243929602661240e+02
1.356610029901678161e+02
1.350515181718866415e+02
1.345166850221080495e+02
1.343804899213208728e+02
1.344045352740620842e+02
1.344692275495573313e+02
1.345749773227851733e+02
1.344797750735207558e+02
1.337775505793137825e+02
1.325833844235490915e+02
1.317003883066152525e+02
1.310104932390049157e+02
1.304752456959650715e+02
1.299345916120855122e+02
1.292672642546322095e+02
1.289972366208405106e+02
1.281992289099398761e+02
1.279184130403432533e+02
1.275135485255992478e+02
1.273066146723225813e+02
1.267339542144671327e+02
1.261959133479466431e+02
1.258948619676227310e+02
1.254695575430532131e+02
1.250803611545993164e+02
1.248488496511103421e+02
1.247362117687986398e+02
1.244204159280791231e+02
1.241014302303829027e+02
1.241428588185688540e+02
1.240230897157260728e+02
1.234980704199253694e+02
1.230485559797227353e+02
1.227965211916387460e+02
1.218146678703422481e+02
1.210249170407496564e+02
1.204696131724745243e+02
1.198682961338124784e+02
1.196649455897097312e+02
1.190959046360705429e+02
1.183594996323944741e+02
1.181409087195902998e+02
1.182029381005960573e+02
1.178615536369657946e+02
1.175975289262281507e+02
1.174520494204323882e+02
1.172646963842752257e+02
1.168734306911868828e+02
1.171650815062495496e+02
1.175000823295448953e+02
1.171111942722674826e+02
1.165971659315833335e+02
1.162395615470540235e+02
1.157571328758119193e+02
1.155930635109211977e+02
1.155485490009307057e+02
1.153015646474047884e+02
1.147288531791966335e+02
1.141503567466632916e+02
1.139700573198618088e+02
1.139495528483451778e+02
1.135652048973182531e+02
1.130557625225436880e+02
1.122179419419633604e+02
1.112504464060237694e+02
1.105156024303268225e+02
1.089652549801282078e+02
1.078436918991195625e+02
1.069936281809288516e+02
1.062157860413424117e+02
1.052684707488304525e+02
1.044327987361921828e+02
1.039119179153458958e+02
1.031433514296421947e+02
1.025286378077194769e+02
1.020693311189086074e+02
1.014033647665742137e+02
1.007306714813883417e+02
9.988956715291739386e+01
9.936319914436063527e+01
9.854868600440504167e+01
9.740271313576266721e+01
9.600274054117450362e+01
9.507347529411563869e+01
9.381159120617736846e+01
9.298140525876512186e+01
9.181960127147988260e+01
9.028242552674736032e+01
8.933578336035083112e+01
8.894523571752614544e+01
8.875276335103652059e+01
8.807349833438021847e+01
8.771060437816180411e+01
8.694000442238566961e+01
8.620202466907636563e+01
8.573941885765299276e+01
8.563577662389192824e+01
8.520785517564837619e+01
8.477561128853375294e+01
8.401576897831702695e+01
8.336946361446152309e+01
8.283784203480971087e+01
8.177559801495918634e+01
8.098545254036280028e+01
7.994490155592194469e+01
7.861101167264848755e+01
7.774849663903887631e+01
7.699848145357472617e+01
7.583684995310564148e+01
7.450186863950072791e+01
7.331501882777854462e+01
7.199496851290757604e+01
7.098481667970465026e+01
7.008567341384303973e+01
6.917744789277070083e+01
6.846206857855628414e+01
6.773946321066301834e+01
6.684794263703334138e+01
6.610903296670026918e+01
6.544346764313161202e+01
6.456915923548645253e+01
6.356480730857217765e+01
6.275233061471938356e+01
6.172962688355494976e+01
6.065618877126767927e+01
5.981433209218959490e+01
5.900437585069666113e+01
5.814583419262289965e+01
5.739983251780088125e+01
5.692912375535446046e+01
5.625164015692371322e+01
5.516327288578154509e+01
5.398310392503189092e+01
5.303343830811305537e+01
5.203377606880113149e+01
5.114522835232433096e+01
5.016689732558017312e+01
4.950191649048497311e+01
4.883021867725751974e+01
4.803052391642176389e+01
4.758638779436547139e+01
4.697614928723785965e+01
4.648095887599786380e+01
4.557672613737155842e+01
4.506740013875914741e+01
4.418929306945369717e+01
4.293867986813509674e+01
4.187745441225764864e+01
4.044187314369459330e+01
3.967865974110563343e+01
3.826127246576325547e+01
3.711239643006388889e+01
3.615393578794334672e+01
3.490296544236697684e+01
3.372016711350198648e+01
3.260622940757782118e+01
3.075376707836139900e+01
2.859976472561757532e+01
2.658562093496725254e+01
2.471274841915883513e+01
2.274014991834224375e+01
2.054560597812346856e+01
1.845010704860957418e+01
1.596980509960562955e+01
1.394929808040971864e+01
1.215080614182799756e+01
1.025333953719999514e+01
8.013474279999998728e+00
5.629771999999995558e+00
3.302799999999999070e+00
1.719999999999999973e+00
