1.426635824316221033e+02
1.432561438703253032e+02
1.437738826972988591e+02
1.441352350477754669e+02
1.445406414623999183e+02
1.445056984468682231e+02
1.447128267140093385e+02
1.448008350646549900e+02
1.450109445097534717e+02
1.450615601108608246e+02
1.449914748594556784e+02
1.448398735954100971e+02
1.443231046418288201e+02
1.439627319614430405e+02
1.436795272337807035e+02
1.439187143775561424e+02
1.440391054318752708e+02
1.439990963958333907e+02
1.439586832281152624e+02
1.440794780081964177e+02
1.445247252608049280e+02
1.442876012735399627e+02
1.442096982561013192e+02
1.440097962182844356e+02
1.440907032507914778e+02
1.440512154048394393e+02
1.438093084897371341e+02
1.435649580704419463e+02
1.432373313842848859e+02
1.430680114992775884e+02
1.425333449487655741e+02
1.420336817664287139e+02
1.418926078448783130e+02
1.421945533786641533e+02
1.426207609885500460e+02
1.430108696854044013e+02
1.433645148337416231e+02
1.436409240744875433e+02
1.435160849237237812e+02
1.437132170946707390e+02
1.438315324188591831e+02
1.439106388069285174e+02
1.439905442494225554e+02
1.443944891408316380e+02
1.444792819604353156e+02
1.444841231923600446e+02
1.444486092852118304e+02
1.442107164497080305e+02
1.437279964138466539e+02
1.433616125392396725e+02
1.433551641810494175e+02
1.434294587687367084e+02
1.434236957259973337e+02
1.436198946727250245e+02
1.439392875482062948e+02
1.441810985335422970e+02
1.443849480136794341e+02
1.446716646602820333e+02
1.448804693538195068e+02
1.450913831856764773e+02
1.451024072582596318e+02
1.449519265234943077e+02
1.454059863873681024e+02
1.451777640276446562e+02
1.452704687147920026e+02
1.455257259745377212e+02
1.455815413884217833e+02
1.457591327155772944e+02
1.461809421369476354e+02
1.465262041787346163e+02
1.467537415946811734e+02
1.471047894895766603e+02
1.466917065551281496e+02
1.463552591465942783e+02
1.465406658046405255e+02
1.469299654592328181e+02
1.468787529891243366e+02
1.470694474637619749e+02
1.471812600644062172e+02
1.475770303680866675e+02
1.470879094627136112e+02
1.471191004673877387e+02
1.470293944115026648e+02
1.471003983954574039e+02
1.474145438337948804e+02
1.476106503371668737e+02
1.477683336739057722e+02
1.477255895696019934e+02
1.475612015854567289e+02
1.473547490762192069e+02
1.471058071476955149e+02
1.471371789370665795e+02
1.470476554919863190e+02
1.470784398908949129e+02
1.469883231221166113e+02
1.465740637597137948e+02
1.462768320805189148e+02
1.459765980611304883e+02
1.458349475364946954e+02
1.455302500368641176e+02
1.452628788251155925e+02
1.455584634597126978e+02
1.460186499593058898e+02
1.463622726861671026e+02
1.469921946324913336e+02
1.472244390227190252e+02
1.472166050734527687e+02
1.474511162358116394e+02
1.476475921573847643e+02
1.476440324822077343e+02
1.480040732143508819e+02
1.482061345599508684e+02
1.484506409696467415e+02
1.485360009794421785e+02
1.487030312923648410e+02
1.489121528205710376e+02
1.488809624450209412e+02
1.491726893384053483e+02
1.493057468064695001e+02
1.498037846529999229e+02
1.500644289424236604e+02
1.503277060024475986e+02
1.498259656590388431e+02
1.497231976353922391e+02
1.499022198337302427e+02
1.502446664987168674e+02
1.501461277764822171e+02
1.502486139156379750e+02
1.503925393087261000e+02
1.506187265744701449e+02
1.509684106812835864e+02
1.512812229103872994e+02
1.513547706165531963e+02
1.515906773904564204e+02
1.512633104954115311e+02
1.514578893893043414e+02
1.515332216053575962e+02
1.516901228336948293e+02
1.518486089229241713e+02
1.521703120433580523e+02
1.521316283266237406e+02
1.523349781077002376e+02
1.525403819269702694e+02
1.525862443706774343e+02
1.530770145158354296e+02
1.529262772887231847e+02
1.528548255441639014e+02
1.530250763072369296e+02
1.533182588961988699e+02
1.530891504002009640e+02
1.534233842426278613e+02
1.533973578208357083e+02
1.532498563846826301e+02
1.533836933178612298e+02
1.536400942604658439e+02
1.538990851115812575e+02
1.542415001127089056e+02
1.543045455683922000e+02
1.545298440084768004e+02
1.541917616247245917e+02
1.544159208330551678e+02
1.548443644778329826e+02
1.551155196745796161e+02
1.553086057318978135e+02
1.550591977089881652e+02
1.549688865747352509e+02
1.551604914896323635e+02
1.554752439289210031e+02
1.556719635645665676e+02
1.557898621864310655e+02
1.556261234206373558e+02
1.552183064854920360e+02
1.542407136217094319e+02
1.538593066885949270e+02
1.534336431197937998e+02
1.531652960806000010e+02
1.530962586672720818e+02
1.530669279467403214e+02
1.528756847946865491e+02
1.528845300956429583e+02
1.530146768642857751e+02
1.533077544083694477e+02
1.534421761700693594e+02
1.532951274445151171e+02
1.533890176207225693e+02
1.533222400209324690e+02
1.532951919403354566e+02
1.527830221619557278e+02
1.528717395575307023e+02
1.532845854116472140e+02
1.534995812238857980e+02
1.535955365897836202e+02
1.536924612018018195e+02
1.538307688907087254e+02
1.538896655461706473e+02
1.546764298446168766e+02
1.547842725703199562e+02
1.550952248185052724e+02
1.554093179984900530e+02
1.555649676752423431e+02
1.558029976517602506e+02
1.556797956078391962e+02
1.556361571796350916e+02
1.557940981612471205e+02
1.560344425871192016e+02
1.564792349364835218e+02
1.570093282186703618e+02
1.574639678976469668e+02
1.580848160582288529e+02
1.580250667254832706e+02
1.586111785105896104e+02
1.588395742531212420e+02
1.589086608617387242e+02
1.590592533956952366e+02
1.588881347431267557e+02
1.587960957001280917e+02
1.586627229294221308e+02
1.588108312418403045e+02
1.588392234766068896e+02
1.591911348248545153e+02
1.593445806311674176e+02
1.591763440718862057e+02
1.591276202746326192e+02
1.591188083582138688e+02
1.590290993517320430e+02
1.592617165169008615e+02
1.593350671887891394e+02
1.590455224129183307e+02
1.590358812251703284e+02
1.580968497223942109e+02
1.579968179014076384e+02
1.578957756579883949e+02
1.579553289474619646e+02
1.582983120681431330e+02
1.583215273415594595e+02
1.585874013551101314e+02
1.590983852071814795e+02
1.591700860678602396e+02
1.592829152200610849e+02
1.594776921414759840e+02
1.591895880216930266e+02
1.587369575976690328e+02
1.586029874723940338e+02
1.584676641135288264e+02
1.586946102156856284e+02
1.589238487027121209e+02
1.593574229320329891e+02
1.594721443757910038e+02
1.599920650260518471e+02
1.604768333596482535e+02
1.608048821814631140e+02
1.611362446277404956e+02
1.613497420482226801e+02
1.612825677254777759e+02
1.614571391166438161e+02
1.616334738551958026e+02
1.618519937931262689e+02
1.619111048415425955e+02
1.620516210520630693e+02
1.624359808606694742e+02
1.626626069299689163e+02
1.628107140706762266e+02
1.632027414855313907e+02
1.631946883692237407e+02
1.632269579487111457e+02
1.634615736855667478e+02
1.637793673591579875e+02
1.638579468274324142e+02
1.640585321489212447e+02
1.644227597463856796e+02
1.647502623700872846e+02
1.651618811819058692e+02
1.656180617999042113e+02
1.660788503029340291e+02
1.662210609120537868e+02
1.662434958707618478e+02
1.663873695664264289e+02
1.664922924913396969e+02
1.666386792841814497e+02
1.667461406910923927e+02
1.664910512031235612e+02
1.661525769728524438e+02
1.656894716897487569e+02
1.652216885755036913e+02
1.650724127025295900e+02
1.643559724267978197e+02
1.638343155826244129e+02
1.632265813965900350e+02
1.624106882793842601e+02
1.621522103832153334e+02
1.617295054375920813e+02
1.613833388258501031e+02
1.614377159857075696e+02
1.614118343289974575e+02
1.611836710393909868e+02
1.606703747872636825e+02
1.600710856437006271e+02
1.591829147916172360e+02
1.583261765571887167e+02
1.575415924820092073e+02
1.571127196787977027e+02
1.567199188674722734e+02
1.562827463307801850e+02
1.562451983139194738e+02
1.558840387009283859e+02
1.556404431322508231e+02
1.557580233659108728e+02
1.560384074403126817e+02
1.567256640811241937e+02
1.568542061425499696e+02
1.573880870126765785e+02
1.575233202148244516e+02
1.580235557725506510e+02
1.583672280530812202e+02
1.589567960132140172e+02
1.593502990032456239e+02
1.594245444477229228e+02
1.592167115633569097e+02
1.596936480437953207e+02
1.601754020644396519e+02
1.606216182469086107e+02
1.609915335827363663e+02
1.609611450330666003e+02
1.605264091243100211e+02
1.606529385094044073e+02
1.610635742519234270e+02
1.613167416686097795e+02
1.618148905743533135e+02
1.621160510852056404e+02
1.619758091769745363e+02
1.619957668454288751e+02
1.615714816620487682e+02
1.616277592545955883e+02
1.615229891460554370e+02
1.612151405515721478e+02
1.612274146985567995e+02
1.611994087864220830e+02
1.612923321074966054e+02
1.613053859671678936e+02
1.609953393607760290e+02
1.608033730916933166e+02
1.600034071633256190e+02
1.592761688518446874e+02
1.590264331836812630e+02
1.589357910946276036e+02
1.591674657521494680e+02
1.594822886385344418e+02
1.599619077156914955e+02
1.601635431471628408e+02
1.603672153001649576e+02
1.600880962627926181e+02
1.593617133967601092e+02
1.587088014108693983e+02
1.582917185968377396e+02
1.581128470675122060e+02
1.580533808762752415e+02
1.582357382588646999e+02
1.582179174331964759e+02
1.581191085183803864e+02
1.584233419377574990e+02
1.586094363007655090e+02
1.593226629300660306e+02
1.593966292222894481e+02
1.592693224467567177e+02
1.591407297441987510e+02
1.591724542870691721e+02
1.592044992798672354e+02
1.596409083635024047e+02
1.598393013772755751e+02
1.597164660376522534e+02
1.592691576137897584e+02
1.593425834482726202e+02
1.596591752002755982e+02
1.602213890911876604e+02
1.604256455466540388e+02
1.603087328754082819e+02
1.598674069448560999e+02
1.584115221665210527e+02
1.575873961278001048e+02
1.565933294220194796e+02
1.557912418404245898e+02
1.550618604448726501e+02
1.546887479241140966e+02
1.546755029536510619e+02
1.544196999531829988e+02
1.545653534880627831e+02
1.549144984727915073e+02
1.551459580533238523e+02
1.556625838922472269e+02
1.558207918103504426e+02
1.561018099094448246e+02
1.561432423327728998e+02
1.558618609421945678e+02
1.561432938810049222e+02
1.566295897787926776e+02
1.569591815947399027e+02
1.570900824189293132e+02
1.573435175948782216e+02
1.570742601968467795e+02
1.571255153503497297e+02
1.575005205559095316e+02
1.575560813696056073e+02
1.573697791612173660e+02
1.571007870315332298e+02
1.568694818500326846e+02
1.569590725757915948e+02
1.568879520967583119e+02
1.571393455522809859e+02
1.569084298507894459e+02
1.571196261119081328e+02
1.571309354665737885e+02
1.570211469359337855e+02
1.568294413494282651e+02
1.562721629792196723e+02
1.557900636153736400e+02
1.553434986013876369e+02
1.556600995973607269e+02
1.556970703003652545e+02
1.555727982831966187e+02
1.555684831143401254e+02
1.557257405195352931e+02
1.554805459793291220e+02
1.554752989690191782e+02
1.555508070394133142e+02
1.553442495347608201e+02
1.554588379138997141e+02
1.557361999130304469e+02
1.556931312252832811e+02
1.554880113386697928e+02
1.554424356956262159e+02
1.556388239349756191e+02
1.555139635706826482e+02
1.558726904754373095e+02
1.559926166418562445e+02
1.563157743857117907e+02
1.563997721067811710e+02
1.562825980876572487e+02
1.562046445329871176e+02
1.561663076090775064e+02
1.562487955647254694e+02
1.566957530956818800e+02
1.568643970663451626e+02
1.573579768346922378e+02
1.579777543784777549e+02
1.578361155338155584e+02
1.574910257917321417e+02
1.575464906987203051e+02
1.573600916148685087e+02
1.574950420352207630e+02
1.573485273083045968e+02
1.572409366750546269e+02
1.572938754293475085e+02
1.570241165953009670e+02
1.567920369649502845e+02
1.568404413787379497e+02
1.570913549280175801e+02
1.574660150788063788e+02
1.574808233119251497e+02
1.577786094059850370e+02
1.582006155616009551e+02
1.581824399612134471e+02
1.582448888497104633e+02
1.585099887370811587e+02
1.586969583202835281e+02
1.588858164851353081e+02
1.589149661466013015e+02
1.591060264107081252e+02
1.592182084956652375e+02
1.590486954501670596e+02
1.590390863132996913e+02
1.588273599124239865e+02
1.586134948610345532e+02
1.587207018798322906e+02
1.589097998786185713e+02
1.593432322006248683e+02
1.593365981824494497e+02
1.593703011943936758e+02
1.594447486812056241e+02
1.596411602840458670e+02
1.595567275596421268e+02
1.599158864238810622e+02
1.600766529534151630e+02
1.598754070236518317e+02
1.595913202259105788e+02
1.592235557837482816e+02
1.590540967512609996e+02
1.586000977285465297e+02
1.585859573015623027e+02
1.584100578803651160e+02
1.585556140205710562e+02
1.587834485056278311e+02
1.587711601066945661e+02
1.590011718249439525e+02
1.587890624494380347e+02
1.582111741913524270e+02
1.577486607993452594e+02
1.569986472720661652e+02
1.568067144162279760e+02
1.566936509254827001e+02
1.569026777025081287e+02
1.565481592954620567e+02
1.564728881772350348e+02
1.560736244214498925e+02
1.558723479004545993e+02
1.555074221216704586e+02
1.555024465875466149e+02
1.554166127146930307e+02
1.551682956714076624e+02
1.547962582539466894e+02
1.543396548019663612e+02
1.535148028302694456e+02
1.528432351820905808e+02
1.524477123051408398e+02
1.518057700051938355e+02
1.511977474799931542e+02
1.503815631111041569e+02
1.501227910213171697e+02
1.501846373952696467e+02
1.503683206012831022e+02
1.505134551528106215e+02
1.505792476291011326e+02
1.509285329586882938e+02
1.503924575340288925e+02
1.500933914485140122e+02
1.499529206550647302e+02
1.497302228839042471e+02
1.498285079635396926e+02
1.498873817813529286e+02
1.500680624054068630e+02
1.500889519246530881e+02
1.505140928531857298e+02
1.507819119729143722e+02
1.511736484574897190e+02
1.516501499570600799e+02
1.519698484414751078e+02
1.521715640822980049e+02
1.521328930124226417e+02
1.522150434468910589e+02
1.523788317645359029e+02
1.524634664288244608e+02
1.526701681099238215e+02
1.531617859696199275e+02
1.534563494642630133e+02
1.537134843073357615e+02
1.539328124316527919e+02
1.543159721531846742e+02
1.546221940941255752e+02
1.551335293880052859e+02
1.552055852404104712e+02
1.553995810509188686e+02
1.552723040918371566e+02
1.548609132240787858e+02
1.545665790142199114e+02
1.549965444588081027e+02
1.552692368270796806e+02
1.554638755829082868e+02
1.552564399827352872e+02
1.548044848310460964e+02
1.545499846778246820e+02
1.542929138159845479e+02
1.537504179959434509e+02
1.534044626221655676e+02
1.528125885072379901e+02
1.525783722295325617e+02
1.523821941712457431e+02
1.520628223951973439e+02
1.519826488840384116e+02
1.520632817010484814e+02
1.520235168697461745e+02
1.521045624946926296e+02
1.523076388835280852e+02
1.523107463469980871e+02
1.520714609565633282e+02
1.519913747035997460e+02
1.518296714177774902e+02
1.517471428462402798e+02
1.515425685315553608e+02
1.515379480116727677e+02
1.511292404158304521e+02
1.510800408240708919e+02
1.511515563879510466e+02
1.513854104928801121e+02
1.514196065584643520e+02
1.514945520792575735e+02
1.514894465447038101e+02
1.510398449946510766e+02
1.507473181764153196e+02
1.504114325014286351e+02
1.506378106075042069e+02
1.503008187954588664e+02
1.509301199954129231e+02
1.511213333286999045e+02
1.517589225542423037e+02
1.523221439941837616e+02
1.523253979739226907e+02
1.520458565393156221e+02
1.516826833730464443e+02
1.511946296697434207e+02
1.508632622926715214e+02
1.504477396895667596e+02
1.504320602924912293e+02
1.503758184772645166e+02
1.505210287649134671e+02
1.505464937019322065e+02
1.502489835373064295e+02
1.501908924619251593e+02
1.502130226888132540e+02
1.500333562513267225e+02
1.496902588397236400e+02
1.495053119593173676e+02
1.497629413730468571e+02
1.503060013869163640e+02
1.507737387746630304e+02
1.509633724996596413e+02
1.513569419188481220e+02
1.515928706250992661e+02
1.515483541667671545e+02
1.513821759260272017e+02
1.513355312384117894e+02
1.513288194327391523e+02
1.516452721542819120e+02
1.517629011659417415e+02
1.520433345110518530e+02
1.520841762737898932e+02
1.518426022967573488e+02
1.511945477745028370e+02
1.504591391661643343e+02
1.499183223900651569e+02
1.493720428182473086e+02
1.489818614325731119e+02
1.486281428611853244e+02
1.482708513749341250e+02
1.478291428029640997e+02
1.475041846494589493e+02
1.472567521711700920e+02
1.469664163345154293e+02
1.466327437722378022e+02
1.465785290628663233e+02
1.468469990534001681e+02
1.474414131852535093e+02
1.475569830154068995e+02
1.475929121367751691e+02
1.476696082189647257e+02
1.477470790090554829e+02
1.479465444535911445e+02
1.477439842965566754e+02
1.477818023197537798e+02
1.479008104239940167e+02
1.483846569939329356e+02
1.487521787817508141e+02
1.490830088704549894e+02
1.495383927984398156e+02
1.499175684832723050e+02
1.500985540235075746e+02
1.499581353772798025e+02
1.503415508861419312e+02
1.504864150365075091e+02
1.505115303399060167e+02
1.506985154948546608e+02
1.506853691867218288e+02
1.501064335219414261e+02
1.500873065878197110e+02
1.504720268563836783e+02
1.505778049054378300e+02
1.508058635408465022e+02
1.510362257988342947e+02
1.513497230291259541e+02
1.510199222516426687e+02
1.508484063147899406e+02
1.503519255704949273e+02
1.502948743136308849e+02
1.501160346602337370e+02
1.500161966264984983e+02
1.503193905318161399e+02
1.504236267998145991e+02
1.503672997977928389e+02
1.508760604018111167e+02
1.508647074765765979e+02
1.508936439157341169e+02
1.511652968845802718e+02
1.514396938228080955e+02
1.515552462856653051e+02
1.513891376622878226e+02
1.511405430932197191e+02
1.510914576699195777e+02
1.510822804746657084e+02
1.508709903784502728e+02
1.506575660388389224e+02
1.504419858978165507e+02
1.505878645432493670e+02
1.506140045891404782e+02
1.505191965546871415e+02
1.502214106613005811e+02
1.501630410720206896e+02
1.497404455272936730e+02
1.494347934619132445e+02
1.492472661231444135e+02
1.491386526496408749e+02
1.488673259087281906e+02
1.487548746552805312e+02
1.486008834901824400e+02
1.481625085759419562e+02
1.480833419959011508e+02
1.479225676726273093e+02
1.478005734066945251e+02
1.475965387946402814e+02
1.479156957521620939e+02
1.479552482345077919e+02
1.475103517520275034e+02
1.475054058101291048e+02
1.475408139496249760e+02
1.471725393430559166e+02
1.468813528717737995e+02
1.466276291634080167e+02
1.466945749125327723e+02
1.462773483964984109e+02
1.454518670671697578e+02
1.451028960274442454e+02
1.443867636640852652e+02
1.439462259233181669e+02
1.441072989124427579e+02
1.440679786994370488e+02
1.441494734337746024e+02
1.443125994280549662e+02
1.443561610384397227e+02
1.443597586246865205e+02
1.444442006309966757e+02
1.439234349808042452e+02
1.427913484654591798e+02
1.425771196620797809e+02
1.423203228909897291e+02
1.418993160515051670e+02
1.415548646984896095e+02
1.409645097964543083e+02
1.402065755519741401e+02
1.396834096484585643e+02
1.392761713620795945e+02
1.391880518808885370e+02
1.390990423039277459e+02
1.386859013170988248e+02
1.381877791081807345e+02
1.380078576850309844e+02
1.375028865505364308e+02
1.372756429803394269e+02
1.370056999801408608e+02
1.366118181617585492e+02
1.361735536987460478e+02
1.359732865643899231e+02
1.356093803680705889e+02
1.354034145132027618e+02
1.350741560739425609e+02
1.351052081554969675e+02
1.347729375308051090e+02
1.347605429604092819e+02
1.347884272327370070e+02
1.350590174068046849e+02
1.346454721280856575e+02
1.342277496243289647e+02
1.336845955801302352e+02
1.330551470506367195e+02
1.323385323743806055e+02
1.321803357316973404e+02
1.318185209411084600e+02
1.315338595364734147e+02
1.314887470065384605e+02
1.314431787944834298e+02
1.313567462570544819e+02
1.314310568253070528e+02
1.311828856821284432e+02
1.309726118001298971e+02
1.311642543435653749e+02
1.309537922662275662e+02
1.314684770365937254e+02
1.313418959965594865e+02
1.313352484813730996e+02
1.315709580619933377e+02
1.315262202646395338e+02
1.314002224895349684e+02
1.311113358480150168e+02
1.311831675232473629e+02
1.308112803265123603e+02
1.306376568954670745e+02
1.305834918136032741e+02
1.304075674884878140e+02
1.304318863520079788e+02
1.301736225777857214e+02
1.301551743209957976e+02
1.300961356777733897e+02
1.299556926038117979e+02
1.296926187917289894e+02
1.293864836280090174e+02
1.292792763919282777e+02
1.292113902948773898e+02
1.287791821160373900e+02
1.284638203192299386e+02
1.285897174941715377e+02
1.283532499941121614e+02
1.281952020142550168e+02
1.279547495093486020e+02
1.279946964740893947e+02
1.277926227011007967e+02
1.278309320213137994e+02
1.277484161831447125e+02
1.272610264476214468e+02
1.263646731794151918e+02
1.259845183630459218e+02
1.258025438010563875e+02
1.254975189909660429e+02
1.251086050413796471e+02
1.252006111529089623e+02
1.252531425786956589e+02
1.251849925037330280e+02
1.251161540441747206e+02
1.250062162062371982e+02
1.250163800063004800e+02
1.251478585922224340e+02
1.250786450426491854e+02
1.250491364067160447e+02
1.249789256633494716e+02
1.245847733973226923e+02
1.241866397952755818e+02
1.239865048437123960e+02
1.237843483269824674e+02
1.233781296232145905e+02
1.232102319426408599e+02
1.223133655986272004e+02
1.217710763622498575e+02
1.213041175376259702e+02
1.211152702400261347e+02
1.210457275151779299e+02
1.207734621365434435e+02
1.203368304409529088e+02
1.200170004454070636e+02
1.199767681266737895e+02
1.196128970976504036e+02
1.194877748461115203e+02
1.195230048950621438e+02
1.193161665606688189e+02
1.190264308693624002e+02
1.192994251205680882e+02
1.190499243642103124e+02
1.188787114790001880e+02
1.187461732111115253e+02
1.186931042536476753e+02
1.185990952057048275e+02
1.184637325310150118e+02
1.181653863949646279e+02
1.177832185807723135e+02
1.178416349300734396e+02
1.176582171010837072e+02
1.172305223243272252e+02
1.165964871962900844e+02
1.156328153497879754e+02
1.145381973230180819e+02
1.137961589121395036e+02
1.130870292041813485e+02
1.124919486910926167e+02
1.119312613041337272e+02
1.111224861657915852e+02
1.103459456220115698e+02
1.102888339616279580e+02
1.098271050117453882e+02
1.094819242542880602e+02
1.092948729841294266e+02
1.089847201859894312e+02
1.087926466525146196e+02
1.084774208611258359e+02
1.081186069304299764e+02
1.079581888186162359e+02
1.079173624430466276e+02
1.081185479222693147e+02
1.079177251740095045e+02
1.077148739131408917e+02
1.073483574880210085e+02
1.068973307959810910e+02
1.061993240363442226e+02
1.057366909458023656e+02
1.051885767129317770e+02
1.052813906191228455e+02
1.051327177970935907e+02
1.049825432293878151e+02
1.043864073024117829e+02
1.038650578812240752e+02
1.037424827083070937e+02
1.034166492003101467e+02
1.032087365659699429e+02
1.031603399656261502e+02
1.029902423895212848e+02
1.027376185752742970e+02
1.024016349245191009e+02
1.019814494187065037e+02
1.017186357764710039e+02
1.012915512893646337e+02
1.008197487771360272e+02
1.007068169466022596e+02
1.004715322692952100e+02
1.001126588578739955e+02
9.966935238169071454e+01
9.885793169867764618e+01
9.819993100876516223e+01
9.757568788764143619e+01
9.710675544206213772e+01
9.626944994147689272e+01
9.578732317320900336e+01
9.509830623556464957e+01
9.415990528844916696e+01
9.341404574590833931e+01
9.286267247061435626e+01
9.206330552587300531e+01
9.182152073320527563e+01
9.177931387192442969e+01
9.141344835547918990e+01
9.124590742977699165e+01
9.115748225229999946e+01
9.090654772959599939e+01
9.028944215110713856e+01
8.922165873849203876e+01
8.858753407928479362e+01
8.806821624170186169e+01
8.766486489060787335e+01
8.681299483899798020e+01
8.579090387777567628e+01
8.520293320987438790e+01
8.420498304027718461e+01
8.347978084876487515e+01
8.294927358461089284e+01
8.241340766122316097e+01
8.199334107194255239e+01
8.164983946660858294e+01
8.089882774404918564e+01
7.997861388287793716e+01
7.908950897260397994e+01
7.839344340667061317e+01
7.809438727946529468e+01
7.746907806006595365e+01
7.712028086875353949e+01
7.608109178661985084e+01
7.495059776426231224e+01
7.352585632753768152e+01
7.253116800761399929e+01
7.168804849253933753e+01
7.071520049751444503e+01
6.969212171466116956e+01
6.890113304511210401e+01
6.806175055061837043e+01
6.725429348547311292e+01
6.615585200552841627e+01
6.532914343992773354e+01
6.473650852517947385e+01
6.381465507593884467e+01
6.304510613731199697e+01
6.202535973465865027e+01
6.099531286329160196e+01
6.011647763968849034e+01
5.906714913099850151e+01
5.792641326363490606e+01
5.677415481175246015e+01
5.552944930480046537e+01
5.423176697454595541e+01
5.332501714600601872e+01
5.232830014748083869e+01
5.128111126008173670e+01
5.022334470715329502e+01
4.903368152237704436e+01
4.791280961856267595e+01
4.674021173592191758e+01
4.571738559184030493e+01
4.419937938569726299e+01
4.278725190474480655e+01
4.148207263105530984e+01
3.980007336470238499e+01
3.842431653000239322e+01
3.703466316161856753e+01
3.591380117335209121e+01
3.466040522560814452e+01
3.339434871273549277e+01
3.223671587144999506e+01
3.126940997116161114e+01
2.992869694056725649e+01
2.865524943491643128e+01
2.765176710597616250e+01
2.623410818785472642e+01
2.504455372510578925e+01
2.368136739909674660e+01
2.230441151423914192e+01
2.172162779216073858e+01
2.113295736581893536e+01
2.029591653113023497e+01
1.941001669811134533e+01
1.851516838193064274e+01
1.736885695144509256e+01
1.633217873883343429e+01
1.492139266548830001e+01
1.357716430857404966e+01
1.169410536219600161e+01
9.994045820399996671e+00
8.276813960000000137e+00
6.219003999999994647e+00
4.059599999999998765e+00
2.040000000000000036e+00
