1.581945739456793376e+02
1.587419938845249874e+02
1.593757513985103174e+02
1.599351024227376854e+02
1.607021236593305957e+02
1.610728521811431051e+02
1.610836890718607606e+02
1.612158475473345334e+02
1.615513611589230720e+02
1.616478395544681916e+02
1.618665046004723820e+02
1.620065703035083686e+02
1.625116871752602776e+02
1.629006941164244040e+02
1.633744385014390730e+02
1.637317560620593326e+02
1.639714707697565359e+02
1.640923947169268615e+02
1.644973684009356418e+02
1.650276448494301178e+02
1.649168129792222715e+02
1.651280939184065630e+02
1.650586807256637485e+02
1.647865461875389883e+02
1.651581274621610191e+02
1.648869974365253483e+02
1.651383812490159926e+02
1.647862436858751209e+02
1.647941855412871917e+02
1.649638237790780977e+02
1.649331553324022650e+02
1.651041973054580012e+02
1.651961588944006394e+02
1.652082413074758733e+02
1.655032740479560971e+02
1.655588626747022829e+02
1.660190532067699962e+02
1.662010638452229330e+02
1.662232968133571660e+02
1.666497947609659889e+02
1.663937320817845489e+02
1.660542748300851201e+02
1.657517927576611783e+02
1.656078714723855683e+02
1.652604762347320957e+02
1.648287638734672385e+02
1.641502665388560729e+02
1.635861278170258686e+02
1.635011392091166726e+02
1.635365042516334597e+02
1.637742467188219564e+02
1.640143906250724228e+02
1.639741319445182057e+02
1.638526585298160398e+02
1.637703621513300334e+02
1.637680425771014825e+02
1.638465076536381844e+02
1.638853612662999524e+02
1.639246073396978716e+02
1.642874821613096969e+02
1.645732143043538258e+02
1.649426407114686697e+02
1.650733744560286880e+02
1.648417923798275240e+02
1.648502953331583853e+02
1.648992882153114010e+02
1.650699880962739314e+02
1.651616041376516364e+02
1.652945496339902149e+02
1.650652016504961921e+02
1.651567693439342577e+02
1.651684538827625204e+02
1.648974281644066764e+02
1.646640688529366514e+02
1.645495644979152701e+02
1.645147116140556420e+02
1.645603147616735100e+02
1.643639543047202096e+02
1.642868225300208849e+02
1.640472954848687834e+02
1.639669651362313516e+02
1.639666314507381628e+02
1.642895267179169991e+02
1.647368956746638275e+02
1.652695915905694619e+02
1.657268601924940583e+02
1.661079395883794803e+02
1.662908480690695114e+02
1.661523717869386019e+02
1.658104765524644506e+02
1.654247237903668122e+02
1.653179028185534207e+02
1.650887907258106964e+02
1.649785764907188650e+02
1.649480570613313830e+02
1.649980374356877917e+02
1.652505428643310665e+02
1.655460028932648413e+02
1.658444473669329398e+02
1.657822700676100851e+02
1.661639091592015802e+02
1.665089991507089451e+02
1.664939385360696633e+02
1.664787257940089944e+02
1.667057836303129932e+02
1.668947309397100298e+02
1.669239706461721937e+02
1.667918895415867269e+02
1.669413025672607773e+02
1.667285884517773979e+02
1.666349378300791386e+02
1.671059978081610780e+02
1.674201998062223709e+02
1.678991917234572497e+02
1.681405977004621661e+02
1.681824219196581964e+02
1.685074968885439830e+02
1.686338352409534593e+02
1.688018537787414175e+02
1.690119735138796386e+02
1.690625995089693276e+02
1.691945449585547010e+02
1.692470151096510733e+02
1.694616314238899122e+02
1.696380115392822461e+02
1.700990015548311192e+02
1.703222237927585354e+02
1.704264886795546659e+02
1.705722107874284177e+02
1.704769805933615032e+02
1.706636167609721326e+02
1.708521381423958871e+02
1.710021597397934556e+02
1.711941007472661909e+02
1.711859603507740530e+02
1.711777377280554049e+02
1.712906441697533353e+02
1.716471153229825859e+02
1.717243589121026446e+02
1.718023827394972898e+02
1.716387704439367781e+02
1.717159297413502941e+02
1.719958886276276360e+02
1.718746349774017972e+02
1.717925605832339215e+02
1.715884450335682914e+02
1.715842879126959133e+02
1.717821090027227910e+02
1.719415242451745200e+02
1.719409335809846482e+02
1.719807409908947307e+02
1.719805464554482342e+02
1.718591378337859794e+02
1.717365028624109300e+02
1.711277806691015542e+02
1.706745259283854921e+02
1.705803292205917785e+02
1.705659891117076654e+02
1.707939283956650343e+02
1.709433620158228280e+02
1.710539010260845032e+02
1.708423242687716765e+02
1.705882063320925965e+02
1.705335417495888066e+02
1.705187290399886422e+02
1.705845747878678651e+02
1.708531058463304646e+02
1.711647533801321970e+02
1.715199529092243154e+02
1.715151039487122375e+02
1.711869736855665565e+02
1.708959330157253760e+02
1.704403363795199766e+02
1.698589256358790180e+02
1.687059854907869578e+02
1.685110964553402653e+02
1.683950469245857562e+02
1.682778251763498361e+02
1.683614395720697132e+02
1.684863025980507985e+02
1.685316187859099841e+02
1.684561805918278026e+02
1.683395763553820927e+02
1.687066427832143063e+02
1.687945886699130540e+02
1.690854431009225607e+02
1.691772152534574047e+02
1.693911265186434036e+02
1.695667944632772901e+02
1.698654489528042575e+02
1.696014635886921269e+02
1.696984480693856767e+02
1.698772202721069107e+02
1.698557780526330703e+02
1.699957354066993958e+02
1.700562983906056616e+02
1.700366650410159934e+02
1.700572374151679469e+02
1.701184216314835567e+02
1.694933551833164529e+02
1.689023789730469787e+02
1.685882615889362910e+02
1.682709713019566777e+02
1.679504760625814868e+02
1.674247232955378877e+02
1.672572962581180889e+02
1.672497942001197089e+02
1.674846406061810455e+02
1.672370107133147883e+02
1.668656673871864484e+02
1.670158256436234581e+02
1.672483087309321377e+02
1.671599078090227692e+02
1.673130381909318487e+02
1.671444830211430315e+02
1.669742252738820412e+02
1.668426517917999945e+02
1.669117694866669979e+02
1.667795651380474453e+02
1.662823890283309538e+02
1.659418070993240804e+02
1.660018253528531886e+02
1.654967932857088044e+02
1.651078720057671774e+02
1.649574464704723482e+02
1.650479257277496572e+02
1.647756825532830476e+02
1.647431136901847708e+02
1.651546602931158247e+02
1.655299598920365440e+02
1.658686463555924320e+02
1.660895417733252941e+02
1.662722644174997413e+02
1.663356206237376966e+02
1.666420410340784599e+02
1.667899404384620254e+02
1.666969095338006355e+02
1.664413227614145114e+02
1.661831543044594355e+02
1.661648023277369077e+02
1.664694973007442229e+02
1.668176740411554420e+02
1.671289636779345926e+02
1.671201653312470796e+02
1.669496619507552282e+02
1.668582443947023819e+02
1.666446913077795386e+02
1.664289811189694888e+02
1.665747284029995399e+02
1.668027559626256959e+02
1.673159151137632819e+02
1.676726415290540899e+02
1.679117591202575852e+02
1.681532920406637004e+02
1.683568606471347096e+02
1.682392531789238603e+02
1.681204577564898273e+02
1.679600583398877518e+02
1.682020791311992411e+02
1.684061405365659141e+02
1.688950914510757570e+02
1.691061529808858950e+02
1.688344979604904097e+02
1.686005029903943182e+02
1.689298010003981005e+02
1.691816171721193314e+02
1.690723405778997517e+02
1.690427682605034647e+02
1.686896649095998839e+02
1.683329948581817064e+02
1.684575705638194734e+02
1.682197682462830528e+02
1.683836042891736611e+02
1.680642467567409426e+02
1.679840876330723631e+02
1.675394824576486883e+02
1.674136186440894107e+02
1.667208269132217993e+02
1.665058857709306039e+02
1.662483694655873876e+02
1.663518883490773419e+02
1.661736245950284001e+02
1.663167925202295976e+02
1.660169621416479231e+02
1.652696587289362640e+02
1.653228876049855955e+02
1.652150379848345949e+02
1.654293312978123822e+02
1.651205366644568926e+02
1.651722592570271786e+02
1.647800598555828060e+02
1.642626867228118215e+02
1.636188754775868404e+02
1.631301772500879679e+02
1.627577547980682766e+02
1.630280351495644879e+02
1.635434698480453335e+02
1.639833028768133261e+02
1.640235382594067914e+02
1.644278164236432360e+02
1.647553701248929201e+02
1.648034041665584652e+02
1.647307112793517945e+02
1.649805164437902931e+02
1.650712287310994384e+02
1.652840694253535503e+02
1.651354236619745279e+02
1.651872966282558650e+02
1.653609056851063031e+02
1.650110158435423386e+02
1.646979958015584202e+02
1.645838341429879108e+02
1.645493274171601001e+02
1.645548761789495131e+02
1.642372486656057617e+02
1.637143925915206069e+02
1.637923157490111521e+02
1.637902179282943393e+02
1.639901191194890373e+02
1.643940597166560735e+02
1.645192522390464660e+02
1.645244972111579784e+02
1.646510072839978704e+02
1.650616235191899932e+02
1.651531550698886406e+02
1.655688435049389113e+02
1.658675186918560200e+02
1.660884027190480197e+02
1.660690936556028134e+02
1.659687814703066522e+02
1.658270519902079911e+02
1.655222747375841550e+02
1.653760350884691661e+02
1.651071061499688142e+02
1.648758647979483385e+02
1.646826917150991108e+02
1.645683754697975019e+02
1.648165408785826287e+02
1.649864049278619973e+02
1.650367726544059508e+02
1.654916895499046916e+02
1.655471611615198242e+02
1.656031930924447408e+02
1.655385788812565409e+02
1.658773524053102335e+02
1.658559115205152068e+02
1.660766783035510912e+02
1.658552306096475775e+02
1.656719501107550911e+02
1.656484344553083474e+02
1.658671055104125571e+02
1.661687934448612509e+02
1.663119125705663066e+02
1.664564773440067142e+02
1.665216942868755723e+02
1.664663578655307106e+02
1.665316746116474178e+02
1.663956309208559219e+02
1.661774049705617244e+02
1.658357625965261377e+02
1.660159218146741864e+02
1.659554765804785461e+02
1.657732086671504987e+02
1.657103117849995897e+02
1.654851634191918208e+02
1.654597610294864012e+02
1.653128899287746094e+02
1.655685756856306057e+02
1.656248239248803316e+02
1.657220443685650650e+02
1.658202468369348708e+02
1.661618654918530638e+02
1.663857227190438550e+02
1.664098209283264680e+02
1.666765867962899677e+02
1.669864513093832272e+02
1.672590417266499117e+02
1.673727694208582761e+02
1.677300701220790984e+02
1.676465354768472480e+02
1.680066014917651103e+02
1.680470722139046984e+02
1.681283557716206758e+02
1.681296522945666538e+02
1.683733861561278218e+02
1.686599860162900200e+02
1.681414000164556342e+02
1.681024242590453923e+02
1.675782063222686986e+02
1.675335417396653384e+02
1.672864057976410948e+02
1.674812179774154686e+02
1.674759777549655837e+02
1.677131088433995956e+02
1.678314230741412132e+02
1.678701243173141506e+02
1.677476003205198083e+02
1.678662629500197738e+02
1.679053161111315546e+02
1.677831475870006273e+02
1.677001490777793435e+02
1.674951000785648887e+02
1.675304041197626077e+02
1.677276809290530082e+02
1.677653342717702856e+02
1.676821558300707693e+02
1.674769250808800223e+02
1.670676010917975987e+02
1.670985869614114563e+02
1.670894817792034246e+02
1.673227088678834491e+02
1.674774837049326095e+02
1.670681653585179731e+02
1.670587528873913357e+02
1.671704574620121662e+02
1.673236944060717235e+02
1.673168630364373826e+02
1.671079424610471733e+02
1.668161034960069458e+02
1.667233368646542715e+02
1.665084210754079379e+02
1.661297182579881735e+02
1.658279982403917927e+02
1.657252507478706605e+02
1.655002532806771001e+02
1.655154073542186666e+02
1.656115225800199937e+02
1.656278005858784752e+02
1.653614147332108644e+02
1.649711259931416123e+02
1.646981070637800428e+02
1.643415222866462955e+02
1.641025477642893406e+02
1.638611593578683028e+02
1.638597569271387329e+02
1.640199564920605440e+02
1.639393499919799808e+02
1.642619696888683336e+02
1.645474441301698505e+02
1.647953981112832196e+02
1.651670687992751709e+02
1.650576452517941277e+02
1.651895406583780925e+02
1.653227683417957223e+02
1.652553215573696832e+02
1.652680015731009462e+02
1.647555571445457190e+02
1.641571284288344827e+02
1.639162913422573808e+02
1.634710013558154174e+02
1.635060619755705034e+02
1.635010727025972699e+02
1.634960330329262206e+02
1.636929626595208163e+02
1.638514774338597988e+02
1.637287650847069642e+02
1.637260253380874815e+02
1.637232579172604687e+02
1.638820787043032112e+02
1.643253320245485440e+02
1.642882141662105369e+02
1.643315294608190982e+02
1.642136661220399390e+02
1.640946122444844377e+02
1.644996083277614503e+02
1.648278871997594308e+02
1.649170577775346942e+02
1.646434927045805807e+02
1.644479724288690079e+02
1.642100731604737689e+02
1.642525991519941044e+02
1.646187870222159972e+02
1.649078656790061643e+02
1.644725915949553610e+02
1.648005975706633990e+02
1.652531288592547583e+02
1.654678069285408526e+02
1.656038453823643408e+02
1.652564094771350653e+02
1.655115247243787167e+02
1.651227522468482221e+02
1.651744972190381304e+02
1.651863608273110628e+02
1.653599604316267460e+02
1.654949095268959240e+02
1.653079894211070950e+02
1.653616054758657583e+02
1.653349550261277159e+02
1.653080353799258830e+02
1.654828640201279200e+02
1.657402666869975576e+02
1.660406734212101298e+02
1.663441145668788295e+02
1.666910248150294365e+02
1.663949745606356601e+02
1.662171460208435860e+02
1.662799454756003286e+02
1.661413590662624813e+02
1.662437970366287061e+02
1.661452495319483091e+02
1.663689389211596676e+02
1.663928675971310440e+02
1.664978460577080739e+02
1.667655010683916146e+02
1.672782839074666015e+02
1.671093776843094645e+02
1.671407855397063429e+02
1.672533187269764028e+02
1.674073926535116925e+02
1.680074673267790502e+02
1.683711791179587749e+02
1.681729081999585560e+02
1.681746547474332658e+02
1.681764189368007294e+02
1.678953726634351256e+02
1.679751239024600409e+02
1.676112362651107333e+02
1.676477133991015194e+02
1.674421347465672056e+02
1.671940755015830575e+02
1.671859348500836120e+02
1.672989240909937791e+02
1.672918425161556684e+02
1.672442853698538840e+02
1.672366518887412212e+02
1.673097493825676452e+02
1.673027771541086679e+02
1.674169466203113643e+02
1.674110571922338693e+02
1.674051082749832915e+02
1.674395033080649284e+02
1.676762659677422960e+02
1.678346120886281767e+02
1.680349617056845943e+02
1.680353148542274369e+02
1.679548634891185657e+02
1.682776398879991291e+02
1.677955958464629020e+02
1.673894907540033898e+02
1.672217078323259898e+02
1.669714220528553028e+02
1.667186081341976660e+02
1.666652607416126557e+02
1.665305664056702994e+02
1.668389559653230094e+02
1.669484403690130705e+02
1.668974145141542635e+02
1.670478934486407923e+02
1.669978721703442659e+02
1.671897698690347625e+02
1.672219897667014834e+02
1.670929189562641568e+02
1.669221403598631639e+02
1.670728690503669043e+02
1.669422919700674868e+02
1.664871636061290587e+02
1.662698622284132171e+02
1.664948103317304060e+02
1.664392023552830437e+02
1.666658609649324774e+02
1.667331928938711201e+02
1.667608009029000016e+02
1.666270716190912822e+02
1.659263349687790878e+02
1.656225605745243854e+02
1.654369298732560765e+02
1.654110402760173315e+02
1.655869093697136805e+02
1.654413225956705276e+02
1.653346692885563982e+02
1.653077467561175240e+02
1.656037846021388305e+02
1.655391763657971467e+02
1.657567438038356613e+02
1.659765088927630359e+02
1.664409180734984091e+02
1.666675940136340728e+02
1.667753474885192304e+02
1.671670176651711870e+02
1.675222400658295498e+02
1.679618586523531576e+02
1.684059178306597460e+02
1.686120382127878372e+02
1.687798365785734234e+02
1.690705419985593210e+02
1.696066080793525828e+02
1.697036445245983032e+02
1.698016611359586250e+02
1.701834960969272004e+02
1.704883798958865384e+02
1.705539190867540071e+02
1.704181000876300232e+02
1.699172728157874701e+02
1.696942149654422280e+02
1.692668838034770999e+02
1.690776604075522016e+02
1.689673337450027191e+02
1.688558926717196016e+02
1.685413057290099346e+02
1.683447532616260673e+02
1.681462154157836721e+02
1.676628438543272921e+02
1.673362059134614981e+02
1.666426322358193204e+02
1.658208406422430983e+02
1.653947885275174770e+02
1.651260490176946405e+02
1.646525747653483336e+02
1.641339139043920170e+02
1.635696100044368961e+02
1.634440505095325875e+02
1.636000510197295625e+02
1.637576272926556840e+02
1.641996235279358984e+02
1.644844682100356579e+02
1.646105739495312719e+02
1.645763373227590307e+02
1.648245831543020188e+02
1.649137203578810329e+02
1.653269902604862125e+02
1.657848386469550803e+02
1.660048875221773130e+02
1.661059469920979836e+02
1.661676232243413267e+02
1.664723466912540744e+02
1.667397441325795455e+02
1.669694385177576521e+02
1.673630692098554675e+02
1.673970396059148413e+02
1.676333733393086050e+02
1.679529023629378628e+02
1.679524266292299615e+02
1.680327541709387162e+02
1.681138931019585243e+02
1.681150435373322125e+02
1.680758015528607814e+02
1.677533349018790148e+02
1.671851867695752389e+02
1.666517038076517281e+02
1.661128321289413350e+02
1.659321536655968998e+02
1.657092461268658496e+02
1.656861071988544154e+02
1.653395022210650609e+02
1.653126285061264866e+02
1.655279075819458114e+02
1.656241490726730206e+02
1.659637869420937477e+02
1.663472595374683749e+02
1.663305651893620620e+02
1.661520860498605430e+02
1.662546323735963938e+02
1.662774064379764241e+02
1.665428347858345433e+02
1.670533684705403630e+02
1.673266348187271717e+02
1.676430654734614620e+02
1.674374398721837736e+02
1.672701412850340148e+02
1.672627689747818351e+02
1.669724939139208857e+02
1.668004989029506362e+02
1.667479786898492193e+02
1.664120996867169140e+02
1.660728279663806859e+02
1.657705332993742218e+02
1.655055891912872141e+02
1.653591810012998451e+02
1.652112939407068666e+02
1.655467615562695869e+02
1.654815773295648569e+02
1.657389669995605743e+02
1.657969363631927990e+02
1.657746831951438367e+02
1.657118012072166380e+02
1.658099002093097738e+02
1.662322224336460579e+02
1.660931539733798843e+02
1.659122767407880303e+02
1.656487643846342621e+02
1.655038024087214978e+02
1.652361640492136985e+02
1.651274384335490311e+02
1.650176145793427338e+02
1.648258733124675075e+02
1.647130033459261540e+02
1.645989932787135785e+02
1.649686800795085446e+02
1.650592728075843070e+02
1.651103765733178363e+02
1.647983601750681544e+02
1.642407678536042397e+02
1.635967352056611048e+02
1.629461971774352378e+02
1.629355527044803011e+02
1.628843966711924054e+02
1.631963602739313046e+02
1.634710709837694083e+02
1.638293646300698185e+02
1.639892572020903003e+02
1.640699567697889165e+02
1.639898553230192135e+02
1.642321770939587111e+02
1.645173505999583767e+02
1.648458086868269561e+02
1.649351602897241946e+02
1.651062225148724281e+02
1.651982045604767961e+02
1.649678833944213636e+02
1.645332155499203566e+02
1.643365813635562631e+02
1.640975569328849701e+02
1.636945019524096381e+02
1.634489918711200289e+02
1.633222140112328020e+02
1.629517313244770378e+02
1.630623548732095003e+02
1.631336917911207536e+02
1.632057492839600741e+02
1.634401507918795744e+02
1.626668189816960819e+02
1.624109282643397876e+02
1.621524527922624372e+02
1.618913664568308661e+02
1.614660267240712415e+02
1.613596229536073849e+02
1.612925484379875627e+02
1.612247964020073425e+02
1.611967640424320223e+02
1.610068323660927945e+02
1.609361943091846570e+02
1.608648427365500879e+02
1.609139825621717819e+02
1.606807904668400795e+02
1.609300913806463598e+02
1.608990822026730996e+02
1.603829113158319615e+02
1.592554659755876401e+02
1.586014807834217777e+02
1.580216977610319873e+02
1.575572704656894132e+02
1.573709802683728469e+02
1.569403841094677432e+02
1.565862465752200023e+02
1.567537844194136198e+02
1.569634186054687177e+02
1.569731501065336943e+02
1.569425758651856597e+02
1.569116927931169130e+02
1.569209018112294416e+02
1.572938402133627562e+02
1.572261012256193453e+02
1.574809103289081804e+02
1.576170811403116261e+02
1.574313950912235782e+02
1.572438334254786696e+02
1.571755893186651178e+02
1.569046356754194562e+02
1.567925612883029203e+02
1.565581427154569383e+02
1.561193360762192697e+02
1.560397334103223841e+02
1.560401347579013418e+02
1.561213482403044850e+02
1.557993416568730254e+02
1.554336784412858208e+02
1.549431095366523436e+02
1.544071813501544170e+02
1.537042235860142796e+02
1.529133571575904398e+02
1.524377345026163937e+02
1.518360954571883781e+02
1.514303994517051422e+02
1.511014135875808790e+02
1.508095086743244906e+02
1.508782915902271498e+02
1.505841329194210232e+02
1.498829625448702814e+02
1.494171338837064980e+02
1.491486200845525332e+02
1.489582021056083079e+02
1.488466687935435857e+02
1.489764331247918676e+02
1.487842758836281121e+02
1.485497736198258565e+02
1.484341147675010575e+02
1.479536512803041717e+02
1.479127790710140289e+02
1.479523020919335181e+02
1.480730324160942075e+02
1.480333660768629613e+02
1.481549152291545681e+02
1.479140557870249211e+02
1.477919755424490802e+02
1.475878540832821386e+02
1.474624788720018103e+02
1.474570493656588894e+02
1.473303528946045731e+02
1.474448009036413225e+02
1.477220211147891007e+02
1.475575970856454830e+02
1.476743404905511170e+02
1.476710510005570143e+02
1.479505565662188644e+02
1.479096530971908692e+02
1.476259122193845883e+02
1.473797093125096467e+02
1.474138477904137403e+02
1.474887351418320520e+02
1.476047829715475075e+02
1.473179625975224951e+02
1.477555177752754503e+02
1.474298159346217574e+02
1.473836524592137778e+02
1.472158105648622382e+02
1.468442530958206476e+02
1.464689425210311242e+02
1.460090328495258802e+02
1.456656897469962644e+02
1.456017068151477361e+02
1.453350573890376154e+02
1.447828862515530659e+02
1.439827133854076351e+02
1.437805185711180229e+02
1.436974935061801659e+02
1.436136298042225690e+02
1.434885149537596476e+02
1.432409241957170707e+02
1.428292163593100952e+02
1.426153700599089404e+02
1.422781515756659871e+02
1.422607591673394438e+02
1.422027870377165755e+02
1.420634212502189939e+02
1.422054760103220303e+02
1.421469454649715942e+02
1.418453994595674601e+02
1.417024236965328328e+02
1.410731552490231593e+02
1.405587426757809908e+02
1.400391340159404479e+02
1.392718525413538657e+02
1.387392449912665597e+02
1.382820656477437353e+02
1.381030966138829115e+02
1.382051480948311450e+02
1.381062101967990827e+02
1.376830406028274751e+02
1.372960006089164438e+02
1.370666672817337712e+02
1.367946134158929681e+02
1.363985994099924710e+02
1.359985852626190024e+02
1.356349346087057484e+02
1.353888228370768729e+02
1.352614372091684345e+02
1.349711486961298306e+02
1.346375239354846371e+02
1.340985090257421462e+02
1.335540495209515370e+02
1.332465146676281336e+02
1.328146612804318352e+02
1.325804659398306740e+02
1.322630969089196640e+02
1.314980776857774458e+02
1.304425027129062471e+02
1.294974774877844936e+02
1.283408863512972857e+02
1.272938245972698894e+02
1.262765905022928763e+02
1.252894853558513688e+02
1.244944296523748761e+02
1.241761915680557280e+02
1.239355470384399069e+02
1.236924717559999749e+02
1.236085573292928217e+02
1.232813710396896880e+02
1.229104757976663365e+02
1.224146220178448630e+02
1.218329515331765265e+02
1.207605571042188188e+02
1.198389465699179368e+02
1.191100470403210920e+02
1.182525727680012295e+02
1.173460330989909863e+02
1.165515485848394377e+02
1.152237864493326072e+02
1.143674610599320687e+02
1.137449101615473239e+02
1.129948587490378458e+02
1.122776351000383102e+02
1.117551869697356892e+02
1.112678656259957251e+02
1.107756218444399394e+02
1.102380018630707070e+02
1.097757594576471405e+02
1.093492519774216447e+02
1.086356080580013383e+02
1.080763717757589291e+02
1.074306785613727300e+02
1.068592712741138655e+02
1.064033043172866542e+02
1.058215195124107169e+02
1.047894136488998100e+02
1.044337511605048547e+02
1.033876274348532718e+02
1.026541691261145814e+02
1.019941102283985543e+02
1.018526365943417176e+02
1.016289258528705943e+02
1.013625513665360955e+02
1.006490417843798468e+02
1.002111533175554570e+02
9.980924577530866770e+01
9.936287452051362834e+01
9.891199446516553451e+01
9.829494390420749994e+01
9.759085242849238284e+01
9.667762871564893601e+01
9.619962496530195040e+01
9.571679289424432113e+01
9.482504332751932452e+01
9.412630639143378630e+01
9.374374382973130082e+01
9.327650891892025697e+01
9.284495850395990146e+01
9.244945303430289130e+01
9.180752831747776099e+01
9.136113971462394545e+01
9.062741385315543141e+01
8.948223621530853222e+01
8.840629920738227554e+01
8.764272647210334810e+01
8.703305704252854014e+01
8.633642125507932974e+01
8.563274874250446089e+01
8.528560479040855569e+01
8.457131797010953278e+01
8.409224037384801420e+01
8.372953573115970016e+01
8.316114720319158948e+01
8.262742141736518420e+01
8.212870850238921605e+01
8.154415000241313294e+01
8.054964646708400267e+01
7.998954188594352388e+01
7.938337564236714172e+01
7.860947034582545712e+01
7.762572762204595733e+01
7.626841173944036711e+01
7.489738559539441098e+01
7.367412686403470445e+01
7.219608774144911933e+01
7.122837145600931308e+01
6.984683985455488653e+01
6.881498975207570368e+01
6.769190884048053647e+01
6.671909983886922646e+01
6.581727256451445385e+01
6.506795208536824759e+01
6.402823442966487733e+01
6.285680245420695655e+01
6.195636611536062333e+01
6.084481425794003684e+01
5.956041844236371929e+01
5.789941256804410585e+01
5.670647734145870089e+01
5.574391650652403740e+01
5.465042071366062970e+01
5.358628354915222047e+01
5.210735712035576483e+01
5.069430012157149434e+01
4.918616173896109700e+01
4.713753711006169311e+01
4.510862334349668146e+01
4.314002357928959697e+01
4.131315513059557532e+01
3.922540922282377807e+01
3.723778709376138352e+01
3.494725969066807636e+01
3.291642392996773481e+01
3.082467063633104942e+01
2.915623296599094516e+01
2.751134643029390148e+01
2.544580447504432996e+01
2.380384290408516179e+01
2.226650798392440223e+01
2.107728079184283132e+01
2.003765736549780385e+01
1.927036097525030200e+01
1.805086967197000192e+01
1.657663603229293514e+01
1.512791518413425962e+01
1.317971230720633180e+01
1.149465889616800318e+01
9.752180703200000522e+00
7.951697679999999657e+00
6.173431999999994702e+00
4.336799999999997546e+00
2.319999999999999840e+00
