1.362872752436254871e+02
1.368154295390164350e+02
1.372681106454703865e+02
1.379677885307779661e+02
1.381492813442205261e+02
1.380901831759811955e+02
1.377880638141209033e+02
1.374424887011331577e+02
1.376186754556898961e+02
1.379986620764543090e+02
1.383016788651052309e+02
1.384865443081866658e+02
1.384712568769566872e+02
1.382537948252089564e+02
1.383169644699083847e+02
1.382999641110180278e+02
1.386060243545640560e+02
1.387535599541049578e+02
1.384985454081877094e+02
1.384833792001884376e+02
1.384680597981707137e+02
1.384121816143136243e+02
1.384365470851647899e+02
1.385015627122880630e+02
1.386076391033205937e+02
1.384723627306272533e+02
1.383761239703310650e+02
1.380768928993239513e+02
1.377342352518425059e+02
1.373881164160027311e+02
1.369576933494981574e+02
1.366845387368661306e+02
1.366510492291574508e+02
1.366576254839978901e+02
1.366642681656536809e+02
1.366709779451046529e+02
1.366777555001067128e+02
1.368866217172788140e+02
1.371784057750298871e+02
1.373923290656861411e+02
1.371639687532188248e+02
1.370949179325444334e+02
1.369039575076201913e+02
1.370747045531520314e+02
1.369643480334869992e+02
1.371761091247343529e+02
1.373900092169026266e+02
1.374848577948526440e+02
1.375806644392436056e+02
1.378390549891350929e+02
1.378172272617525493e+02
1.372699265270234150e+02
1.367979055828528772e+02
1.362403086695476020e+02
1.361619279490378460e+02
1.362443716656954962e+02
1.365296683491864940e+02
1.363734023729165301e+02
1.366600023968842947e+02
1.365454569665507449e+02
1.365913706732835635e+02
1.369205764376607135e+02
1.373339155935963447e+02
1.377110258521167339e+02
1.380919453051686503e+02
1.382342881870392262e+02
1.386608971586256587e+02
1.386069668268943360e+02
1.383504715423180755e+02
1.385762338811284735e+02
1.388850847284126360e+02
1.392778633620331448e+02
1.396746094565999385e+02
1.397521307642416843e+02
1.399920512770119387e+02
1.403556073505171469e+02
1.407632397479966357e+02
1.407709492404009382e+02
1.408999487276772982e+02
1.408282310380581919e+02
1.407153848869272110e+02
1.408034190777043761e+02
1.408115344219241649e+02
1.408197317393168930e+02
1.408684158983004693e+02
1.410792079780809445e+02
1.409688969475565727e+02
1.409382797450075202e+02
1.408669492373812204e+02
1.407140901387685403e+02
1.405192829684525577e+02
1.404841242105583490e+02
1.407314385965239865e+02
1.409004430267914074e+02
1.408691343704966243e+02
1.408375094651486279e+02
1.412096055203509763e+02
1.411006116367184120e+02
1.413137491279986477e+02
1.414078274020187109e+02
1.417048761636554559e+02
1.420857334986414457e+02
1.423896297966074656e+02
1.425753836329371325e+02
1.429246299322599896e+02
1.431965958911714836e+02
1.432288847385578094e+02
1.434635199379360131e+02
1.437409292302389474e+02
1.439807365962015240e+02
1.444249864608098051e+02
1.445100873341508247e+02
1.448384720546979452e+02
1.450085576310080455e+02
1.449379370010183834e+02
1.453110474757753821e+02
1.454859065411873758e+02
1.455413197385738044e+02
1.451528482207819479e+02
1.451240891119004175e+02
1.447718071837375930e+02
1.449008153371082415e+02
1.449099144819282685e+02
1.447978934160886695e+02
1.448463569859486313e+02
1.450165222080276806e+02
1.454308305131598900e+02
1.454856873870304241e+02
1.455410983707376147e+02
1.457586852229667898e+02
1.455744295181489747e+02
1.449438682001505185e+02
1.447109779799503713e+02
1.445161393736863147e+02
1.443193327006931099e+02
1.440397300007006436e+02
1.439189191926264471e+02
1.440797163561888397e+02
1.440805215719075818e+02
1.442833551231387048e+02
1.444478334577162855e+02
1.442099327855716808e+02
1.437676088743150160e+02
1.435228372467831548e+02
1.436392295422054985e+02
1.435143732749539822e+02
1.432266396716709664e+02
1.433804441127992675e+02
1.428489334472723442e+02
1.419888216639116649e+02
1.413220420847587775e+02
1.413758000856153672e+02
1.413896970561769706e+02
1.411613101577550822e+02
1.414962728866210853e+02
1.415921948349707975e+02
1.418102978131013288e+02
1.420306038516174851e+02
1.419703069208261184e+02
1.416669766877027996e+02
1.415221986744472531e+02
1.412547461358064993e+02
1.410249960967734069e+02
1.409949455522964286e+02
1.412070157093903617e+02
1.414212279892831248e+02
1.417184121103872485e+02
1.416549617276639310e+02
1.414696583107717061e+02
1.416057154654258170e+02
1.418239550155816744e+02
1.422060151672541792e+02
1.427131466335903553e+02
1.431445925591819162e+02
1.430551439991732252e+02
1.434092363628019200e+02
1.434032690533350660e+02
1.434780495488232646e+02
1.430283328775992970e+02
1.428569018965648922e+02
1.426029312086513983e+02
1.423059911198499208e+02
1.417636273937881697e+02
1.411349771654426775e+02
1.409848254196388098e+02
1.409139650703420443e+02
1.404787525963054122e+02
1.400391440366721554e+02
1.396759030673460984e+02
1.396322253205518109e+02
1.395477023439914319e+02
1.397047498424155378e+02
1.396209594367840907e+02
1.398595549866503234e+02
1.401813686733840996e+02
1.404256249226101545e+02
1.401470958814234962e+02
1.400273695771972484e+02
1.400276460375721683e+02
1.404319656945175439e+02
1.407999653479973006e+02
1.411312781292901946e+02
1.413043213427181684e+02
1.410346680229473577e+02
1.409239070938862710e+02
1.408120273675621377e+02
1.408202296642034526e+02
1.409093228931352257e+02
1.407568918112472716e+02
1.405625169810585362e+02
1.408914312939982949e+02
1.407792235292913006e+02
1.407466904336276912e+02
1.405118085188156556e+02
1.405977863826421697e+02
1.405634205885278902e+02
1.405691117055828556e+02
1.406152643490738683e+02
1.399750144940136920e+02
1.399747621151659018e+02
1.398128910254201287e+02
1.400938293186062253e+02
1.402967972915213579e+02
1.402593912035569019e+02
1.404236274783398528e+02
1.407915429074149074e+02
1.408399423307224652e+02
1.413736791219411373e+02
1.414683627494354994e+02
1.415235987368036206e+02
1.418218169058623914e+02
1.418402190968301682e+02
1.421012314109392207e+02
1.423648802130702222e+02
1.422271517303748283e+02
1.419264158892677301e+02
1.420266827164318499e+02
1.422087704206385297e+02
1.421502731521595422e+02
1.421315890425852331e+02
1.422339283258433795e+02
1.418928568947915494e+02
1.420331887826177137e+02
1.422961502854726916e+02
1.423193437226997560e+02
1.420599431542424043e+02
1.420807506608504127e+02
1.420209602634851649e+02
1.420009699631168871e+02
1.423444141041578348e+02
1.427721354587455949e+02
1.430829651098440820e+02
1.430737021311554145e+02
1.429835375062174592e+02
1.430136742487045467e+02
1.428016911603081951e+02
1.428299910710185259e+02
1.427777687586037985e+02
1.432098674329337200e+02
1.431614822554883517e+02
1.435974568237259064e+02
1.435125826502279551e+02
1.434268511618469404e+02
1.434614658200468682e+02
1.436580462828756311e+02
1.438566124069455441e+02
1.438955680878240457e+02
1.440561293816396073e+02
1.438142721026666493e+02
1.435699718208753382e+02
1.434848200210861933e+02
1.430755757788745086e+02
1.426621977564392409e+02
1.424466644004432112e+02
1.429158226267115310e+02
1.429048713401122086e+02
1.430958296364766227e+02
1.430866966025014619e+02
1.427138349520224381e+02
1.428220555070923297e+02
1.430929853606997426e+02
1.434070559198989940e+02
1.434818746665640106e+02
1.437594693601659230e+02
1.437570397577427741e+02
1.440778179371152419e+02
1.442402201384999216e+02
1.443638587257572397e+02
1.442867259856132023e+02
1.443300262480943559e+02
1.440909356041353533e+02
1.441726622263995807e+02
1.440935982084843943e+02
1.442561598065506985e+02
1.443395553601516497e+02
1.442621771314663022e+02
1.442244213449156405e+02
1.442266882271875374e+02
1.441481699264514020e+02
1.439476463903556009e+02
1.442703498892489336e+02
1.444346968578264523e+02
1.446411079371983988e+02
1.446475837749475488e+02
1.445329129039878637e+02
1.445382958626128982e+02
1.446649453157706660e+02
1.446716619351227848e+02
1.445572342779011024e+02
1.446436709877791884e+02
1.444481525129085924e+02
1.444930833463717761e+02
1.444576599458308976e+02
1.443410706523544889e+02
1.442233036892466487e+02
1.443871754436838444e+02
1.446739145895793683e+02
1.448019339288682659e+02
1.451332665948161207e+02
1.453871379745627905e+02
1.458859979541029759e+02
1.461070686405087145e+02
1.459263319601092803e+02
1.458245777374849297e+02
1.459238158964489855e+02
1.458624402994425395e+02
1.460832730297409228e+02
1.461447202320617009e+02
1.462471921535975810e+02
1.466335274278771124e+02
1.468621489170463406e+02
1.467294433505527422e+02
1.467974175258100047e+02
1.469064823493030190e+02
1.468146286356600001e+02
1.472470996319801202e+02
1.473203026585657938e+02
1.474750531904706179e+02
1.476313668590610462e+02
1.475064311707685079e+02
1.473398294654228948e+02
1.478584136014368653e+02
1.481802157590274760e+02
1.484648644030578453e+02
1.480251155586447851e+02
1.482273894531766985e+02
1.486741307607839246e+02
1.489233644048321139e+02
1.492963276816495295e+02
1.495114421026756020e+02
1.495267091946222990e+02
1.494209183784063271e+02
1.491928468468748861e+02
1.494473200473480574e+02
1.495831515629785144e+02
1.495183349120990783e+02
1.495336716283829048e+02
1.494683551801846875e+02
1.496043991719039070e+02
1.501054537089937639e+02
1.502883370797913472e+02
1.501094313937295794e+02
1.506559913067967784e+02
1.509656477846435507e+02
1.510360078632759553e+02
1.511878867305819085e+02
1.513008956874565456e+02
1.510110057449058445e+02
1.506373795403093254e+02
1.504215954952615846e+02
1.507288843386477595e+02
1.507160447865134074e+02
1.505818634207206799e+02
1.505675388088084503e+02
1.509975139482912425e+02
1.510681959073656913e+02
1.510587837448128141e+02
1.512108926715286259e+02
1.514049420924527851e+02
1.510352950428821543e+02
1.507427222655372532e+02
1.505280022884214759e+02
1.506747497862840532e+02
1.509441917033178413e+02
1.511759512154720824e+02
1.510464153691639240e+02
1.509155710799638825e+02
1.504601728080446321e+02
1.502830028364084569e+02
1.504272755923322507e+02
1.504113894872041044e+02
1.505165550375796499e+02
1.511884394318979901e+02
1.512610499312107493e+02
1.510111615466777835e+02
1.508395571178560317e+02
1.502621789069251577e+02
1.500426049564898960e+02
1.499016211681721416e+02
1.499208294628001568e+02
1.500210398614144651e+02
1.497990301630450176e+02
1.499384143061060399e+02
1.499579942485917172e+02
1.496949436854466455e+02
1.495504481671167696e+02
1.491620688556746188e+02
1.493354230865391514e+02
1.491872960470093119e+02
1.492396929767778886e+02
1.496158514916942011e+02
1.499554055471656113e+02
1.504600056031988515e+02
1.509292985890891998e+02
1.507972713021097775e+02
1.512295669718286888e+02
1.516662292644734293e+02
1.517436659237108074e+02
1.519026928522324056e+02
1.520229220729626718e+02
1.513766889625880196e+02
1.510471605682700158e+02
1.501486470386575149e+02
1.494430778168262748e+02
1.490940179967935819e+02
1.490242606028222099e+02
1.494386470735578030e+02
1.494531788621793851e+02
1.495890695577570568e+02
1.496859288462190136e+02
1.491777059052715799e+02
1.490683898033050241e+02
1.487155452558632476e+02
1.488439851069329336e+02
1.488121061686193229e+02
1.490627335036560055e+02
1.487906399026825284e+02
1.489602423259421471e+02
1.490507498241840949e+02
1.492229796203878607e+02
1.495585652731190862e+02
1.497359245183019709e+02
1.498342671902043719e+02
1.500144113032365283e+02
1.501963750537746307e+02
1.505821970240144481e+02
1.506890879030447934e+02
1.508778665687323155e+02
1.510685520896285254e+02
1.508167192824536755e+02
1.510067871539930593e+02
1.508351385393874011e+02
1.511062005448359002e+02
1.512587884291266676e+02
1.512917054839656146e+02
1.510017227110775480e+02
1.508300229404818253e+02
1.508182049903860502e+02
1.509678838286722851e+02
1.509574584128001220e+02
1.508661196088894769e+02
1.511374945544330615e+02
1.515328227822558063e+02
1.516897199820766104e+02
1.518886060425019195e+02
1.518066727702040168e+02
1.520067401719228712e+02
1.519260001736590198e+02
1.518848486602622359e+02
1.518836855154165733e+02
1.521653389044609810e+02
1.524094332368299547e+02
1.526559931685139304e+02
1.530262557257723870e+02
1.530770259856283246e+02
1.531687131167970506e+02
1.526148617341378895e+02
1.522978401354933737e+02
1.520988284196893119e+02
1.519786145653430367e+02
1.521804187528716739e+02
1.521822411645166824e+02
1.521436779439565328e+02
1.519835130747034668e+02
1.523873869441450211e+02
1.526337241860041729e+02
1.520744688747524833e+02
1.518732008835878560e+02
1.520335362460484703e+02
1.521954911576242466e+02
1.519954456137624277e+02
1.517125713270328902e+02
1.515884558858920172e+02
1.519479352382746811e+02
1.517049850891669678e+02
1.515807930193598736e+02
1.518997909286466381e+02
1.523432231602488400e+02
1.523466900608574122e+02
1.527138283443003957e+02
1.524786144891920685e+02
1.524834489789824090e+02
1.527711605848299143e+02
1.531021824089199868e+02
1.531941236453730539e+02
1.528425491367412690e+02
1.526086354916577363e+02
1.522915510016740939e+02
1.521328797996710023e+02
1.521746260602739085e+02
1.524996222831047135e+02
1.524642649324289607e+02
1.524689544772008958e+02
1.522716711890916770e+02
1.521127991809013622e+02
1.522351506877782867e+02
1.525203542300792492e+02
1.526468224546252088e+02
1.526937600551771084e+02
1.528219798537138843e+02
1.529514948017315135e+02
1.532035301027596290e+02
1.534177071745043293e+02
1.534724314893981614e+02
1.524772035246446364e+02
1.519163671966106506e+02
1.515114820167786718e+02
1.513449313300796462e+02
1.514191225556360791e+02
1.512920429854909230e+02
1.514465080661524894e+02
1.511580889557095304e+02
1.510687767229390772e+02
1.512613906292310162e+02
1.512943339689207960e+02
1.517720545140615229e+02
1.520121762768291660e+02
1.522143194715449397e+02
1.520952721934790475e+02
1.517325981752319422e+02
1.517703011871026320e+02
1.518083850374774784e+02
1.518064495328058570e+02
1.518044944775813576e+02
1.513580752298799439e+02
1.514323992221019068e+02
1.514670699213144474e+02
1.516233029508232448e+02
1.518619221725483612e+02
1.522645678510591551e+02
1.525096644960191838e+02
1.525148126222410667e+02
1.526008208305471214e+02
1.523240614449965733e+02
1.525697590353505291e+02
1.526967262983334592e+02
1.531482083821558149e+02
1.534830387698537493e+02
1.535788270402570106e+02
1.537967949901579345e+02
1.534513080708668440e+02
1.534659677483496978e+02
1.534807755033845638e+02
1.531320964680647307e+02
1.528607035030957491e+02
1.527885893970663176e+02
1.526349387849158177e+02
1.525201401867835784e+02
1.525253941280640220e+02
1.525307011394588130e+02
1.523340415550081275e+02
1.520141833888982319e+02
1.519739226150478828e+02
1.522160834495442145e+02
1.522990741914583168e+02
1.527465395873314833e+02
1.530369086740723787e+02
1.533706148222951242e+02
1.537076917396922227e+02
1.542501936764568597e+02
1.545557511883406221e+02
1.539755062508484116e+02
1.537126325766147374e+02
1.540127601783989633e+02
1.539926870488876318e+02
1.539724111604929817e+02
1.536286981419118263e+02
1.534431294362745177e+02
1.527708378144189965e+02
1.525766038529484661e+02
1.523400038918672692e+02
1.518989938301691893e+02
1.510090846769380164e+02
1.508374592696339960e+02
1.505832921915493046e+02
1.502053456480295210e+02
1.499043895434647027e+02
1.492367571146108958e+02
1.493300576915258375e+02
1.490202602944707166e+02
1.490709699944148383e+02
1.490009797923382564e+02
1.489302826185232789e+02
1.488184672914376563e+02
1.488267346378159459e+02
1.490371056947634827e+02
1.491283895906706789e+02
1.490185753441116390e+02
1.491096720647595646e+02
1.490804768330904437e+02
1.491317947808989288e+02
1.489412068493935237e+02
1.489911180296898010e+02
1.491627454845356340e+02
1.491744903884199971e+02
1.491459498872928009e+02
1.482686362497905463e+02
1.475440770199906524e+02
1.474990676969601964e+02
1.473727956534954728e+02
1.473664602560554044e+02
1.474812729859148419e+02
1.474356292787016685e+02
1.474299285643454596e+02
1.478282106710564960e+02
1.477456673445013280e+02
1.473390579237383804e+02
1.466859170946857489e+02
1.460261788835211121e+02
1.456426049328491104e+02
1.454571766998481053e+02
1.451486633331800533e+02
1.451602659931108121e+02
1.450507737304153864e+02
1.453442158893075202e+02
1.454790059487959297e+02
1.459787938876727367e+02
1.457563574622954832e+02
1.455720782447430111e+02
1.457495739845889773e+02
1.458480545298879463e+02
1.458667217473617086e+02
1.460875977246076616e+02
1.462703007319265680e+02
1.459295966989161002e+02
1.457874714130462337e+02
1.459671428414606567e+02
1.456233766075360450e+02
1.457205824318546945e+02
1.457379620523786912e+02
1.458363253054334621e+02
1.457740659650839348e+02
1.459131979445293723e+02
1.462557554995240992e+02
1.460765207065907134e+02
1.461378997036270277e+02
1.461190906097243669e+02
1.465041319290139086e+02
1.464486181101150351e+02
1.463521395051673153e+02
1.467799388941077723e+02
1.467272110041494955e+02
1.471587989940902617e+02
1.473523222162530715e+02
1.474669921376295179e+02
1.474616082198280367e+02
1.474157658786138541e+02
1.476118847258728124e+02
1.479311966928004836e+02
1.476072693866671841e+02
1.478457266531990513e+02
1.476017440941402015e+02
1.474361051455963434e+02
1.478344496420171481e+02
1.478327774161784589e+02
1.475078559759375025e+02
1.473412686625635502e+02
1.472942107702658063e+02
1.474486977477435801e+02
1.478875734825696497e+02
1.482096701844135964e+02
1.481713840246602842e+02
1.484559434592529499e+02
1.482989327871246417e+02
1.482615482698225549e+02
1.478601497674971483e+02
1.474142926944419116e+02
1.473679724186281987e+02
1.473615883016445309e+02
1.474763518198429892e+02
1.474306584038816368e+02
1.473845034382645736e+02
1.473782863012767734e+02
1.473720063649262499e+02
1.476080872372993440e+02
1.481293810477775139e+02
1.483327081290678393e+02
1.480532405344116000e+02
1.478921621559715902e+02
1.474870324807788222e+02
1.474818509906864108e+02
1.473958090815015396e+02
1.475513223045468862e+02
1.477084063682294470e+02
1.479074811800297482e+02
1.481893749293231792e+02
1.481912878073968329e+02
1.485568563711076706e+02
1.488857135061693100e+02
1.489754681880500016e+02
1.492277456444945472e+02
1.493613592368634784e+02
1.492134941786497393e+02
1.491853476552016389e+02
1.492377249042442884e+02
1.496138635396408176e+02
1.498725894339804086e+02
1.505379691252329337e+02
1.508060294194276878e+02
1.502687165852797193e+02
1.500492086719999918e+02
1.499082915878789208e+02
1.500487793816960505e+02
1.500290700825204908e+02
1.501707778611324784e+02
1.505563412738704585e+02
1.505013548220919120e+02
1.506478331536283690e+02
1.501897304582102208e+02
1.500906368264751052e+02
1.497885220469447916e+02
1.494833556029741999e+02
1.492963187908830207e+02
1.492286048392756186e+02
1.491198028679551726e+02
1.490907099676320229e+02
1.488593029976078412e+02
1.487063666642502255e+02
1.486326936002535035e+02
1.485178723234878362e+02
1.486039114378665431e+02
1.489332438766331279e+02
1.495083271481143470e+02
1.498063910587011378e+02
1.499458495542436083e+02
1.497634843982259838e+02
1.496600852507333457e+02
1.494344295461949628e+02
1.494085146931268184e+02
1.493823380738653270e+02
1.497599374483485519e+02
1.499393307559078039e+02
1.505245765211189735e+02
1.507116934556754870e+02
1.503754479350260169e+02
1.495509575101276880e+02
1.492029873839668994e+02
1.488110983676440071e+02
1.488192912804478283e+02
1.487871629095433548e+02
1.483102655651955217e+02
1.485558238032276961e+02
1.483190139426542373e+02
1.478373878208631140e+02
1.478357452735988886e+02
1.475108538117163448e+02
1.471422765774912591e+02
1.466487642196880472e+02
1.457058224441294669e+02
1.451573964082111843e+02
1.448458549577896122e+02
1.446927827856457327e+02
1.442553361471168785e+02
1.442983193405219993e+02
1.440185043843661106e+02
1.440186912973394726e+02
1.438572639367065733e+02
1.438558221582895840e+02
1.435715375336256443e+02
1.433651894279046246e+02
1.430759489170756353e+02
1.425413625425006217e+02
1.426882449924248419e+02
1.427558030226512358e+02
1.426220232552032030e+02
1.420828517729318037e+02
1.417806583564969856e+02
1.416370286429262251e+02
1.413303319625513268e+02
1.411821534975271675e+02
1.408304580783102438e+02
1.401519778568793413e+02
1.400323008655344950e+02
1.398710109752871631e+02
1.399505161366538459e+02
1.397075920572258667e+02
1.394218101588139973e+02
1.392139496553682250e+02
1.391656057124926633e+02
1.389955613257502307e+02
1.382581427532834937e+02
1.379577199528113169e+02
1.378966868210212056e+02
1.374714008293145469e+02
1.372034351811258830e+02
1.369327628092180476e+02
1.366189523325436426e+02
1.361807599318619850e+02
1.356573332645071730e+02
1.353306396611181981e+02
1.348390299607257248e+02
1.343020504653790965e+02
1.335980307731102528e+02
1.332505361344546770e+02
1.328995314489444013e+02
1.324237691403477299e+02
1.316603728690382127e+02
1.307276493626646072e+02
1.305127771340048355e+02
1.300937142767722605e+02
1.297108225017902896e+02
1.290816388906972065e+02
1.286481200916132934e+02
1.284930505975892174e+02
1.276091420177668994e+02
1.271203454724919339e+02
1.264245913863552175e+02
1.262066579660153138e+02
1.261077353192073076e+02
1.257653892113207235e+02
1.256620093043643323e+02
1.256787972771356579e+02
1.255341386637737600e+02
1.255900390543166054e+02
1.254444838932492132e+02
1.249338221143929673e+02
1.244180021357506973e+02
1.243010122583338131e+02
1.241424366245796733e+02
1.238206430551314270e+02
1.234147909647790158e+02
1.235300918836153983e+02
1.231213049329447529e+02
1.227487928615602755e+02
1.226553463248081641e+02
1.221165114392005080e+02
1.216934458981818352e+02
1.207004504022040123e+02
1.202630812143476930e+02
1.201849305195428315e+02
1.201463944641847377e+02
1.201478731961461506e+02
1.203917911072183529e+02
1.201937283911296959e+02
1.198724529203334299e+02
1.192246999195282484e+02
1.187724241611400231e+02
1.183963880415555110e+02
1.183397859005611252e+02
1.182018039399608824e+02
1.180624282221822483e+02
1.178408365880630271e+02
1.174553904929928336e+02
1.175508994878714901e+02
1.174049489776481607e+02
1.170555040178261521e+02
1.169449535533599516e+02
1.166716702559192100e+02
1.163148184403222842e+02
1.159543620609316008e+02
1.153882445059915085e+02
1.149780247535268103e+02
1.146040654076028318e+02
1.142263286945482719e+02
1.136427562571194585e+02
1.132553093506258506e+02
1.130659690410361122e+02
1.127939081222587134e+02
1.121958667901601814e+02
1.118342088789496529e+02
1.114688978575252207e+02
1.115039372298230660e+02
1.111756941715385238e+02
1.109249436076147646e+02
1.104292359672873260e+02
1.101305413810986522e+02
1.101116579607055854e+02
1.096885433946519584e+02
1.094227711057091454e+02
1.086694657633426004e+02
1.084742078417602187e+02
1.082365735775356939e+02
1.078349228055914750e+02
1.071867907127188175e+02
1.061684754673926960e+02
1.055439146135281732e+02
1.052362773874018842e+02
1.049255327145475150e+02
1.045308411258051677e+02
1.040109506321265656e+02
1.037282329617440269e+02
1.033214474361051316e+02
1.029913610465710718e+02
1.026579404510816289e+02
1.023615560111937128e+02
1.018601575870645348e+02
1.009496541283475608e+02
1.003935900286340654e+02
9.991271720064038675e+01
9.938658303095012059e+01
9.873392225348490570e+01
9.803426490251001724e+01
9.765077262879790965e+01
9.762704305939206506e+01
9.736064955494144613e+01
9.729358540903186281e+01
9.674099536265833876e+01
9.602120743702860750e+01
9.468808832023094624e+01
9.334150335376861563e+01
9.270858924623094310e+01
9.170564570326364162e+01
9.113701586188240356e+01
9.036062208270938356e+01
8.973800210374687936e+01
8.914949707449170546e+01
8.903989603484023974e+01
8.864635963115186712e+01
8.820844407187043146e+01
8.752368088067713359e+01
8.699361705118892019e+01
8.621577479918082076e+01
8.571290383755638231e+01
8.540697357328916439e+01
8.473431674069614417e+01
8.433769367747099466e+01
8.316938755300100183e+01
8.211049247777877724e+01
8.091968937149366070e+01
7.983807007221578544e+01
7.858390916385445735e+01
7.743829208470134517e+01
7.624069907545595015e+01
7.511181724793532055e+01
7.417355277569228633e+01
7.346823512696191472e+01
7.287700517874952766e+01
7.187576280681757623e+01
7.114723515840152857e+01
7.000730824080974912e+01
6.901748307152496409e+01
6.813887178941911316e+01
6.700896140345375329e+01
6.546359737722602290e+01
6.426625997699612469e+01
6.309723229999613636e+01
6.191639626262239204e+01
6.088524875012356574e+01
5.976287752537740516e+01
5.822512881351259040e+01
5.659103920556827916e+01
5.514246384400846779e+01
5.384087256970558855e+01
5.220290158556118598e+01
5.083121372278908723e+01
4.924365022503950229e+01
4.812489921721159902e+01
4.723727193657740031e+01
4.621946660260343265e+01
4.470653192182173541e+01
4.325912315335526870e+01
4.179709409429828071e+01
4.064352938818007033e+01
3.915508019008083807e+01
3.785361635361700650e+01
3.645819833698688228e+01
3.553353367372410077e+01
3.383185219568085955e+01
3.227459817745543802e+01
3.070161432066201712e+01
2.911274173804248377e+01
2.762903205862875566e+01
2.608993137235226811e+01
2.425245593166895475e+01
2.292167265825147382e+01
2.149663904873885301e+01
2.005721116034227336e+01
1.880526379832552664e+01
1.782349878618740036e+01
1.646818059210847451e+01
1.477593999202876596e+01
1.334943433538259328e+01
1.166609528826522890e+01
1.012736897804569125e+01
8.653908058632003630e+00
7.286775816799996974e+00
6.067450319999995401e+00
4.431767999999994601e+00
3.143199999999999772e+00
1.679999999999999938e+00
