1.524615770875985845e+02
1.529510879672726560e+02
1.532435231992649278e+02
1.538217406053183822e+02
1.542037783892101288e+02
1.548320993830409122e+02
1.551435347303439869e+02
1.551348835660048735e+02
1.552473571373776338e+02
1.554821789266446785e+02
1.555577564915600135e+02
1.560381378702633413e+02
1.561193311820835845e+02
1.560801325071550991e+02
1.556769015223785004e+02
1.551483853761395153e+02
1.546145306829708090e+02
1.543177077605753595e+02
1.546239472329049818e+02
1.546908557908130604e+02
1.551624805967817053e+02
1.554772531280610508e+02
1.557548011394559637e+02
1.559947486257128446e+02
1.560755036623369563e+02
1.560358622851884434e+02
1.559958204900901535e+02
1.561169903940291306e+02
1.559565559535656973e+02
1.557945009631977200e+02
1.557520211749464920e+02
1.554666880555017769e+02
1.557037253085883322e+02
1.559431568773622985e+02
1.561446029064254333e+02
1.568733362691167770e+02
1.570033699688046909e+02
1.571751211806098354e+02
1.572273951319291996e+02
1.573610051837681283e+02
1.575767729128963879e+02
1.578351241544406491e+02
1.578536607620621623e+02
1.582360209717801354e+02
1.585414353250300223e+02
1.586479144697285619e+02
1.587554691613421767e+02
1.585408779407489419e+02
1.585261393340899758e+02
1.583900397314041584e+02
1.584545855872767959e+02
1.587622076639154614e+02
1.590729370342586435e+02
1.591443808426844839e+02
1.589741220633181911e+02
1.590445677407247160e+02
1.591965330714400864e+02
1.589863970418588224e+02
1.585317141836959252e+02
1.580724385693897887e+02
1.578913520902933669e+02
1.579508606972659663e+02
1.582129906032986639e+02
1.585989804073715561e+02
1.589484650579524612e+02
1.588570354120731167e+02
1.589262983960329905e+02
1.590770690869018154e+02
1.593101707948504782e+02
1.592627987826780611e+02
1.590937361441189069e+02
1.593270062061806414e+02
1.594414204102831434e+02
1.595165862730131607e+02
1.597137235080939490e+02
1.599936601091857256e+02
1.596299597062487408e+02
1.596666259659081391e+02
1.599864908746538958e+02
1.599055463380344122e+02
1.600258043818527653e+02
1.604705094766199238e+02
1.610409186632517162e+02
1.608090087507595172e+02
1.604535441926861097e+02
1.601348931239254796e+02
1.602574678019450687e+02
1.603408765676218763e+02
1.603847238056786466e+02
1.600249735410894516e+02
1.594999732738265550e+02
1.590504780543712400e+02
1.585560384387587760e+02
1.580970085239987668e+02
1.579969783070693552e+02
1.580171498051210790e+02
1.580779290960815615e+02
1.582605344404863956e+02
1.587682166065516185e+02
1.590386026328808384e+02
1.591096996291723258e+02
1.591815147769416683e+02
1.594156714918602802e+02
1.596521934261220110e+02
1.602143367940627741e+02
1.605801381758206787e+02
1.610304426018397521e+02
1.614044874766050555e+02
1.619843307844502078e+02
1.617619502873232307e+02
1.619817679669936297e+02
1.622038060272653581e+02
1.625897030578439910e+02
1.628986899574181848e+02
1.630895858155739973e+02
1.632016018339129459e+02
1.635571735696098017e+02
1.638759328985952379e+02
1.643191241399946136e+02
1.647667920606001246e+02
1.651785778389905772e+02
1.654329069080721695e+02
1.655685928364356982e+02
1.651803968044802104e+02
1.648690876812935358e+02
1.649182703851458029e+02
1.649679498839850567e+02
1.646140907919040046e+02
1.644182735271758133e+02
1.642204783102781107e+02
1.646267457679579422e+02
1.649563088565233500e+02
1.655720291480033382e+02
1.659111405535384733e+02
1.661728692459983847e+02
1.662352214606044356e+02
1.665002236975802248e+02
1.666870946440199646e+02
1.661485804485054985e+02
1.660894752005112309e+02
1.658681567681937565e+02
1.660486432001945047e+02
1.660289325254497044e+02
1.655241742681308779e+02
1.650951255233644872e+02
1.645809348720851233e+02
1.642635705778643285e+02
1.642662329069328564e+02
1.638244776837711925e+02
1.638631087714855425e+02
1.636597058297839737e+02
1.636562685149327478e+02
1.636527964797302559e+02
1.636896934138691222e+02
1.642522155695653794e+02
1.646183995652172314e+02
1.646650500658752492e+02
1.649545960261371249e+02
1.646814101274117377e+02
1.647286970983954291e+02
1.648168657559548365e+02
1.652695613696511998e+02
1.656056175451022909e+02
1.657834520657602582e+02
1.662055071371310646e+02
1.663894011486175373e+02
1.665751526753713279e+02
1.667627804801731770e+02
1.662654348284580692e+02
1.659246816449065989e+02
1.658229107524306585e+02
1.654776876287182006e+02
1.654118056855741372e+02
1.653452582682573393e+02
1.652376346144008608e+02
1.652905400145465080e+02
1.656268080955018434e+02
1.661280889853546512e+02
1.665940292781363610e+02
1.670646760385213554e+02
1.671360364025470631e+02
1.670869054571181209e+02
1.667140459162810942e+02
1.664990362790717597e+02
1.667262992717894292e+02
1.667942416886760952e+02
1.672669107966425202e+02
1.675423341380228806e+02
1.672144789272958576e+02
1.668025039669654745e+02
1.667500040070362672e+02
1.666969737444813404e+02
1.666030037823043415e+02
1.663464684669744713e+02
1.666125944110853254e+02
1.672450448596806609e+02
1.673586311713956718e+02
1.676349809812074909e+02
1.678737181628361270e+02
1.681956749119561891e+02
1.685612877898547310e+02
1.688497856463182245e+02
1.687371572185027162e+02
1.688254113318216980e+02
1.686721326584052747e+02
1.687597299579848880e+02
1.687674039979650047e+02
1.690983878767326019e+02
1.690286746229616313e+02
1.689986612353158364e+02
1.688471325609246492e+02
1.689364975362872769e+02
1.687439369053396376e+02
1.684282190963037635e+02
1.679881000972759182e+02
1.678263637346228165e+02
1.677438017521438098e+02
1.679028300526713906e+02
1.680230606592636491e+02
1.680232935952166144e+02
1.684275692880977715e+02
1.687955245334313474e+02
1.694500247812440250e+02
1.696262876578225018e+02
1.692790784422443551e+02
1.695748267093389643e+02
1.697927542518566497e+02
1.697300547998543720e+02
1.698283381816718531e+02
1.696447860420933296e+02
1.698230162041342624e+02
1.693969860647826806e+02
1.694919051159416767e+02
1.697089950666082814e+02
1.696858536026331308e+02
1.694604581844789948e+02
1.695156143277553156e+02
1.694905195229865171e+02
1.696671914373586390e+02
1.697648398357168560e+02
1.697422624603193526e+02
1.697194570306268133e+02
1.697772293238644181e+02
1.694315447715812013e+02
1.690823684561418361e+02
1.689316853092351209e+02
1.688198841507411885e+02
1.686261456068093025e+02
1.684708541482925739e+02
1.682735900487803633e+02
1.680743333826064259e+02
1.673882155379869801e+02
1.671800156949361451e+02
1.666464804999359330e+02
1.667944247474102610e+02
1.664590148963737306e+02
1.661202170670438818e+02
1.659396131990344543e+02
1.657167810091250146e+02
1.655321020294194625e+02
1.654667697266868061e+02
1.656027977037237235e+02
1.657806037411343993e+02
1.658793977183185859e+02
1.656559572912306635e+02
1.655514720113449698e+02
1.653651232437818237e+02
1.648940638826083500e+02
1.636505695783926342e+02
1.630409793721142080e+02
1.626676559314280155e+02
1.622097534660887561e+02
1.622320742081709000e+02
1.621738123314851237e+02
1.621149619509960473e+02
1.616514767181768946e+02
1.616277542607849398e+02
1.614421760209949639e+02
1.612143192131270268e+02
1.611457769829557947e+02
1.608745222050055474e+02
1.606409315202081700e+02
1.603241732527349654e+02
1.601254275280153934e+02
1.600862904323392684e+02
1.600871620528673986e+02
1.600476384372396694e+02
1.598056953911513745e+02
1.597633286779304171e+02
1.598821501797269207e+02
1.599213638179070927e+02
1.602438018362693697e+02
1.604482846831010932e+02
1.605336208920213323e+02
1.604582029212334362e+02
1.597759625467008391e+02
1.596120833805053962e+02
1.600122054348545362e+02
1.603759650857103338e+02
1.606221869552636008e+02
1.607496837931959988e+02
1.609592765587831593e+02
1.603629056149326289e+02
1.603665713282160823e+02
1.606126983113275912e+02
1.606188871831606662e+02
1.609887749324852564e+02
1.614836110429140774e+02
1.621450616595092811e+02
1.622475370298072903e+02
1.624318555856643229e+02
1.625372278643072548e+02
1.629668968326331253e+02
1.633200978107407764e+02
1.635556543542832344e+02
1.636319740952363020e+02
1.637090647426633154e+02
1.639889542855182185e+02
1.646353073591093903e+02
1.646417246051611016e+02
1.648098228334960424e+02
1.645755786196932888e+02
1.645409885047399712e+02
1.647888772775155246e+02
1.650392699772883418e+02
1.656154242194834580e+02
1.659953779994789045e+02
1.661367454540182393e+02
1.661583287414323706e+02
1.660185138802352185e+02
1.659176907881162322e+02
1.657754452405214067e+02
1.657125709500209041e+02
1.655278494444663977e+02
1.655028782267340262e+02
1.657604830573072832e+02
1.662631141993008725e+02
1.660839537366668139e+02
1.658221754915823567e+02
1.655577530218011191e+02
1.656138919412121595e+02
1.660342342840530137e+02
1.660547821051034134e+02
1.665199819243477748e+02
1.667474564892401645e+02
1.667348045345857770e+02
1.670048530652385068e+02
1.673988414800384987e+02
1.679180216970095785e+02
1.682404259565742564e+02
1.687681070268425287e+02
1.692607141685286365e+02
1.697582971399266114e+02
1.700992900403309989e+02
1.702821111518491932e+02
1.702243546988372032e+02
1.698831865644828554e+02
1.694981682469519626e+02
1.691496648959117408e+02
1.686360251473842027e+02
1.686424496438235963e+02
1.683257067109322804e+02
1.684098047585187601e+02
1.683331361197147658e+02
1.684981172926418367e+02
1.689475932248899426e+02
1.693208012372635949e+02
1.693745467043057715e+02
1.696712592972791640e+02
1.698093528255341198e+02
1.697064169954890076e+02
1.696832494903936777e+02
1.693366156468617589e+02
1.692693087342034914e+02
1.692417259941452983e+02
1.697391171658034636e+02
1.698778961270739103e+02
1.705433294212876092e+02
1.707710398194810750e+02
1.707182220398802031e+02
1.706648707473543993e+02
1.710150209569226831e+02
1.712474959160837500e+02
1.714419150667516476e+02
1.717999142088404483e+02
1.720807214230709690e+02
1.724451731546174358e+02
1.722476496511283131e+02
1.722905552031621141e+02
1.724551062658187277e+02
1.723384911775944488e+02
1.723015062399944384e+02
1.723045517575701808e+02
1.719439916743133949e+02
1.714585774488017762e+02
1.706854317664657685e+02
1.702681128954204439e+02
1.702506190862835069e+02
1.704753728144271747e+02
1.703791644590175451e+02
1.704031964232491987e+02
1.703870670941923890e+02
1.703303708022144178e+02
1.699094654567826694e+02
1.694843085422039906e+02
1.694993015577819335e+02
1.693932338967499902e+02
1.692860948452018306e+02
1.693394897426280181e+02
1.697166563056850634e+02
1.699764205107924511e+02
1.703196166775680069e+02
1.706258754318869535e+02
1.708948236685732240e+02
1.712472966349216108e+02
1.713205016514367856e+02
1.712328299509461829e+02
1.712250807585311918e+02
1.711768492510412329e+02
1.717745952030717262e+02
1.722975709121941748e+02
1.727854251638325138e+02
1.729549749129624558e+02
1.728434090029915353e+02
1.728923323262549161e+02
1.729821538649036654e+02
1.731132867322264133e+02
1.731245320527540628e+02
1.732571030835897545e+02
1.731889930137269857e+02
1.731605990037650145e+02
1.733743424280446277e+02
1.737114569980254259e+02
1.736075323212377270e+02
1.734621538598358654e+02
1.734769230907436111e+02
1.733302253441858909e+02
1.734648740850360298e+02
1.733988627121572677e+02
1.732917805173305510e+02
1.731432126437684644e+02
1.728719319634023179e+02
1.728807393569724127e+02
1.723239791484560328e+02
1.716403829782389607e+02
1.707882656345853718e+02
1.702103693278632761e+02
1.695054235634989084e+02
1.689145692560593375e+02
1.684389588445044126e+02
1.683625846914187036e+02
1.683662471630495077e+02
1.684911587505546890e+02
1.685365239904596137e+02
1.687843676671307946e+02
1.691559269364957743e+02
1.692888150873695849e+02
1.694230455427973823e+02
1.694778237806030177e+02
1.696947714955587116e+02
1.698331025207658911e+02
1.696495985058250540e+02
1.697874732382070135e+02
1.697247204426330711e+02
1.698229499420534978e+02
1.697605554970241428e+02
1.697783388858825617e+02
1.698771099857398212e+02
1.697344545310506589e+02
1.696711661929809907e+02
1.695668345383636506e+02
1.695018530690550733e+02
1.694766192616709759e+02
1.694915346077485196e+02
1.697086208159074658e+02
1.694430513292001308e+02
1.690131831608075004e+02
1.690234173341498831e+02
1.691145629637867671e+02
1.693682454179670458e+02
1.691800458767342263e+02
1.694343897744796834e+02
1.695700906812916173e+02
1.695051421023152329e+02
1.691567091942576724e+02
1.684411203982400593e+02
1.682839599982220875e+02
1.683676363618406242e+02
1.686541781432732137e+02
1.687819981245182248e+02
1.691939374995137371e+02
1.694484217166803433e+02
1.699479007239199575e+02
1.701291926504237324e+02
1.703123158085088278e+02
1.704164806146552564e+02
1.700772531461163055e+02
1.697345991374913865e+02
1.695096960984758425e+02
1.694037334328044437e+02
1.690542761947516794e+02
1.689437133280324588e+02
1.685492053818512659e+02
1.684335407897486618e+02
1.683975159492401588e+02
1.685631474234755274e+02
1.687304519429049492e+02
1.689398504473788876e+02
1.691109600478570201e+02
1.693242020685424052e+02
1.694183859278208502e+02
1.696347332604241558e+02
1.696916497580060650e+02
1.700319694525301770e+02
1.705777469217477460e+02
1.709674211330786875e+02
1.713206274071501412e+02
1.713541690981307681e+02
1.715496657556890909e+02
1.715451169249384407e+02
1.716617342676146905e+02
1.721835699672870419e+02
1.723874444114009634e+02
1.722297418296977867e+02
1.720704462926242115e+02
1.717479255481049449e+02
1.719878035839451229e+02
1.725533369534791177e+02
1.728417544984648373e+02
1.732138934327920765e+02
1.732261549826190219e+02
1.737233888713319061e+02
1.736195847185163075e+02
1.739187724429470734e+02
1.738977499423704955e+02
1.737148989316870598e+02
1.742170696279663105e+02
1.744010804322892625e+02
1.746273539720091605e+02
1.746942969414239712e+02
1.747619161024477137e+02
1.749918344469170108e+02
1.750220549968859984e+02
1.747697525221071544e+02
1.743128813354614692e+02
1.739322033691527167e+02
1.738305084536902996e+02
1.736469782360502734e+02
1.735828062990410388e+02
1.734775821202436816e+02
1.733308910305491395e+02
1.733443343742920888e+02
1.731962973477703542e+02
1.731679771189593566e+02
1.731797748676357855e+02
1.732320958258946177e+02
1.735677735615094548e+02
1.734623975368783420e+02
1.736387853907856993e+02
1.737361468593803124e+02
1.736324715751306940e+02
1.736893652274056876e+02
1.736256214418237960e+02
1.733188095371963300e+02
1.733725348860559450e+02
1.736692271576328039e+02
1.742113405632652814e+02
1.745973137002679039e+02
1.748659734346132382e+02
1.751777509440550489e+02
1.755330817616712125e+02
1.760132139006779539e+02
1.764981958592708793e+02
1.768668645043137531e+02
1.774412772770850779e+02
1.779810881586713265e+02
1.782031193521929140e+02
1.785486054062562573e+02
1.786551569760163716e+02
1.786819767434506616e+02
1.787898754984348955e+02
1.789392681802372636e+02
1.789689577578155877e+02
1.791201593513286525e+02
1.793941003548778497e+02
1.793879801564421257e+02
1.797454345014569981e+02
1.796620550519767789e+02
1.794162172242192241e+02
1.794507244689084189e+02
1.788795196655633788e+02
1.787469895611747859e+02
1.790979692537124777e+02
1.797757265189010241e+02
1.802583096150515587e+02
1.809477874899512528e+02
1.809977651413653348e+02
1.808462274155199339e+02
1.805719468843643369e+02
1.805373200852162654e+02
1.806639596820368467e+02
1.809534946283198167e+02
1.805186814427473223e+02
1.802006883260065422e+02
1.800006952787952343e+02
1.799198942210052792e+02
1.799594891121261355e+02
1.803631203152789055e+02
1.808920407225045608e+02
1.808606471944485747e+02
1.811521688832816324e+02
1.814466352356386096e+02
1.819056921572096996e+02
1.818845375325359157e+02
1.819843813459963826e+02
1.818024053999952514e+02
1.820630357575718108e+02
1.821646825834057779e+02
1.826309925084902659e+02
1.823747399075659246e+02
1.826411514217839454e+02
1.824658095169534420e+02
1.826119288050037994e+02
1.830019482878824419e+02
1.837595437251339092e+02
1.841611552779126271e+02
1.848900558362755930e+02
1.847374301376522681e+02
1.843408385228815405e+02
1.840210490130112646e+02
1.838596454676881251e+02
1.833733792602905908e+02
1.825589689497884649e+02
1.820191605553419834e+02
1.811506672276178733e+02
1.801925931592110146e+02
1.797096900598089917e+02
1.793431212725344324e+02
1.794172942146813909e+02
1.794922163784657414e+02
1.793254710893598656e+02
1.794398697872310038e+02
1.795958280679105599e+02
1.795513414827380529e+02
1.799508499825639660e+02
1.800311615985497724e+02
1.798698602005552800e+02
1.797069294955101100e+02
1.791787166621316203e+02
1.789684006688196405e+02
1.785135360291108384e+02
1.782560969991020841e+02
1.778748454536388124e+02
1.774493388420590065e+02
1.769387261030901186e+02
1.767461879829191389e+02
1.768749373564839971e+02
1.771261993499839775e+02
1.772587872222061662e+02
1.773523103254602802e+02
1.778508185105663131e+02
1.783543621318852104e+02
1.781761233655405761e+02
1.779152761268089762e+02
1.771669455826346393e+02
1.765726723056917535e+02
1.760532043491840568e+02
1.759729336860445699e+02
1.762150845313585421e+02
1.760960449811700244e+02
1.760162070516867914e+02
1.761779869208958473e+02
1.762201888089857675e+02
1.761416048575608500e+02
1.757389948056169544e+02
1.753323179854721445e+02
1.750427454398706288e+02
1.747098438786577788e+02
1.741311554329878106e+02
1.732233893262499862e+02
1.726700902285360257e+02
1.721516062914500935e+02
1.719915215065154541e+02
1.719914358651674036e+02
1.723953897627956451e+02
1.723993835987830323e+02
1.724438218169524362e+02
1.725291129464164328e+02
1.726152656024409282e+02
1.728235006085260181e+02
1.726702026348752099e+02
1.724749521564394570e+02
1.723585375317568094e+02
1.723621591229870376e+02
1.723254132555421165e+02
1.722478921773158049e+02
1.718059516942583400e+02
1.716827794891494818e+02
1.719624035243935509e+02
1.720832358832261662e+02
1.723265008921475214e+02
1.722893948405530011e+02
1.721711058995486781e+02
1.722940463631801435e+02
1.726202488516971698e+02
1.732325745976742155e+02
1.740127016138116574e+02
1.741542440543560133e+02
1.739739838932883629e+02
1.738323069629178690e+02
1.732447545079972713e+02
1.726108631393915971e+02
1.724150132721121054e+02
1.722979932041540678e+02
1.720989830344989855e+02
1.716555384186861204e+02
1.711672105239249788e+02
1.707547581049749397e+02
1.708633920252273697e+02
1.707306990153812762e+02
1.707986858741226399e+02
1.708673594688107187e+02
1.702902620897079089e+02
1.696265273633411823e+02
1.696025528922638159e+02
1.691338918103672313e+02
1.691049412225930837e+02
1.687928699218113024e+02
1.689624948705168492e+02
1.689722170409258979e+02
1.691436535766929978e+02
1.693572258350436925e+02
1.688860867020638068e+02
1.686930168707717144e+02
1.684979968391635055e+02
1.681797947870341261e+02
1.681816108959935718e+02
1.682238493898928198e+02
1.678624741312050048e+02
1.674974486173787227e+02
1.674115642599782632e+02
1.672844083434125082e+02
1.672367761044570216e+02
1.673098748529872069e+02
1.676261362151383878e+02
1.675819557728672464e+02
1.678201573463307170e+02
1.678991488346773906e+02
1.677769180148257817e+02
1.678958767826522660e+02
1.680564411945984489e+02
1.682590315096948927e+02
1.687869005148436941e+02
1.688756570857003396e+02
1.687228859451523988e+02
1.678412989344971038e+02
1.672740393277747728e+02
1.666606457856315444e+02
1.661218644299302696e+02
1.656180448787178818e+02
1.647050958370889191e+02
1.640657533707967275e+02
1.635411650210068615e+02
1.632537020414211781e+02
1.630845475165870937e+02
1.631157045622093733e+02
1.631471763254635903e+02
1.633001781065293017e+02
1.630506849560895546e+02
1.625562474303939098e+02
1.623396438690848242e+02
1.620400443122067884e+02
1.615758023355624289e+02
1.611068710460230022e+02
1.606736071171948197e+02
1.599531385022168877e+02
1.592657964668860302e+02
1.590563600675614850e+02
1.585215758258196956e+02
1.580217937634543262e+02
1.574765593570244846e+02
1.568046054111359808e+02
1.563682882940769616e+02
1.560891800950266770e+02
1.565345253485122612e+02
1.566207326752643780e+02
1.567886188639033094e+02
1.567157766302053403e+02
1.563593703335407952e+02
1.561205760944860970e+02
1.557581576711974094e+02
1.558365229001998102e+02
1.558348716163629319e+02
1.554695672892557639e+02
1.550197649386418277e+02
1.546866312511539263e+02
1.545521527789427410e+02
1.538910634130743063e+02
1.533445084980544664e+02
1.530752611091459983e+02
1.528436980900462174e+02
1.528926243333804109e+02
1.523359841751310739e+02
1.518949335102340115e+02
1.519342762729629897e+02
1.515699760332967116e+02
1.514444202356527001e+02
1.509539598339928546e+02
1.509029897313059791e+02
1.502050401326318081e+02
1.500252930632649679e+02
1.498033263265301969e+02
1.498619457843741145e+02
1.493959048327009498e+02
1.491271765986880666e+02
1.488557339380681981e+02
1.483795292303723272e+02
1.482217466973455657e+02
1.485472188862075882e+02
1.485123423093000099e+02
1.485175174841415071e+02
1.483611287718601659e+02
1.484859886584445974e+02
1.488141299580248358e+02
1.492667979373984792e+02
1.492391898357565481e+02
1.489284745815720328e+02
1.481297723046182568e+02
1.479694669743615520e+02
1.471206737114769112e+02
1.466673471833099143e+02
1.462498456397069049e+02
1.457473188279870442e+02
1.452397159878655373e+02
1.442421373614806441e+02
1.433556943045256276e+02
1.428239336409349676e+02
1.428524582231667921e+02
1.426388466900673961e+02
1.425442895859265775e+02
1.420447369554815964e+02
1.412573100560415469e+02
1.410679899555976249e+02
1.402302928844421217e+02
1.396669625095378535e+02
1.390979419288258612e+02
1.379979211402285841e+02
1.368059809497256083e+02
1.356828090401268696e+02
1.348311202425522310e+02
1.337284042854064694e+02
1.330589942276828879e+02
1.325040345734171296e+02
1.316202369428459633e+02
1.315759969119652908e+02
1.316929261737025740e+02
1.311241678522247014e+02
1.310345129820455838e+02
1.307419323050960429e+02
1.303251841465617531e+02
1.300254385318804964e+02
1.293994328604852626e+02
1.288883160206919740e+02
1.281296121421134160e+02
1.269996082243569759e+02
1.263430386104614627e+02
1.257202410206681833e+02
1.252527687077458154e+02
1.249017865734804360e+02
1.247492793671519422e+02
1.246356357243959394e+02
1.241572078024201318e+02
1.237547553559796256e+02
1.233886417737168699e+02
1.227764058320371845e+02
1.221175816485226591e+02
1.216945269176997186e+02
1.213480069875752321e+02
1.212404110985608838e+02
1.206064758571320823e+02
1.198045210678104553e+02
1.185500212806161784e+02
1.172424457379963485e+02
1.161640866040365694e+02
1.152768551555925995e+02
1.146634900561541031e+02
1.141651414708628778e+02
1.137021631018814674e+02
1.135577405069509069e+02
1.133714550575262336e+02
1.131832879368952831e+02
1.126699878150458431e+02
1.121110988030766720e+02
1.113849482859361046e+02
1.104090386726625752e+02
1.097869077501644028e+02
1.091180886365296061e+02
1.088061501379087161e+02
1.088142930685945231e+02
1.084184778470654607e+02
1.080994725727931609e+02
1.072519924977708285e+02
1.065575681795665162e+02
1.056945133126936156e+02
1.052267811239328807e+02
1.044714960847806253e+02
1.038297940250310063e+02
1.029391858838696550e+02
1.022416019028986511e+02
1.015369716190895986e+02
1.008656278980702012e+02
9.994507868491945146e+01
9.941927139890854903e+01
9.904976908980647465e+01
9.851491827253201450e+01
9.821708916417364321e+01
9.779503955977119745e+01
9.736872682805186230e+01
9.669568366469890464e+01
9.593503400474611453e+01
9.500508485327907238e+01
9.418695439725165386e+01
9.332015595681988884e+01
9.183854137052496469e+01
9.086721350558089227e+01
8.980526616725340716e+01
8.861137996692259833e+01
8.789028279487149575e+01
8.655584120694079786e+01
8.516751637064713520e+01
8.392678421277489065e+01
8.255230728563114440e+01
8.148717907639507985e+01
8.097694856201520963e+01
8.050196824445984589e+01
8.010299822672709524e+01
7.945757396639110937e+01
7.892684239029395599e+01
7.770388120231710616e+01
7.650897091143147577e+01
7.522118273881974915e+01
7.424361892810071595e+01
7.321577669505121833e+01
7.233916837883961648e+01
7.133249331195931120e+01
7.067928617369626920e+01
6.977705674110733014e+01
6.878490579909828284e+01
6.741909676676591801e+01
6.612029976441009183e+01
6.569727248930320229e+01
6.482552776697291108e+01
6.410659370401303647e+01
6.301676131718484442e+01
6.215834476483326654e+01
6.100842905538719663e+01
5.984689803574458011e+01
5.891605862196427523e+01
5.825864507269115933e+01
5.719055057847595691e+01
5.607126321058188267e+01
5.498107395008274523e+01
5.432431712129574208e+01
5.321648194070280624e+01
5.225907266737654311e+01
5.165562895694601764e+01
5.104608985550101607e+01
5.051120187424343300e+01
4.928404229721558494e+01
4.772125484567241216e+01
4.602146954108329169e+01
4.402168640513465192e+01
4.236533980316625048e+01
4.073266646784473011e+01
3.912390552307547154e+01
3.745849042734899825e+01
3.642271760338280728e+01
3.489163394281086994e+01
3.346629691193017209e+01
3.174373425447492991e+01
2.988255985300496675e+01
2.792177762929793516e+01
2.638563396898781477e+01
2.515720602928063343e+01
2.379515760533396573e+01
2.262137131851914162e+01
2.131451648335266924e+01
1.979244089227542247e+01
1.813377867906607577e+01
1.706442290814755225e+01
1.582264940216924209e+01
1.432590848703963538e+01
1.309687725963599192e+01
1.197664369660201089e+01
1.052186231980001097e+01
8.890770019999996165e+00
7.202797999999998702e+00
5.740199999999994418e+00
3.979999999999998650e+00
2.000000000000000000e+00
