1.460987439377325359e+02
1.466855999371026655e+02
1.470359595324275972e+02
1.475514742751796007e+02
1.478701760355348824e+02
1.469799757934698619e+02
1.466060361550200923e+02
1.465515516717372577e+02
1.465369208805419703e+02
1.462393140207501574e+02
1.457770848694439678e+02
1.458354392620652220e+02
1.457731709717830881e+02
1.458314858300838353e+02
1.462136220505901179e+02
1.463975980308982514e+02
1.463410081120183577e+02
1.462434425373929798e+02
1.461852954923159302e+02
1.464093893861782760e+02
1.461508983698764439e+02
1.461322205756336814e+02
1.461133541168006786e+02
1.464983374917183596e+02
1.464831691835541108e+02
1.465082517005596117e+02
1.464527794955153865e+02
1.462351308035497368e+02
1.463789200035859892e+02
1.467261818218044311e+02
1.473193755775798195e+02
1.477165409874542945e+02
1.480773141287421879e+02
1.480376910391322554e+02
1.482804959991243834e+02
1.481621171708328006e+02
1.478001183543760817e+02
1.476364831862391043e+02
1.477540234204430192e+02
1.479939630509524022e+02
1.483171343949022685e+02
1.488051862574765494e+02
1.488941275328043332e+02
1.488627550836420141e+02
1.491947021046885595e+02
1.490855576815028201e+02
1.493389471530338142e+02
1.495140880333677273e+02
1.495293818518858586e+02
1.495852341938235668e+02
1.499244789836603786e+02
1.501055343269301829e+02
1.499247821484149483e+02
1.496613961095099228e+02
1.493953496055654568e+02
1.490054036419857084e+02
1.482882865070554601e+02
1.472406934414703699e+02
1.465461549913845261e+02
1.463698535266503313e+02
1.462321752794450447e+02
1.462547225044904451e+02
1.463583055600914236e+02
1.468669753132236337e+02
1.470575508214373315e+02
1.472500513347850983e+02
1.471212639745303363e+02
1.469911757318492391e+02
1.467789653857064991e+02
1.468474397835423417e+02
1.469570098823652415e+02
1.468252625074401578e+02
1.471770328357978030e+02
1.473707402381799056e+02
1.477280204426049295e+02
1.480889095379853018e+02
1.482918278161474746e+02
1.486584119355024711e+02
1.487054666015170312e+02
1.489550167692092657e+02
1.491262795648580948e+02
1.495821005705634548e+02
1.496788894652166846e+02
1.498574641062787691e+02
1.499974384911901097e+02
1.505428671628195332e+02
1.509725930937571547e+02
1.510430233270271856e+02
1.510333568959867137e+02
1.511044009050372097e+02
1.510953544495325218e+02
1.510054085348816670e+02
1.508741500352336686e+02
1.510647980153872538e+02
1.513381798135225154e+02
1.514931109227499348e+02
1.515283948714643145e+02
1.519276715873385797e+02
1.522097692801390565e+02
1.524947164445854355e+02
1.525805216611983326e+02
1.525055774355534197e+02
1.526318963995484523e+02
1.525574711106549728e+02
1.530479506168231012e+02
1.532201521382058615e+02
1.535557092305098479e+02
1.540966759904146670e+02
1.539562383741562428e+02
1.541376145193498530e+02
1.544420348680299639e+02
1.545071059273028595e+02
1.542091979063668816e+02
1.543527251579462813e+02
1.544168940989350460e+02
1.544817112110457629e+02
1.545067790010559747e+02
1.541684636374313868e+02
1.536247107448797351e+02
1.533582936816960967e+02
1.534124178602997972e+02
1.536287049093931216e+02
1.537663685953465347e+02
1.537842107023704443e+02
1.537618289922933172e+02
1.535776050427199095e+02
1.535127323663839434e+02
1.534472044104891211e+02
1.531789943540292427e+02
1.531100953071006359e+02
1.530000962697988030e+02
1.524849457270690039e+02
1.518433795222917126e+02
1.515993732548408275e+02
1.515549224796371277e+02
1.509847701814509549e+02
1.501664345267193994e+02
1.498650853805244765e+02
1.494394801823475802e+02
1.492520001841892849e+02
1.489818183678679873e+02
1.487493114826957026e+02
1.485952641239343279e+02
1.489245092160954016e+02
1.487318274910055607e+02
1.487392196878839457e+02
1.487466865534178169e+02
1.485522086398170529e+02
1.485577865048648789e+02
1.486038247523899258e+02
1.486099239923116784e+02
1.484140646386998981e+02
1.482162269077773828e+02
1.478547746543201811e+02
1.473280552063844766e+02
1.466748032387721707e+02
1.462977810492648416e+02
1.460381626760248821e+02
1.459779420969944681e+02
1.459979213100958759e+02
1.461797184950464441e+02
1.460805237323700965e+02
1.458591148811824212e+02
1.457566816981638738e+02
1.457744259577413288e+02
1.459135615734758176e+02
1.461349106802796314e+02
1.456312229093728376e+02
1.454456797064378861e+02
1.457835148549869757e+02
1.460035503585725678e+02
1.462662124834067185e+02
1.463295075589958003e+02
1.464338460191883087e+02
1.464180262820084408e+02
1.466848750323318598e+02
1.466311869013453020e+02
1.464557443447938283e+02
1.462785296412055516e+02
1.458166966072780895e+02
1.457542389972512069e+02
1.456103424214650204e+02
1.454649923449148048e+02
1.456010023686014847e+02
1.456171741096974017e+02
1.455931051613106604e+02
1.455687930922331930e+02
1.459482758507406572e+02
1.459275513643845557e+02
1.462702539034186202e+02
1.466164180842616247e+02
1.468448667517789659e+02
1.472372391432113830e+02
1.468254940840522806e+02
1.462075697818709159e+02
1.463106765473442579e+02
1.461724005528733414e+02
1.463963641948215582e+02
1.462589537321430271e+02
1.464029835678213658e+02
1.463060440079007378e+02
1.463293373817169538e+02
1.466356943249674885e+02
1.465815094191583796e+02
1.465671812314739100e+02
1.465931123550234929e+02
1.467809215707311807e+02
1.469706278492235185e+02
1.472430584335592130e+02
1.475182408419783542e+02
1.477557988302826288e+02
1.477533321517994693e+02
1.476296284361617950e+02
1.476258873092539545e+02
1.473392801103572936e+02
1.472517980912702171e+02
1.468806041325959484e+02
1.469097011440362053e+02
1.467774759030664598e+02
1.467651271748156887e+02
1.468334617927426677e+02
1.465792543361040714e+02
1.464436912485896585e+02
1.464279709581711586e+02
1.464120918769406785e+02
1.465576685625665903e+02
1.465835035985518289e+02
1.466500036349017080e+02
1.470000036716171223e+02
1.474343471430489672e+02
1.477922698414624847e+02
1.479517877186490296e+02
1.481937249683325035e+02
1.480744696649825300e+02
1.482772420858406122e+02
1.479164061473134950e+02
1.479155617649639396e+02
1.478339007726904697e+02
1.477918189623133287e+02
1.477089080427404326e+02
1.475847555987275825e+02
1.479037935340687966e+02
1.478624177111807114e+02
1.477398158698798625e+02
1.472119352221000668e+02
1.465171062849502164e+02
1.463001073585355982e+02
1.464849569278128740e+02
1.467524817452662660e+02
1.467398805507736768e+02
1.467675561118925316e+02
1.470379354665583946e+02
1.473514499662211961e+02
1.476277272386068944e+02
1.477451790288958762e+02
1.472173525544402821e+02
1.467245985398384391e+02
1.463480793331701477e+02
1.462101811446162856e+02
1.461112940854710871e+02
1.460518122075466181e+02
1.459109214217646979e+02
1.459302236583479271e+02
1.461113370286343240e+02
1.459306434632673302e+02
1.458289327911787723e+02
1.456453866577569727e+02
1.454195824825819443e+02
1.453127095783656273e+02
1.450835450286521962e+02
1.450136818471238485e+02
1.448623048960841970e+02
1.447498029253378888e+02
1.445957605306438722e+02
1.447229904349937328e+02
1.450131216515093229e+02
1.450637592439487946e+02
1.448724840847963264e+02
1.445580647321175434e+02
1.444020855879980445e+02
1.445273591797957238e+02
1.448155143230261501e+02
1.447429437606323575e+02
1.448312563238711164e+02
1.447588447715864106e+02
1.450493381531181853e+02
1.455447860132510414e+02
1.458028141547982841e+02
1.456998122775744946e+02
1.459190023005808996e+02
1.460595982834138908e+02
1.463228265489034357e+02
1.463866934837409701e+02
1.466128217007478440e+02
1.468008300007554396e+02
1.470311414149047948e+02
1.472637792069746752e+02
1.472967466737111693e+02
1.476128754279918098e+02
1.479321974020113544e+02
1.479719165676877708e+02
1.480120369370590652e+02
1.474465019566252693e+02
1.469156585420459180e+02
1.467026853960059327e+02
1.466087731272784822e+02
1.464331041689677591e+02
1.464172769383522734e+02
1.466033100387387265e+02
1.465083939785247367e+02
1.463721151298229302e+02
1.459516314442653595e+02
1.456885166103691347e+02
1.456247642528980748e+02
1.456411760130284279e+02
1.458597737505342593e+02
1.457977512631651109e+02
1.457755063264299338e+02
1.455510164913436881e+02
1.456070873649937596e+02
1.456233205707003151e+02
1.456397177481820506e+02
1.454542603516992472e+02
1.456709700522220317e+02
1.453242121739617687e+02
1.449335476504661244e+02
1.444581289398647925e+02
1.445031605453179111e+02
1.440233944902198857e+02
1.437003984749692904e+02
1.435357560353234874e+02
1.437734909447700602e+02
1.437712029745156599e+02
1.440517201762788773e+02
1.437290102790692572e+02
1.435242528071413233e+02
1.434386391991328367e+02
1.430289284839719528e+02
1.431403318019919197e+02
1.430912442444366945e+02
1.434052972166024063e+02
1.437225224410123303e+02
1.440025479202150223e+02
1.443258059800147635e+02
1.442482888687021898e+02
1.442912008774763706e+02
1.447789907853297962e+02
1.451100917023525767e+02
1.454445370730845468e+02
1.454995323970542529e+02
1.456358913101560972e+02
1.456120114244002934e+02
1.455070822468692029e+02
1.457243255018877335e+02
1.458629550524122465e+02
1.459221768206182333e+02
1.458607846672911990e+02
1.459199845124158799e+02
1.456969540529446761e+02
1.459565192453996190e+02
1.460166861064637942e+02
1.463602889964278972e+02
1.463437262590183536e+02
1.466098245040590200e+02
1.464341661657155100e+02
1.462567335007231009e+02
1.462391247482057111e+02
1.463829542911157091e+02
1.461646002940571805e+02
1.458228285798555532e+02
1.454372005857121053e+02
1.449668692784971142e+02
1.447342113924217415e+02
1.445396074670923667e+02
1.444642499667603204e+02
1.443881312795552105e+02
1.443516477571266705e+02
1.443956037950773350e+02
1.444400038334115948e+02
1.441212159933451176e+02
1.440820363569142728e+02
1.438000367241562572e+02
1.433939764890462811e+02
1.432666429182286549e+02
1.430572150689182251e+02
1.426840556251702026e+02
1.425899551769392701e+02
1.425757122999393687e+02
1.425613255554934540e+02
1.423447732883782351e+02
1.422472457458358406e+02
1.417446926725619107e+02
1.418431239116781057e+02
1.422657817289683351e+02
1.424906886151192111e+02
1.430006955708279293e+02
1.430310056270976702e+02
1.430212178051504850e+02
1.431325432375250273e+02
1.435682254924500114e+02
1.440487126186370972e+02
1.443320329481176429e+02
1.444161948970880189e+02
1.442991867647357083e+02
1.442618048128642840e+02
1.443452573867315607e+02
1.445507650371028205e+02
1.445967323607104049e+02
1.446835680411211627e+02
1.444076444859809385e+02
1.444521661474556424e+02
1.445375415630859095e+02
1.446641833970566324e+02
1.449537206030877883e+02
1.447613339425135450e+02
1.448902363055682940e+02
1.446164003086552725e+02
1.443802023319749708e+02
1.442224265979541542e+02
1.438206329272266260e+02
1.438592251790169598e+02
1.436961870495116500e+02
1.436931182318305105e+02
1.436900184159903517e+02
1.434444630464546151e+02
1.431964273196517468e+02
1.432691185046982127e+02
1.432213318229270840e+02
1.430922543665934938e+02
1.432447013803980269e+02
1.429138397781788683e+02
1.428220603819994210e+02
1.430121822040399024e+02
1.429618002061002642e+02
1.430321214203041507e+02
1.433859812326300585e+02
1.437838194268989582e+02
1.437412317443428549e+02
1.435365977215586781e+02
1.438147451732913282e+02
1.440148941144354637e+02
1.441766607216524676e+02
1.442592532541939079e+02
1.443022760143372807e+02
1.443457333478152407e+02
1.444300336846630444e+02
1.444747814996586328e+02
1.446411934339988932e+02
1.443648418525243358e+02
1.444089311641657787e+02
1.441706375395615112e+02
1.440107449894566116e+02
1.437684292822789018e+02
1.436852821033109819e+02
1.436821031346582629e+02
1.439213162976350588e+02
1.441629457551866551e+02
1.441241876315018260e+02
1.442466541732335372e+02
1.443299537103369801e+02
1.446161148589264087e+02
1.445819342009357626e+02
1.445070042433698632e+02
1.445525295387569713e+02
1.445985146856138215e+02
1.445237522076908192e+02
1.444078305128183786e+02
1.444523540533519963e+02
1.446185394478303579e+02
1.446247873210405146e+02
1.447119063848895166e+02
1.447595013988783137e+02
1.450095973726045600e+02
1.449389872450547045e+02
1.450696840859146732e+02
1.451208930160751436e+02
1.451322151677522641e+02
1.452244597654062375e+02
1.454792522882897856e+02
1.451305578669592364e+02
1.445359170373325242e+02
1.442180980175073444e+02
1.433718161793001968e+02
1.432442587669694944e+02
1.434790492595654996e+02
1.434737871308742001e+02
1.438725122534076775e+02
1.440328406600078495e+02
1.440331723838475284e+02
1.438718912968145958e+02
1.440322134311265927e+02
1.439921347789153288e+02
1.441940755342579621e+02
1.439132076103616384e+02
1.441143511215779824e+02
1.438730819409871629e+02
1.437101837787751890e+02
1.437072563421972973e+02
1.438659154971689986e+02
1.437837530274434528e+02
1.440239929570134905e+02
1.441858514717304445e+02
1.444705570421517962e+02
1.446773303456079987e+02
1.445225559046545811e+02
1.445682382875299652e+02
1.442103417045763649e+02
1.442124663682580774e+02
1.440529963315745476e+02
1.443767639712867208e+02
1.448250141124113100e+02
1.449545597095063556e+02
1.452874340500062544e+02
1.453812465151578976e+02
1.453547944597552828e+02
1.455300954138942586e+02
1.453839347615091810e+02
1.450746815772818366e+02
1.447623046235165987e+02
1.444063683065824932e+02
1.439660285925081666e+02
1.435212410025330882e+02
1.428295363661953843e+02
1.422520569355509110e+02
1.419919767025770625e+02
1.416888653561376543e+02
1.414230963193314210e+02
1.411950467872031254e+02
1.406414614012156505e+02
1.402843044456721486e+02
1.403275802481543053e+02
1.404925053011656075e+02
1.404166720213791564e+02
1.409865373953321637e+02
1.412389266619518935e+02
1.413726531938913524e+02
1.415077304988795106e+02
1.411593237362425555e+02
1.409690138749924984e+02
1.412616301767598941e+02
1.410319496734942675e+02
1.408403532055503149e+02
1.410104577833836288e+02
1.410610684680649740e+02
1.411929984525905866e+02
1.412050489420106203e+02
1.412576251939495364e+02
1.410279042363131339e+02
1.412403073094070010e+02
1.413740477872806593e+02
1.415091391790709849e+02
1.414839789687587768e+02
1.412161403724825277e+02
1.407839801742260875e+02
1.407110910850768164e+02
1.405970617020976476e+02
1.404818805071689098e+02
1.403251318254234548e+02
1.402880119448722098e+02
1.400484969140121621e+02
1.400893908222346056e+02
1.402115058810456674e+02
1.402540463444894101e+02
1.402970165095856885e+02
1.405424409187729395e+02
1.407499403219935914e+02
1.405554952747401956e+02
1.406823184593344251e+02
1.407296146053880648e+02
1.406965804094830332e+02
1.402187680903866465e+02
1.400189576670576628e+02
1.396555127950070982e+02
1.393692048434415085e+02
1.392012170135780593e+02
1.393143606197756696e+02
1.394286470906824889e+02
1.392612596875577538e+02
1.394154138258161879e+02
1.396115291169860200e+02
1.399308374919047253e+02
1.399301388807120645e+02
1.400506453340526605e+02
1.399703488222751844e+02
1.402528775982578964e+02
1.404574521194523129e+02
1.406640930499519300e+02
1.407516091413657193e+02
1.408400092337029150e+02
1.405656658926288856e+02
1.404905716087166354e+02
1.404955268774914714e+02
1.403793200782737642e+02
1.402619394730038493e+02
1.402645853262664559e+02
1.403884700265314791e+02
1.401095656833647922e+02
1.397066320033998181e+02
1.394612444478778741e+02
1.393749943917964913e+02
1.394898933250464950e+02
1.393231245707542598e+02
1.394374995664180403e+02
1.392297975418366036e+02
1.391816136786228810e+02
1.390521350289119482e+02
1.388809444736484409e+02
1.388696408824733908e+02
1.389794352348212954e+02
1.391711467018396888e+02
1.387991380826665875e+02
1.387062000835017272e+02
1.387739394782844897e+02
1.390443833113985193e+02
1.391963467791907476e+02
1.393902492719099655e+02
1.396669184564748036e+02
1.397039580368433747e+02
1.400646040776193786e+02
1.400652566440600140e+02
1.401467238828889492e+02
1.402290140231198450e+02
1.401909232556767222e+02
1.402736598542190336e+02
1.401552119739586715e+02
1.400355676504632072e+02
1.399551188388516891e+02
1.397122412513656400e+02
1.396285265165309681e+02
1.392207338550814768e+02
1.388896301566484794e+02
1.383531617743921629e+02
1.381345068428200875e+02
1.376308149927482418e+02
1.375664797906543129e+02
1.373802826168221429e+02
1.371518006230534468e+02
1.367997986091445171e+02
1.366462612213578609e+02
1.363295567892502618e+02
1.361712694840921074e+02
1.362134035192842418e+02
1.361751550699842426e+02
1.360557121919035808e+02
1.361370830221245569e+02
1.365425081031557397e+02
1.365883920233901279e+02
1.366347394175655836e+02
1.368431711288540953e+02
1.367304758877318704e+02
1.369802786744762102e+02
1.371113926004810253e+02
1.372034268691730290e+02
1.371347746153263927e+02
1.364997723387135125e+02
1.364644165037508117e+02
1.363074914179303789e+02
1.362297893110410030e+02
1.360704942535763848e+02
1.360712063167434849e+02
1.359507134512563482e+02
1.358290034861170170e+02
1.357060641273918975e+02
1.357030950781733054e+02
1.361041364425994402e+02
1.362668044874741327e+02
1.365119237247215267e+02
1.365979027522435274e+02
1.367655583355996782e+02
1.368945033692927211e+02
1.371459629992854445e+02
1.374807707063488067e+02
1.377381522286353004e+02
1.377557093218538569e+02
1.378946558806604799e+02
1.382774301824853751e+02
1.385024547297831248e+02
1.384469239694777514e+02
1.386332565348256765e+02
1.387406631664908332e+02
1.385259223903949248e+02
1.384706286771668715e+02
1.386572006840062841e+02
1.384820208929363616e+02
1.384666877706428068e+02
1.382087755259015580e+02
1.379078540665669834e+02
1.377655091581488875e+02
1.379045547052005816e+02
1.377217724294956156e+02
1.374159317469655548e+02
1.375110421686518976e+02
1.375263052208604222e+02
1.374205103241014854e+02
1.375560710344461768e+02
1.375313848832786050e+02
1.376276614982614888e+02
1.374824863618801203e+02
1.378206932948285441e+02
1.379602962574024332e+02
1.382225214721237307e+02
1.380833550223470354e+02
1.380639949720680022e+02
1.382868636081498153e+02
1.383503672809587783e+02
1.381316841221809000e+02
1.383956405274555834e+02
1.386622631590459491e+02
1.390931951101474056e+02
1.394476718284315382e+02
1.395633048772035636e+02
1.395588938153575498e+02
1.397160543589466499e+02
1.397131862211589635e+02
1.398315012334928440e+02
1.400318194277707846e+02
1.401129489169404110e+02
1.401948978958991745e+02
1.400756544403022872e+02
1.398339943841441766e+02
1.394686811961048534e+02
1.391400820162676837e+02
1.392122040568359580e+02
1.387193980372081512e+02
1.380599980173817585e+02
1.379191899165471398e+02
1.377365554712598907e+02
1.377540964356163613e+02
1.380546428642586250e+02
1.379541847113724486e+02
1.378527118296691754e+02
1.378714260905748290e+02
1.376075011015908274e+02
1.373813142440311594e+02
1.377184992363948481e+02
1.377762618549443232e+02
1.380366281363075984e+02
1.380167960972801211e+02
1.376331273709900813e+02
1.372051791626168153e+02
1.366112920834510192e+02
1.362538303873244274e+02
1.356503337245702596e+02
1.350811451763334787e+02
1.347890355316500006e+02
1.343727631632826558e+02
1.340330941043260111e+02
1.334071657619453788e+02
1.331789553150967436e+02
1.330696518334310099e+02
1.329188402357889629e+02
1.327261012482715898e+02
1.326930315639105800e+02
1.327000318827381591e+02
1.328283150330685203e+02
1.331599141748170325e+02
1.331716304796129009e+02
1.332238691713260152e+02
1.333170395669964137e+02
1.331687268353493323e+02
1.325744715508585898e+02
1.324590621725839696e+02
1.318576385581657746e+02
1.310481197557232065e+02
1.306748684401242713e+02
1.304190590304285422e+02
1.306051101317463576e+02
1.306718284159052530e+02
1.304563923392982474e+02
1.304003963023216670e+02
1.305458548508293859e+02
1.306523786372020481e+02
1.306791703406073850e+02
1.305446165056646635e+02
1.304895116218830537e+02
1.305550622443266207e+02
1.307828911558856930e+02
1.304877688443289401e+02
1.302300695397262302e+02
1.300101712522484263e+02
1.299900719719682627e+02
1.299697696686546635e+02
1.298280501703583525e+02
1.298061112831903756e+02
1.296627386698888813e+02
1.294371097675646922e+02
1.290879896642064750e+02
1.286545350143500741e+02
1.286207424387376079e+02
1.284249923623611664e+02
1.283484771336981680e+02
1.279075526603008939e+02
1.274217703639408086e+02
1.270926973373137656e+02
1.267198963003169041e+02
1.266261578791077369e+02
1.266122806859677041e+02
1.266386673595628167e+02
1.266249165248114394e+02
1.267726429543547226e+02
1.267602454084391184e+02
1.267073185943829543e+02
1.266134531256395945e+02
1.262762152784234360e+02
1.262992073519432097e+02
1.262820276282255207e+02
1.264262905335612999e+02
1.263295863975362892e+02
1.262723094924609057e+02
1.263760701944048748e+02
1.261172426206110373e+02
1.260174167884958365e+02
1.257145624126222287e+02
1.257722852652746468e+02
1.255477628942171719e+02
1.251189524184011361e+02
1.247262145640412712e+02
1.245719339030722068e+02
1.242544786899717479e+02
1.238126047373452963e+02
1.232854593306518325e+02
1.226317771016683764e+02
1.222139162643114503e+02
1.216302184487995675e+02
1.209598166149487923e+02
1.205250672878271985e+02
1.202879467553811281e+02
1.200080270256371904e+02
1.195232596218560133e+02
1.191952117392482222e+02
1.189042542820691750e+02
1.183679336182514277e+02
1.180686198164158611e+02
1.180895149660766350e+02
1.179894090566430691e+02
1.176862717743867819e+02
1.174608805801887570e+02
1.173140207880694277e+02
1.171656775637063959e+02
1.170562399633400474e+02
1.167436767306465697e+02
1.164279562935820707e+02
1.161494508015984621e+02
1.163529806076751782e+02
1.164373541491670920e+02
1.162397516658250112e+02
1.159997491573991226e+02
1.155957062195947600e+02
1.152279860803988072e+02
1.151393798791907841e+02
1.144034140193845133e+02
1.142256707266511739e+02
1.138037078046982202e+02
1.134582907118164030e+02
1.128265562745618666e+02
1.127945012874366881e+02
1.123984861489255849e+02
1.121196829787127882e+02
1.119188716956693384e+02
1.117968400966358615e+02
1.115119596935711854e+02
1.113858178722944103e+02
1.110563816891862530e+02
1.104407895850365833e+02
1.101826157424610386e+02
1.091541573156173399e+02
1.080749063794113738e+02
1.076716226054659842e+02
1.070622450560263843e+02
1.066083283394206802e+02
1.061902306458794243e+02
1.053234652988680438e+02
1.048115811099677330e+02
1.041329102120885040e+02
1.037302123354427579e+02
1.032830427630736665e+02
1.029525684475492540e+02
1.026187560076252225e+02
1.024027838460862796e+02
1.018209937839254735e+02
1.013949432160865030e+02
1.011666093091781136e+02
1.007743528375537210e+02
1.004185382197512268e+02
1.002611497169203858e+02
1.001021714312328754e+02
9.977997114265932055e+01
9.913128398248414896e+01
9.871846866917582020e+01
9.813986734260197409e+01
9.763622963899189244e+01
9.724871680706239374e+01
9.673607758289132619e+01
9.637987634635490508e+01
9.577765287510597148e+01
9.533096250010704864e+01
9.496056818192627702e+01
9.442481634538010837e+01
9.420688519735362831e+01
9.362311636096336542e+01
9.291223874844769171e+01
9.199216035196755570e+01
9.130521247673478058e+01
9.012647724922712200e+01
8.917825984770419723e+01
8.822046449263041268e+01
8.749541867942461693e+01
8.684385725194421468e+01
8.630692651711528640e+01
8.572416819910633023e+01
8.529713959505690468e+01
8.474458544955243156e+01
8.414604590863888234e+01
8.342024839256444579e+01
8.313156403289350749e+01
8.263794346756920106e+01
8.197772067431228038e+01
8.074517239829511084e+01
8.014663878615687054e+01
7.913801897591588386e+01
7.811921108678383519e+01
7.709011220887248328e+01
7.633344667562880659e+01
7.560954209659480796e+01
7.508034555211595773e+01
7.414176318395550425e+01
7.359774058985411216e+01
7.284620261601423863e+01
7.236990163233754458e+01
7.148474912357337985e+01
7.103510012482165337e+01
7.054050517658735941e+01
7.016212644099725537e+01
6.969911761716898013e+01
6.878698749208997754e+01
6.814847221423228518e+01
6.758431536791148631e+01
6.725688421001154893e+01
6.668372142425413074e+01
6.586234487298399642e+01
6.535590391210507732e+01
6.476353930515655577e+01
6.359953465167330933e+01
6.290862086027601663e+01
6.204911198007688711e+01
6.110011311118881139e+01
6.078799304160480688e+01
6.006867984000487581e+01
5.950371701010589476e+01
5.860981516172309114e+01
5.762607592093250730e+01
5.655159183932579481e+01
5.558746650436945203e+01
5.481562273168636068e+01
5.423800275927922598e+01
5.345252803967606070e+01
5.265911923199595890e+01
5.133244366868282071e+01
5.067923602897251811e+01
4.989821821108339606e+01
4.906890728392265544e+01
4.823121947870976101e+01
4.738507018051489439e+01
4.657077796011611781e+01
4.558664440415765995e+01
4.459257010520981623e+01
4.362885869213113210e+01
4.273622090114255911e+01
4.163254636479051385e+01
4.039651147958639399e+01
3.947122371675396835e+01
3.853658961288271456e+01
3.747130263927550686e+01
3.643565923159142983e+01
3.510672649655693789e+01
3.380477423894640765e+01
3.277249923125898334e+01
3.177020124369592224e+01
3.035373862999585981e+01
2.908458447474333752e+01
2.788341866135686331e+01
2.650850369834028086e+01
2.507929666499018495e+01
2.387807743938399696e+01
2.270512872665051063e+01
2.156073608752576831e+01
2.016235968436945925e+01
1.879026230744389281e+01
1.704066899741805940e+01
1.608148383577583118e+01
1.458735740987457064e+01
1.295692667664097364e+01
1.126962290569795400e+01
9.646083743129237220e+00
7.965741154676003077e+00
6.632061772399993060e+00
5.163698759999993726e+00
3.882523999999996089e+00
2.507600000000000939e+00
1.239999999999999991e+00
