1.405891403410819578e+02
1.409183235768493319e+02
1.413720440170194479e+02
1.415071151687069460e+02
1.419263789582901154e+02
1.421074534932220672e+02
1.420883368618403608e+02
1.423518554160001202e+02
1.423352074909094824e+02
1.423587954453633699e+02
1.426250459044072443e+02
1.430151978832394377e+02
1.431668665487270573e+02
1.430372389381077198e+02
1.425830696344517037e+02
1.424071410449014650e+02
1.423910515605058436e+02
1.424960116772788581e+02
1.427636481588683353e+02
1.429531799584527789e+02
1.434678585438907135e+02
1.433008672160523247e+02
1.426069365818704000e+02
1.423504409917884743e+02
1.423337787795842360e+02
1.421149280601856333e+02
1.423787152123091175e+02
1.422411264770804564e+02
1.421829560374549999e+02
1.424070263004595631e+02
1.428353801014732483e+02
1.433488687893678559e+02
1.434635038276432226e+02
1.435388927551960023e+02
1.440594876315103932e+02
1.441408965974859768e+02
1.443847440378648344e+02
1.445098424624890185e+02
1.449998408712013998e+02
1.454947887587887578e+02
1.460755442007965428e+02
1.465409537381794394e+02
1.465262158971510189e+02
1.467133493910623940e+02
1.467407569606678805e+02
1.468088454148167727e+02
1.471604499139559721e+02
1.467883332464203932e+02
1.469781143903236114e+02
1.469677923134578919e+02
1.468361538519781107e+02
1.467435897494722497e+02
1.468521108580536065e+02
1.470425362202558688e+02
1.473560971921773444e+02
1.471879769617952149e+02
1.470989666280758854e+02
1.472918854829058262e+02
1.477695812958640715e+02
1.479288699958227937e+02
1.482109797937605720e+02
1.485767472664244906e+02
1.487845931984089702e+02
1.492773668670784843e+02
1.496943099667464594e+02
1.498730403704514060e+02
1.494879195661125095e+02
1.493009288546595030e+02
1.492332614693523567e+02
1.495689509791441765e+02
1.500292434132767312e+02
1.500901448618958227e+02
1.501920655170661405e+02
1.500525914313796250e+02
1.501137287185656533e+02
1.504987158773388103e+02
1.507259756336760006e+02
1.510363390239157297e+02
1.514710495191061170e+02
1.518697469889957290e+02
1.521512595848450928e+02
1.519103632170148614e+02
1.517478416333479458e+02
1.520281228619674039e+02
1.522304271333016459e+02
1.522731587205058190e+02
1.525991502227328738e+02
1.528476264876088067e+02
1.529774004925344002e+02
1.534721217096296471e+02
1.537294158683144190e+02
1.539489049174891591e+02
1.540493989065551830e+02
1.536256554611665308e+02
1.538440964254210712e+02
1.540647438640609721e+02
1.544088321859211419e+02
1.545139719049703899e+02
1.548221938434043921e+02
1.552547412559642623e+02
1.557724659151152480e+02
1.561338039546622838e+02
1.564583878329915478e+02
1.565438260939311874e+02
1.561452788827586176e+02
1.565911907906658769e+02
1.565163543340057117e+02
1.564407619535410277e+02
1.568088504581216966e+02
1.564129802607299382e+02
1.565383638997270168e+02
1.567862261613397266e+02
1.569153799609502471e+02
1.567226060211615959e+02
1.568511171930922217e+02
1.572233507000939312e+02
1.573165158586800203e+02
1.575318342006872001e+02
1.574260951522088305e+02
1.576425203557662087e+02
1.578611316724906999e+02
1.579607390631221335e+02
1.583845849122450886e+02
1.587723079921663896e+02
1.589215232244107199e+02
1.589106295196064025e+02
1.590208378985926743e+02
1.592533716147399900e+02
1.596094662775149970e+02
1.598883497752679261e+02
1.602912623992604608e+02
1.604962246457170352e+02
1.610264895411288251e+02
1.615217066072004570e+02
1.617390975830310254e+02
1.615950480636673774e+02
1.614899475390585337e+02
1.615454015546046378e+02
1.615610116713179139e+02
1.620212239104224921e+02
1.622436605155778011e+02
1.625087479955339518e+02
1.623320686823571180e+02
1.623960289720784260e+02
1.622990191637140924e+02
1.624838577411254619e+02
1.623473310516414188e+02
1.624518495471132837e+02
1.625978278253676308e+02
1.626644725508762974e+02
1.630146187382586049e+02
1.630450694325844836e+02
1.635202721541264737e+02
1.635154264183093176e+02
1.636317438568782450e+02
1.641936806635127937e+02
1.648421016803160342e+02
1.653758602831474889e+02
1.657129901849977500e+02
1.655282729141390234e+02
1.654224978930695613e+02
1.651540382758279861e+02
1.652465033089171982e+02
1.650166700090075835e+02
1.651481515242494709e+02
1.651193449739900529e+02
1.654942878525150434e+02
1.661962503560752964e+02
1.668648993495719992e+02
1.674190902520926159e+02
1.673324143960526555e+02
1.671236509051042560e+02
1.669127786920243182e+02
1.667805845373976013e+02
1.664854389266658359e+02
1.661469080067325308e+02
1.663302101078113253e+02
1.663537475836475323e+02
1.662159066501483267e+02
1.660362693435844506e+02
1.659760296399847732e+02
1.661172016565492129e+02
1.660173754106559159e+02
1.659973488996534741e+02
1.662195443430844648e+02
1.664035801445298546e+02
1.662258385298276835e+02
1.663291298281097568e+02
1.663122523516252897e+02
1.667800528804297073e+02
1.670505584650807975e+02
1.672025843081622156e+02
1.675581659678407505e+02
1.674728949170115868e+02
1.672251463808189555e+02
1.671769155361816956e+02
1.676534500365467011e+02
1.680539899359060314e+02
1.681757474100061245e+02
1.683795428383901083e+02
1.687066089276665934e+02
1.689965746744111641e+02
1.694510855297084788e+02
1.696677631613212611e+02
1.700482456174956951e+02
1.699073188055512276e+02
1.697245644500523838e+02
1.697015802525787649e+02
1.698803840935130154e+02
1.697781657510232947e+02
1.696749149000244472e+02
1.701766817171956063e+02
1.704410926436317197e+02
1.706273663066983772e+02
1.702498649562603532e+02
1.698281464204653446e+02
1.697658044651172418e+02
1.700260651162803356e+02
1.701273385012936217e+02
1.701084227285784891e+02
1.701297199278577921e+02
1.701108282099570488e+02
1.700917456666234671e+02
1.701936824915389366e+02
1.698926085773117336e+02
1.697905137144565799e+02
1.701318320348049156e+02
1.700725576109142594e+02
1.700530884958727995e+02
1.699930186826994145e+02
1.702151703865654326e+02
1.702779498854200142e+02
1.701797473590100083e+02
1.704845932919289737e+02
1.708733265575052087e+02
1.717912389469742322e+02
1.720719585322960086e+02
1.721534934669659833e+02
1.724378721888541293e+02
1.728463355442972045e+02
1.733801369134314427e+02
1.732728655691227573e+02
1.737705712819422388e+02
1.743137083655989272e+02
1.748219276420190340e+02
1.753756844868873941e+02
1.755713984716041125e+02
1.758498974460636930e+02
1.761312095414790804e+02
1.761729389307875238e+02
1.761342817482693874e+02
1.760952340891614085e+02
1.760153879688489269e+02
1.760963514836869876e+02
1.760165166501880663e+02
1.759358754042301030e+02
1.758140155598299543e+02
1.758525409695251938e+02
1.757298393631564579e+02
1.758079185486425615e+02
1.758463823723661221e+02
1.759660428003709001e+02
1.765717604044148459e+02
1.762947074792054138e+02
1.762572802820260165e+02
1.762598790727532219e+02
1.762625041138934421e+02
1.761843475897908888e+02
1.761862096866573211e+02
1.759456663501589730e+02
1.758643094446044017e+02
1.759437469137429559e+02
1.755391382967092397e+02
1.752516548451614256e+02
1.749612675203660217e+02
1.746679469902675805e+02
1.742504515053207399e+02
1.737883348538598796e+02
1.738468028826871432e+02
1.739866695784716626e+02
1.741683531095668513e+02
1.743922758682503229e+02
1.747396725941918305e+02
1.752521945395876912e+02
1.753254490298861583e+02
1.756418677069559635e+02
1.757998663706619027e+02
1.759998650208703168e+02
1.760806717382533293e+02
1.762431027659133065e+02
1.758011139049629605e+02
1.758395089949115118e+02
1.762419282776884302e+02
1.762847760380689692e+02
1.769341172101708821e+02
1.773879971819895616e+02
1.778464617999900952e+02
1.777439008080717429e+02
1.773574755637087321e+02
1.768055308724325130e+02
1.762884150226596205e+02
1.757660757804648881e+02
1.756020967479435342e+02
1.750728249979231634e+02
1.749422474726488588e+02
1.744871186592417018e+02
1.742698168275164790e+02
1.740099159873910253e+02
1.736261777650401825e+02
1.738042199646879737e+02
1.739840605703917333e+02
1.740041015862549045e+02
1.743071733194487649e+02
1.740072457772214989e+02
1.737850967446680670e+02
1.741263603481499729e+02
1.745114750991408812e+02
1.751025001001431747e+02
1.752954546466076522e+02
1.754903582288978612e+02
1.762124830594931097e+02
1.768610939994884461e+02
1.769505999994833587e+02
1.770006060600834417e+02
1.769703091515992242e+02
1.769801102541421187e+02
1.767475861152953200e+02
1.767955415306008717e+02
1.762783247783845297e+02
1.764023482609942448e+02
1.767296447080748010e+02
1.772218633414895521e+02
1.774766296378685979e+02
1.775723531695643089e+02
1.772650032015805550e+02
1.769949527288687818e+02
1.764393461907771439e+02
1.760801476674510297e+02
1.761213612802535522e+02
1.755973346265190003e+02
1.749468026530494171e+02
1.747341440939889310e+02
1.744385293878681864e+02
1.738975044321897485e+02
1.732298024567579660e+02
1.727573762189468880e+02
1.725226022413602607e+02
1.725278810518795183e+02
1.724928091433130533e+02
1.724169789326393527e+02
1.723403827602415674e+02
1.719801846063053006e+02
1.718991763700049660e+02
1.721001781515198559e+02
1.720607860116367647e+02
1.717381676885214574e+02
1.718971390793147691e+02
1.717344839184996772e+02
1.710853372914145041e+02
1.707932699913278043e+02
1.704982525164921299e+02
1.705234873903964399e+02
1.704277650408052693e+02
1.703714798391968657e+02
1.701530099385824997e+02
1.701343534733152865e+02
1.698730843164800604e+02
1.701748326429091378e+02
1.703180127706154678e+02
1.702606189602172435e+02
1.704046656163820330e+02
1.702269349660424496e+02
1.704110454202446192e+02
1.701929751719649744e+02
1.698110860322866813e+02
1.693849353861496354e+02
1.690352882688370926e+02
1.692073618877144554e+02
1.693003655431455741e+02
1.695559247910561282e+02
1.694504290818744892e+02
1.695862920018936677e+02
1.696831232342364046e+02
1.698617406406430632e+02
1.700825663036807498e+02
1.705076427309891471e+02
1.710986290212011340e+02
1.712915444658603406e+02
1.716076206725863074e+02
1.717652734066523124e+02
1.714800741481338946e+02
1.712323981294286455e+02
1.713458566963922465e+02
1.718645017135278295e+02
1.723479815288160921e+02
1.728363449786022557e+02
1.732488333117188404e+02
1.733018518300193591e+02
1.736786382121404699e+02
1.738572103152937416e+02
1.741587982982761673e+02
1.743826245437136038e+02
1.744066914582970753e+02
1.743905974326230819e+02
1.744955529622455401e+02
1.748439928911573702e+02
1.753979726173304812e+02
1.752706794114455988e+02
1.755057367792371679e+02
1.760259967467049194e+02
1.755818148956611822e+02
1.756583988845054023e+02
1.751700998833391623e+02
1.749192928114538859e+02
1.745447402135900177e+02
1.739239800137265775e+02
1.732969495088153167e+02
1.726635853624393633e+02
1.721450357196368373e+02
1.717020562824609726e+02
1.712546023055159878e+02
1.710046487934500306e+02
1.710754028216673532e+02
1.711064674966336554e+02
1.710974419157921602e+02
1.710075170866580550e+02
1.712803202895543393e+02
1.714346669591454031e+02
1.715905726860056291e+02
1.713036087737426385e+02
1.714581906805485403e+02
1.714931218995441782e+02
1.713263857571151902e+02
1.711579654112274511e+02
1.713514802133609294e+02
1.709408891044053291e+02
1.708897869741467730e+02
1.708381686607543486e+02
1.708264329906614591e+02
1.706529626168297966e+02
1.705181440574033047e+02
1.707456000579833244e+02
1.710965657151340338e+02
1.716530966819530306e+02
1.720940370524786260e+02
1.720949869216954085e+02
1.720151383047429476e+02
1.719344831361035517e+02
1.718934173091961100e+02
1.718923407163592856e+02
1.719720613296565261e+02
1.722142033632888740e+02
1.724991953164538359e+02
1.724234296125794685e+02
1.724681107197775134e+02
1.721900108280581208e+02
1.721919301293512774e+02
1.722746768983345760e+02
1.729239160589242204e+02
1.734989051100243103e+02
1.739180859697212895e+02
1.745839252219405466e+02
1.747716416383231604e+02
1.751632743821451470e+02
1.754780549314596954e+02
1.753515706378379377e+02
1.754662329675126955e+02
1.753396292601144069e+02
1.751713426869842465e+02
1.754458006939235588e+02
1.756018188827513598e+02
1.759614332149002394e+02
1.762842759746466186e+02
1.768528040147947422e+02
1.766998020351462628e+02
1.769896990254002276e+02
1.772421202276773045e+02
1.775778992198754622e+02
1.780382820402776645e+02
1.785841232730078616e+02
1.792162861343522025e+02
1.795720061963146748e+02
1.799313193902168564e+02
1.802134539295124114e+02
1.806600544742549630e+02
1.810707620952067600e+02
1.812027899951585539e+02
1.811341313082411659e+02
1.813072033416574413e+02
1.813608114562197215e+02
1.812937489456771516e+02
1.813876251976531364e+02
1.817248739370230339e+02
1.819847211485086973e+02
1.825300213621294745e+02
1.831616377395244513e+02
1.836380179187119950e+02
1.836747655744563303e+02
1.841159248226835530e+02
1.837938634572561512e+02
1.835493570275316983e+02
1.834235929571020165e+02
1.834177706637400433e+02
1.831694653169089406e+02
1.827166316332410929e+02
1.825824561951932878e+02
1.827297537325183043e+02
1.829189431641594865e+02
1.832716597617777836e+02
1.836279391533106491e+02
1.838666052053644364e+02
1.834612173791559826e+02
1.831325428072286456e+02
1.832449927345745948e+02
1.830757502369437191e+02
1.828239901383270194e+02
1.826504950892195609e+02
1.822732273628478765e+02
1.816497246089369924e+02
1.815047723322600746e+02
1.815603760931917066e+02
1.813741172658501455e+02
1.815496133998487380e+02
1.813632458584335723e+02
1.812558038974068495e+02
1.813492968660674762e+02
1.816457544101689905e+02
1.821472266769383452e+02
1.823709360373113952e+02
1.826373091285979910e+02
1.828659688167657578e+02
1.831373422391578174e+02
1.837346891304617884e+02
1.842572617479409871e+02
1.844618805534768455e+02
1.849513944984614398e+02
1.856074691903644691e+02
1.855833022124899401e+02
1.857205072853425634e+02
1.861419265508513945e+02
1.865271985362134046e+02
1.868759581173869151e+02
1.873090486034211324e+02
1.871808571751729460e+02
1.873341991668413868e+02
1.875294941079203568e+02
1.879287819271929436e+02
1.882916989163550170e+02
1.881734332488439350e+02
1.878519527766109718e+02
1.876888411884962125e+02
1.873220618065610950e+02
1.873960220268298258e+02
1.871879010372024368e+02
1.863312131688919067e+02
1.863951648170619251e+02
1.860961260778402391e+02
1.856728546240809692e+02
1.854473279031112440e+02
1.853003312152648050e+02
1.849498295103682608e+02
1.846361914246146512e+02
1.844810014390040749e+02
1.842434357969746657e+02
1.841246826232060698e+02
1.841663460840460402e+02
1.839256021050976813e+02
1.833995980859571944e+02
1.832723212989468493e+02
1.832245669686337806e+02
1.826106737056898339e+02
1.821521956623127210e+02
1.818911067296090209e+02
1.815061684137466784e+02
1.809961297108549445e+02
1.808041714251066594e+02
1.807718903283901852e+02
1.806584750791817271e+02
1.803014899789720289e+02
1.802641312918908341e+02
1.806708396887788410e+02
1.810816562512916903e+02
1.816582386376685179e+02
1.819982208461294420e+02
1.823012331779085855e+02
1.826073062403123686e+02
1.826740467073868501e+02
1.827414613205920944e+02
1.826479407278706049e+02
1.826746876039096890e+02
1.827421086908180143e+02
1.830526350412298484e+02
1.830834697386155767e+02
1.829529997359757658e+02
1.831040401373498128e+02
1.830949900377271149e+02
1.831666566037648352e+02
1.831178349532978302e+02
1.831089241952500402e+02
1.834231557527779728e+02
1.836193492452299267e+02
1.841003527729593543e+02
1.834144977504641361e+02
1.830045431822870228e+02
1.827924678608964086e+02
1.826186544049451470e+02
1.829683377827726076e+02
1.829983209927000303e+02
1.831902232249501026e+02
1.834244679039901769e+02
1.835398665696865521e+02
1.836564308784715536e+02
1.836529604833048097e+02
1.832050105891970873e+02
1.829141521102996819e+02
1.829435879902019622e+02
1.827308969597998782e+02
1.830413100604037027e+02
1.835972828892969915e+02
1.840780635245423866e+02
1.844828924490324482e+02
1.851342347970024775e+02
1.857113482798005748e+02
1.862134831109098343e+02
1.869631142534436492e+02
1.870738527812567895e+02
1.870240937184410370e+02
1.871758522408504462e+02
1.871271234756057424e+02
1.875627509854601840e+02
1.879219706923843489e+02
1.881636067599837361e+02
1.880844512727104529e+02
1.878024760330417564e+02
1.868711879121634070e+02
1.858900888001643068e+02
1.851415038385511309e+02
1.843853574126770525e+02
1.841064216289665296e+02
1.843903248777442343e+02
1.847983079573173484e+02
1.849275837952703796e+02
1.854218018134041586e+02
1.854361634478833309e+02
1.852082459069526408e+02
1.851396423302556968e+02
1.850703457881368479e+02
1.851619654425630017e+02
1.854969347904676056e+02
1.859969038287551655e+02
1.865423270997524980e+02
1.871336637371232428e+02
1.872865290273972505e+02
1.871177060882795899e+02
1.866239455437173831e+02
1.865292379229470043e+02
1.866355938615625121e+02
1.867834281429924204e+02
1.865691193363556124e+02
1.865546659963192724e+02
1.863380464609291778e+02
1.862404509706357203e+02
1.864246979501366184e+02
1.866916140910466595e+02
1.868400142333805434e+02
1.871111254882633830e+02
1.877082075639033860e+02
1.879476844079820808e+02
1.879067519272544189e+02
1.879866181083372396e+02
1.883501193013515831e+02
1.892021407084357634e+02
1.896587279883194697e+02
1.897562908972925015e+02
1.894103948457497495e+02
1.892226210563128461e+02
1.891541626831438805e+02
1.889233966496401251e+02
1.886902996461013799e+02
1.886164642889916365e+02
1.884610750393853493e+02
1.882637121609960786e+02
1.879431435969655695e+02
1.879829733302681518e+02
1.882252255861298522e+02
1.882679046324547869e+02
1.883918228610654353e+02
1.883957806677433382e+02
1.887230107754973574e+02
1.890131421974718648e+02
1.889425678762341363e+02
1.891945130062974840e+02
1.893681949558557278e+02
1.897052474301580105e+02
1.900861085153098315e+02
1.900263722376877240e+02
1.905316891289774617e+02
1.912441304333103460e+02
1.914789196296071907e+02
1.915948683127337517e+02
1.914291599118528495e+02
1.914233938503556089e+02
1.912963574246018368e+02
1.908448054793958590e+02
1.906311166458549167e+02
1.904556733796512447e+02
1.903188619996480782e+02
1.900594565653008488e+02
1.898782389548495075e+02
1.897759989442927235e+02
1.895919181255480623e+02
1.889211294197451707e+02
1.884859893128743238e+02
1.884100902150244394e+02
1.884142325404288840e+02
1.885800328691203731e+02
1.890707402718386163e+02
1.891219598705439466e+02
1.888100604752973481e+02
1.885758186619160597e+02
1.884604228908244750e+02
1.884650736270956202e+02
1.883485592192890294e+02
1.881904638578672859e+02
1.880711756140070463e+02
1.881122986000066248e+02
1.886790894949566564e+02
1.891303934292492102e+02
1.896670640699483101e+02
1.900879435049982931e+02
1.903514580858575584e+02
1.903752101877354335e+02
1.906012224118537119e+02
1.905870933453061582e+02
1.905728215609151732e+02
1.904371934958739416e+02
1.898961550463378103e+02
1.896324798447848252e+02
1.892853331765506937e+02
1.895003365419710804e+02
1.895962995373450894e+02
1.894508076134798102e+02
1.897482905186664652e+02
1.896447378976426137e+02
1.896209473713559532e+02
1.893948963347031054e+02
1.893685821562657168e+02
1.896248304608747048e+02
1.894796267281561200e+02
1.892521482102588664e+02
1.884163113234936873e+02
1.878144558823169064e+02
1.872469251336536900e+02
1.869564900339927078e+02
1.864206970040335136e+02
1.859603000040742700e+02
1.856972727313880682e+02
1.851487603347360675e+02
1.848371316512484839e+02
1.846435673244931479e+02
1.844884518429227001e+02
1.845337897403260001e+02
1.840543330710363819e+02
1.836104374454916126e+02
1.836469065105977165e+02
1.836433399096948165e+02
1.834377170804994535e+02
1.831492091722217310e+02
1.827365749214358459e+02
1.825217928499352524e+02
1.822240331817531853e+02
1.819232658401545564e+02
1.815790564041961659e+02
1.815141983880769487e+02
1.815294933212903459e+02
1.816257508295863943e+02
1.816017685147332372e+02
1.815371399138722950e+02
1.816334746604765371e+02
1.816095703641182126e+02
1.818278488526445642e+02
1.817655038915607690e+02
1.818641453450106269e+02
1.818021670151620981e+02
1.816183505203657944e+02
1.812710611316822167e+02
1.807990516481639531e+02
1.804434865132969321e+02
1.794782692053503581e+02
1.787053224296469978e+02
1.778841640703507210e+02
1.773779435054046587e+02
1.772706500054591459e+02
1.768390404095545705e+02
1.764434751611659067e+02
1.761651264254207092e+02
1.755203297226471193e+02
1.747882118410575742e+02
1.739678907485432546e+02
1.733008997460034948e+02
1.725463633798006811e+02
1.719458215957588720e+02
1.718240622179384332e+02
1.720243052706449021e+02
1.721053588592371568e+02
1.721872311709466885e+02
1.723103345161076163e+02
1.721922570869768663e+02
1.715477344312903369e+02
1.704118529608992390e+02
1.702745989504028330e+02
1.702975746973764331e+02
1.702399744417942884e+02
1.704646206482777302e+02
1.701662834831086286e+02
1.701073570536449893e+02
1.697246030844900133e+02
1.692975788732224203e+02
1.692702816901234826e+02
1.692427087779023793e+02
1.689724331089924760e+02
1.689418516252449933e+02
1.682644965911567851e+02
1.678631278698549352e+02
1.675385129998533671e+02
1.666853666665183198e+02
1.659044107742610947e+02
1.658024351255160695e+02
1.657802375005214230e+02
1.659194318187084605e+02
1.659388200188973883e+02
1.657563838574724286e+02
1.654104887449215937e+02
1.649802916615367110e+02
1.644649410722597622e+02
1.641464051234943611e+02
1.639054597207016570e+02
1.641469290108096573e+02
1.645120495058685890e+02
1.645980298039075933e+02
1.643616462665735867e+02
1.642440871379528460e+02
1.642061486241949524e+02
1.640870188123179219e+02
1.639262816286040447e+02
1.634406885137417476e+02
1.629905944583249777e+02
1.622531257154795412e+02
1.613061875913933534e+02
1.605113005973670397e+02
1.596275763609764056e+02
1.588157336979565173e+02
1.575916501999556658e+02
1.570420709090460605e+02
1.561233039485315146e+02
1.553568726752842224e+02
1.552291643184696284e+02
1.550597619378480090e+02
1.546058201392403078e+02
1.540260809487276390e+02
1.536021019684114322e+02
1.530526282509208329e+02
1.523763921726471153e+02
1.512084769420678754e+02
1.504732090323917362e+02
1.495688980125168257e+02
1.490190889015322568e+02
1.488273625268003570e+02
1.487549116432322194e+02
1.484797087305376522e+02
1.482421300308460843e+02
1.479617475059051230e+02
1.476785328342476475e+02
1.477560937719675564e+02
1.473899937090580465e+02
1.464949431404626239e+02
1.454696395358209600e+02
1.443935752887080639e+02
1.437914901906143825e+02
1.434661517076911821e+02
1.432183350582735386e+02
1.425639748063370575e+02
1.421454290973098011e+02
1.418842718154649276e+02
1.416608806216813434e+02
1.413544248703852872e+02
1.407620453236209812e+02
1.398808538622436402e+02
1.390311655174176906e+02
1.386173389064825301e+02
1.381185241479625176e+02
1.374126506545071607e+02
1.368208592469773350e+02
1.364655143908863124e+02
1.361873882736225880e+02
1.361084730036593271e+02
1.357459323269284823e+02
1.355817498251802533e+02
1.354563129547276503e+02
1.352083969239672854e+02
1.346751484080478747e+02
1.342577256646946182e+02
1.337148744087822649e+02
1.327220953624062076e+02
1.319213084468748320e+02
1.314760691382575999e+02
1.303394637760177375e+02
1.294742058343614417e+02
1.280749553882438079e+02
1.267423791800444093e+02
1.251539183636812425e+02
1.234282003673548758e+02
1.220890912801563957e+02
1.202516073536933305e+02
1.189208155087811463e+02
1.178998136452335359e+02
1.167876905507408765e+02
1.161491823744860028e+02
1.155042246206928240e+02
1.146103278996898354e+02
1.134245736360501837e+02
1.121864380162123069e+02
1.111782202183962482e+02
1.097153739579757570e+02
1.086821959171472542e+02
1.072749453708557894e+02
1.058938842129856255e+02
1.047008931444300259e+02
1.034958516610403905e+02
1.027230824858993969e+02
1.019829116019185875e+02
1.013160723251701825e+02
1.002788609345152082e+02
9.959480902476299491e+01
9.894425154016458634e+01
9.800429448501479612e+01
9.725686311617653246e+01
9.613824557189562370e+01
9.472550057767220721e+01
9.337929351280008916e+01
9.197908435636377078e+01
9.060513571349882511e+01
8.962134920555419626e+01
8.870843354096396638e+01
8.770548842521615995e+01
8.636918022749101453e+01
8.481735376514241409e+01
8.268419572236609838e+01
8.137797547713738311e+01
8.030098533044187548e+01
7.957675285903212625e+01
7.868358874649712220e+01
7.737736237019910845e+01
7.658319431333245575e+01
7.574060031649746350e+01
7.440464678434095447e+01
7.265115836802107196e+01
7.100117006870824810e+01
6.945572734212959176e+01
6.785427004255528516e+01
6.647906064904579182e+01
6.492834408994526996e+01
6.320034756560132649e+01
6.177812885414274291e+01
6.050316045873007909e+01
5.885167723104053294e+01
5.770876487983891678e+01
5.643309583822113495e+01
5.575060185678906066e+01
5.465717359271628339e+01
5.286583191183463981e+01
5.125841607256026577e+01
4.870547078036389621e+01
4.657118260642816665e+01
4.441533596608903167e+01
4.296498582433240898e+01
4.145958164073980612e+01
4.010058751589879478e+01
3.856625001605939218e+01
3.697601011723170927e+01
3.520809102750676089e+01
3.334150608839067331e+01
3.113283443271784279e+01
2.882104488153317945e+01
2.693034836518505770e+01
2.538419026786365507e+01
2.366079825036732487e+01
2.204121035390638994e+01
2.052647510495593153e+01
1.927926778278376929e+01
1.745380584119571665e+01
1.585232913252093567e+01
1.379023144699083581e+01
1.170730449190993561e+01
9.522529789808011458e+00
7.598514939199997542e+00
6.139914079999995167e+00
4.787791999999993386e+00
3.300799999999998846e+00
1.919999999999999929e+00
