1.588015045261381317e+02
1.591530348748862593e+02
1.599121564392793573e+02
1.603961176154338091e+02
1.610869874903376058e+02
1.615828156468049883e+02
1.619624400472787329e+02
1.622246869164423231e+02
1.625703908246891558e+02
1.627983745703933209e+02
1.633922975458519886e+02
1.638710076220723977e+02
1.639505127495690715e+02
1.639500128783517425e+02
1.641515281599512264e+02
1.643550789494467210e+02
1.643182615650960372e+02
1.641598601667645880e+02
1.644038991583467180e+02
1.644483829882297243e+02
1.645337201901309072e+02
1.646199193839711086e+02
1.644645650343143757e+02
1.651561262972874431e+02
1.655314407043300093e+02
1.662337784892225727e+02
1.663775540295176825e+02
1.664419737671898361e+02
1.665474482496867097e+02
1.668964123734205316e+02
1.668044569428496402e+02
1.669944009523724162e+02
1.672266676286597544e+02
1.673804723521804760e+02
1.677378508607890524e+02
1.681796473341303795e+02
1.689895427617472592e+02
1.690399421835833778e+02
1.689696385692764409e+02
1.694642813831075614e+02
1.697214963465730762e+02
1.700217134813869393e+02
1.699613267488766439e+02
1.701427542917940059e+02
1.706088427189837944e+02
1.709180229484684617e+02
1.710687100489588204e+02
1.714633434837958816e+02
1.714983267513089515e+02
1.716144714659687054e+02
1.720954257232010036e+02
1.725408340638401796e+02
1.730311455190306162e+02
1.735264096151817910e+02
1.738650602173555626e+02
1.742475355730866511e+02
1.746742783566517119e+02
1.751053316733869849e+02
1.751771027003894687e+02
1.756132350508987656e+02
1.755689242938373980e+02
1.758878023170077824e+02
1.759674770878861807e+02
1.761691687756438967e+02
1.768173421976186717e+02
1.771892345430510147e+02
1.774436712556053237e+02
1.777006780359653533e+02
1.782027050868338449e+02
1.785481869563989790e+02
1.788567545014127518e+02
1.790876308095083687e+02
1.794420513227354377e+02
1.796788397199340750e+02
1.796755956767018745e+02
1.796723188653546686e+02
1.798710291569246351e+02
1.803949789463882496e+02
1.807626049963520813e+02
1.812147525215670214e+02
1.811462146682503089e+02
1.811577925941913065e+02
1.809674672668595008e+02
1.810176437038984432e+02
1.808259027312108742e+02
1.803898007385967901e+02
1.799492936753505035e+02
1.795043370458093079e+02
1.790952899452619249e+02
1.787629191366279997e+02
1.786292112491187538e+02
1.780497083324431458e+02
1.771411195277208890e+02
1.765061813411317360e+02
1.763092740819512869e+02
1.756255293757088225e+02
1.755005347229376014e+02
1.754550855787256012e+02
1.749647329078027269e+02
1.746714473816199131e+02
1.744964114965855231e+02
1.747236479763495254e+02
1.749127757336865159e+02
1.751442179128147814e+02
1.755396140533465257e+02
1.758177919730786414e+02
1.761391838111900938e+02
1.764638220315053729e+02
1.769129515469760747e+02
1.769221732797728919e+02
1.769314881613872785e+02
1.766984728902901907e+02
1.767863362528182165e+02
1.767942790432506683e+02
1.770447263063134358e+02
1.772572992993069079e+02
1.775528275750572789e+02
1.778917450253099446e+02
1.783148939649597651e+02
1.787423171363230381e+02
1.793356738750737236e+02
1.796925998738122416e+02
1.798107069432434173e+02
1.799704110537828115e+02
1.799701121755377642e+02
1.800910223995326191e+02
1.800919418177102500e+02
1.801736786037478737e+02
1.804986652563109715e+02
1.809885507639501441e+02
1.814429805696470908e+02
1.819828086562091869e+02
1.822048572284942907e+02
1.824291487156507969e+02
1.822920694097474836e+02
1.819111812219672970e+02
1.817284658807760138e+02
1.816651170512879503e+02
1.816819364154423511e+02
1.819413499145881588e+02
1.821629797117055887e+02
1.824676562744491832e+02
1.819269255297475070e+02
1.817039651815620402e+02
1.815191567490532805e+02
1.812920775242962179e+02
1.813455328528243626e+02
1.814803362149740167e+02
1.816165012272466299e+02
1.816328295224712690e+02
1.817705348711838838e+02
1.816268029001852256e+02
1.810775786870568140e+02
1.804824027141985141e+02
1.802852552668659030e+02
1.804497527948161348e+02
1.805351038331465929e+02
1.805001048819655693e+02
1.807071766484498880e+02
1.807951279277283447e+02
1.805607352805329242e+02
1.807684194752858389e+02
1.808569893689763433e+02
1.810272619888644385e+02
1.814820828170355185e+02
1.817394775929648745e+02
1.817166440332978254e+02
1.814511555891898524e+02
1.813041975648394271e+02
1.812769672372102150e+02
1.814110780173842841e+02
1.812637151690755104e+02
1.815593082515911760e+02
1.812114224763550965e+02
1.816681035114694112e+02
1.823314176883533264e+02
1.826377956448002919e+02
1.823412077220210392e+02
1.827284926485056076e+02
1.822712046954603977e+02
1.822941461570308945e+02
1.823981274313443635e+02
1.823011388195386928e+02
1.822435745651922616e+02
1.819834086517093965e+02
1.818014228805146786e+02
1.816984069500137764e+02
1.815943504545602991e+02
1.814892428833941835e+02
1.813426695791864631e+02
1.806693632112990713e+02
1.800700638497975774e+02
1.795859230806032372e+02
1.797433566470740800e+02
1.799427844919947574e+02
1.802654388808017529e+02
1.807529685664667625e+02
1.814070389560264402e+02
1.818656959151794581e+02
1.822885817325035873e+02
1.826349310429339710e+02
1.829443747908416356e+02
1.833781563543864763e+02
1.838971276306926939e+02
1.840577046774668588e+02
1.839774794721892874e+02
1.840580600729186642e+02
1.842606667403221081e+02
1.845865320609307787e+02
1.847540727888195136e+02
1.848829018068876735e+02
1.844069715221093020e+02
1.841282540627363176e+02
1.841295495583191553e+02
1.840500500589078285e+02
1.840101515746557084e+02
1.839698500754092549e+02
1.837271212882923237e+02
1.833203245336288489e+02
1.833134591248779657e+02
1.833469284089681253e+02
1.831383115242100530e+02
1.834528399234438325e+02
1.834473130539838905e+02
1.834417303575605160e+02
1.837593235934942584e+02
1.839589127207015906e+02
1.842817300209109135e+02
1.846078081019308570e+02
1.850987960625565734e+02
1.855947434975312831e+02
1.861765085833644946e+02
1.863601096801657775e+02
1.866667774547129284e+02
1.868149267219329204e+02
1.870049764868007287e+02
1.872373499866672830e+02
1.871488383703712373e+02
1.875038771417895020e+02
1.874584617593822884e+02
1.875337997569520780e+02
1.874078785423746751e+02
1.868766449922994184e+02
1.863804494871712905e+02
1.857984338254257182e+02
1.850893270963891268e+02
1.845346738347377027e+02
1.840956301360978671e+02
1.841774041778761273e+02
1.842600042200776898e+02
1.841818224445226235e+02
1.841432549944672132e+02
1.842659141358249428e+02
1.839857718543690055e+02
1.835007796508778881e+02
1.832533127786652756e+02
1.829629422006717050e+02
1.833969113138092553e+02
1.829867791048584991e+02
1.828149283887462673e+02
1.823181094835820204e+02
1.823415247308908818e+02
1.821631562938283366e+02
1.824678346402310751e+02
1.826139743840721792e+02
1.828828024081531964e+02
1.829523256648007816e+02
1.831841673381837268e+02
1.836203710486698810e+02
1.841013848976474492e+02
1.843448332299462322e+02
1.845503365959058328e+02
1.846367036322268973e+02
1.842794986184106847e+02
1.836358571903141410e+02
1.831473304952673118e+02
1.830579095911784577e+02
1.827251612032106323e+02
1.831163244476879015e+02
1.836326509572608927e+02
1.839925767245051134e+02
1.840329057823291805e+02
1.839928341235646485e+02
1.838715496197615948e+02
1.840318683027905706e+02
1.843958265684746323e+02
1.847634611802778011e+02
1.854580415962396671e+02
1.862404460568086222e+02
1.868691374311195545e+02
1.871405428597164189e+02
1.870106493532482261e+02
1.868390397507556315e+02
1.869485250007637944e+02
1.866550757583470386e+02
1.864798745033803300e+02
1.865049237407896783e+02
1.866110340816055668e+02
1.864353879612171170e+02
1.859751393547650480e+02
1.858738781361264500e+02
1.860544223597238442e+02
1.861155781411354440e+02
1.859349274152882572e+02
1.861160882982712508e+02
1.865819073719910079e+02
1.871736438100919884e+02
1.878521654647397838e+02
1.883355206714539634e+02
1.885005259307612278e+02
1.886267938694553834e+02
1.885523170398533068e+02
1.886791081210645302e+02
1.888475839606715851e+02
1.889369534956275345e+02
1.886635893895232527e+02
1.881450397873976783e+02
1.876212523105028822e+02
1.868497498085891095e+02
1.865148987965551726e+02
1.861362614106621436e+02
1.859558196067285394e+02
1.858543632391200617e+02
1.854286497364849993e+02
1.849178280166509580e+02
1.841998262794463130e+02
1.832725517974205616e+02
1.829015674721414086e+02
1.826076439112542289e+02
1.826339837487415139e+02
1.825393775239807610e+02
1.826458358828089388e+02
1.826321574573825899e+02
1.825375327852350438e+02
1.826439725103397222e+02
1.825090631417562008e+02
1.828980435775316096e+02
1.830485288661933510e+02
1.830793220870648668e+02
1.832316384717821052e+02
1.832642812846280833e+02
1.829336174592215798e+02
1.825188055143648285e+02
1.825846520347117519e+02
1.828531838734456585e+02
1.832456402762076664e+02
1.833188285618264501e+02
1.830695237998252480e+02
1.827368927270962047e+02
1.824009017445405050e+02
1.818999007520611428e+02
1.813534351030928917e+02
1.808014495990838384e+02
1.806479288879625074e+02
1.802100291797604257e+02
1.801313426058191567e+02
1.798094369755754087e+02
1.793226636116920361e+02
1.791138016279718670e+02
1.791048501292642641e+02
1.788129799285489128e+02
1.782757373015657549e+02
1.776522599005703285e+02
1.777093534349203026e+02
1.775650034696161299e+02
1.774191954238554843e+02
1.774739347715703843e+02
1.777312472440109445e+02
1.780315628727380215e+02
1.781328917906440950e+02
1.783564563541858661e+02
1.784206629840264497e+02
1.782430939232591527e+02
1.780233271952106975e+02
1.777609365608198573e+02
1.774554914755755419e+02
1.770257489652282175e+02
1.768744939042704516e+02
1.766409029336062417e+02
1.769302049834410582e+02
1.772224292762032576e+02
1.776388174507103770e+02
1.776553711623328411e+02
1.779145163255897160e+02
1.779338548743328374e+02
1.778725806811440293e+02
1.778510915971157829e+02
1.782738298960769328e+02
1.782159897940157407e+02
1.786828179737549078e+02
1.789927454280339703e+02
1.793866115434697690e+02
1.796228399428985369e+02
1.797806464069684864e+02
1.800208549565336114e+02
1.803038938954888408e+02
1.802261554499882834e+02
1.805112681313015628e+02
1.802740082134358488e+02
1.800343517307429977e+02
1.797922744754986581e+02
1.793457317934322646e+02
1.792179109024579873e+02
1.792100110125836352e+02
1.792828394066503108e+02
1.796392317238882583e+02
1.798780118423114516e+02
1.799979917599107750e+02
1.804020118786977491e+02
1.805676887663609023e+02
1.807350391579403777e+02
1.809444839979199742e+02
1.815196808059795615e+02
1.815754351575552619e+02
1.814297324823789666e+02
1.812421540226052059e+02
1.810930848713180126e+02
1.807404897690087751e+02
1.806267573424330237e+02
1.802290478206391242e+02
1.802717654753928684e+02
1.799512782579733994e+02
1.799507861191643201e+02
1.794654405244091606e+02
1.795004449741494454e+02
1.789701464385358065e+02
1.784748953924600698e+02
1.777322175681423744e+02
1.771436541092348875e+02
1.767511657669035401e+02
1.766779452190945676e+02
1.764827729485793668e+02
1.762452252005858497e+02
1.764497224248333680e+02
1.764138610351862440e+02
1.756503646820053461e+02
1.751619845272792872e+02
1.746686712396762573e+02
1.743723951915919201e+02
1.744367628197897773e+02
1.741785483028186832e+02
1.739581295988055274e+02
1.734122521200069684e+02
1.724972243636423741e+02
1.719365902663057852e+02
1.718551416831370204e+02
1.718536784678153424e+02
1.719330085533487704e+02
1.721343520740902875e+02
1.723781334081716636e+02
1.726647812203754881e+02
1.728735163842176803e+02
1.728015317012295498e+02
1.731732643446765962e+02
1.732659235804811431e+02
1.738443672530108586e+02
1.740246133868800200e+02
1.742066801887678196e+02
1.742693739280487648e+02
1.740094686141896432e+02
1.740701703173637327e+02
1.739698690074384331e+02
1.736261303105440277e+02
1.734405356672154426e+02
1.731722582497129395e+02
1.728608669189012517e+02
1.724251180999006863e+02
1.723082001009096018e+02
1.716648485867779073e+02
1.712978268553308965e+02
1.713311382377084442e+02
1.713243820582918033e+02
1.715599818770621710e+02
1.716767493707698975e+02
1.719967165361308048e+02
1.720774914506374387e+02
1.723206984349872926e+02
1.725259580151383716e+02
1.726524828435742904e+02
1.727398816601756266e+02
1.729897794547229637e+02
1.731613933886088148e+02
1.733751448369787624e+02
1.735506513504836050e+02
1.737683346974578171e+02
1.740286209065237131e+02
1.744531524308315795e+02
1.745587398291224588e+02
1.743825654839620256e+02
1.744470358423859579e+02
1.745929654973593870e+02
1.750636015124840128e+02
1.747309106186710039e+02
1.749605157764365799e+02
1.745459755317533848e+02
1.745716924563164127e+02
1.745572651073903785e+02
1.743406718256461545e+02
1.743239109349970875e+02
1.743473847828250314e+02
1.744114997806306917e+02
1.746782826066981613e+02
1.747457400067655442e+02
1.748542828351174592e+02
1.752871543789059103e+02
1.756435902817237604e+02
1.761652427088106663e+02
1.767729724331433090e+02
1.772252246799421016e+02
1.776820451312555917e+02
1.779414597285401385e+02
1.779610704328698887e+02
1.782233034675447811e+02
1.781649529975198902e+02
1.783080333308282093e+02
1.786141750816437934e+02
1.788426010925697938e+02
1.787501021137074417e+02
1.787778809229363333e+02
1.789271524474111459e+02
1.786334873206172063e+02
1.789025124450679129e+02
1.788106186313819421e+02
1.788390087185673565e+02
1.789484936551186820e+02
1.786550440960789956e+02
1.783182263596758332e+02
1.777355821814907131e+02
1.768642244257477500e+02
1.763881054805536905e+02
1.760283893742975749e+02
1.756650397720178205e+02
1.751768078505227209e+02
1.750876846974978491e+02
1.748360451489876368e+02
1.747434799484722419e+02
1.748924039883554826e+02
1.751640444326828856e+02
1.757212570027096774e+02
1.757588454572822627e+02
1.759988337952347024e+02
1.753927614093284149e+02
1.752654155649777294e+02
1.750963793585634392e+02
1.748852316753170726e+02
1.746719511871885970e+02
1.747797486739274291e+02
1.748886350241696732e+02
1.749178131557265772e+02
1.748664779350781942e+02
1.748954322576541642e+02
1.749246790481352321e+02
1.753178576243786324e+02
1.753109672973524482e+02
1.755464316134881244e+02
1.759054864782700633e+02
1.761065519982530247e+02
1.761884363618715952e+02
1.765135720826981469e+02
1.766803758411099636e+02
1.767680564051615590e+02
1.769778347526884090e+02
1.774725603562505682e+02
1.778510710669203263e+02
1.781525970372928214e+02
1.784571687245383487e+02
1.784011805298367506e+02
1.787890712422592401e+02
1.791404760022821563e+02
1.792126020225073546e+02
1.796894969924321401e+02
1.794439363559913261e+02
1.795595316727188049e+02
1.798379107805245667e+02
1.799978896772968540e+02
1.801998885629265317e+02
1.802827157201285502e+02
1.801239552728554827e+02
1.801656113867231284e+02
1.800460721078021322e+02
1.803293657654555773e+02
1.805347128944004851e+02
1.808229423175758086e+02
1.808312548662384529e+02
1.804760150164027834e+02
1.799959747640426713e+02
1.793898734990330581e+02
1.784948217161950765e+02
1.781159815315106698e+02
1.775716985166771451e+02
1.773047459764418932e+02
1.770350969459005626e+02
1.771667645918188043e+02
1.768553177695139595e+02
1.767831492621354812e+02
1.767910598607425641e+02
1.770010705664066393e+02
1.764455258246530889e+02
1.766924503279325904e+02
1.760933841696285924e+02
1.759327112824527717e+02
1.757704154368217075e+02
1.757276923604255785e+02
1.760885781418441240e+02
1.760086647897415730e+02
1.759279442320618614e+02
1.756443881131937701e+02
1.756407960739333021e+02
1.755563596706395515e+02
1.756730905764031831e+02
1.756697884610140648e+02
1.758280691525391433e+02
1.759071405581218528e+02
1.759466066243639659e+02
1.761076834589545967e+02
1.760683671302570303e+02
1.760690577073301313e+02
1.761505633407377047e+02
1.760712761017548758e+02
1.760315920219745749e+02
1.761935272949239391e+02
1.763570982777012546e+02
1.764819174522231435e+02
1.766484014668924942e+02
1.767357590574669075e+02
1.762987465226935058e+02
1.761805520431251466e+02
1.762227798415405289e+02
1.762250301429698425e+02
1.763889193363338563e+02
1.763120397336699625e+02
1.761535754885559300e+02
1.759935105945006910e+02
1.754681925196979364e+02
1.751395884037356439e+02
1.750904933371071763e+02
1.750813064011178710e+02
1.751528347486034818e+02
1.751846815642461195e+02
1.752572541052994666e+02
1.751285395003023666e+02
1.750793328285879511e+02
1.751912452814020469e+02
1.752638841226284399e+02
1.754180647703317675e+02
1.752101664346788539e+02
1.751213802370486405e+02
1.754761416535847047e+02
1.755516582359442737e+02
1.757087456928733502e+02
1.757462077705787635e+02
1.754608159298780095e+02
1.753341575049267362e+02
1.752062197019469352e+02
1.750769895979260866e+02
1.747444339372989646e+02
1.744085191285847998e+02
1.739884031601861807e+02
1.736044476365517824e+02
1.733378258955075637e+02
1.729877029247548137e+02
1.727552554795499304e+02
1.726416722015662515e+02
1.724461335369354913e+02
1.722890237746829030e+02
1.720091149239212882e+02
1.716455706302239150e+02
1.713187582123474328e+02
1.710290486993408194e+02
1.707768168680209158e+02
1.708856736040613384e+02
1.707532056606678736e+02
1.707002077380488743e+02
1.707274825636849584e+02
1.704318005693790212e+02
1.704159601710897789e+02
1.701171314859496135e+02
1.703809408948988562e+02
1.701221625200999483e+02
1.699819823435353783e+02
1.698403862055915283e+02
1.701014002076683767e+02
1.701226264723917723e+02
1.695784105781737594e+02
1.696751622001752651e+02
1.701365274749248044e+02
1.707237651261868905e+02
1.711149142688753670e+02
1.711867820897730894e+02
1.715826081714874078e+02
1.716592001732203698e+02
1.717365658315360406e+02
1.718955210419555044e+02
1.718136576181364887e+02
1.716097551698352959e+02
1.710805607776111401e+02
1.707884452299107920e+02
1.703721668988994509e+02
1.705173403019179830e+02
1.707043841433517173e+02
1.706508930740931476e+02
1.703140334081747369e+02
1.702565994021964855e+02
1.696733327294920173e+02
1.692457906358501702e+02
1.688543339756068633e+02
1.683781151268749738e+02
1.683415304311868113e+02
1.683045761931185211e+02
1.685500769627460897e+02
1.686768454169149436e+02
1.686028741585001001e+02
1.686897718772725341e+02
1.689795675528006882e+02
1.690298662149502320e+02
1.693230971868180745e+02
1.694576739260785985e+02
1.695936100263426169e+02
1.695693030569118491e+02
1.697871748049612961e+02
1.698860351565260487e+02
1.697838738954811220e+02
1.698018928237184184e+02
1.697796897209273936e+02
1.696764542635627606e+02
1.694913679429930653e+02
1.693852201444379091e+02
1.694396163075126935e+02
1.692521376843565406e+02
1.691031693781380909e+02
1.686294640183208742e+02
1.683529939579003951e+02
1.683161555130305658e+02
1.678345005182126499e+02
1.671459601194066522e+02
1.668141011307141071e+02
1.667617183138523842e+02
1.667896144584368585e+02
1.666965802610469041e+02
1.664005861222701697e+02
1.661016021437067707e+02
1.660016183269772228e+02
1.660218366939158727e+02
1.657190269635511015e+02
1.656959868318706413e+02
1.655110978099702663e+02
1.658899977878485572e+02
1.658282805937865589e+02
1.651598793876631248e+02
1.648483630178415069e+02
1.645337000180216194e+02
1.644582828464870943e+02
1.638568513600880294e+02
1.635725771314014594e+02
1.634066435670724218e+02
1.630774177445177031e+02
1.628660785298156100e+02
1.625313924543598887e+02
1.617084772266258597e+02
1.616449264915412130e+02
1.616615419106475997e+02
1.616379211218666967e+02
1.611696172948146568e+02
1.611006235301156835e+02
1.609905288182987420e+02
1.605964937558577788e+02
1.603196906624819746e+02
1.600400915782649918e+02
1.600000925032980490e+02
1.600404974780786915e+02
1.600409065435137848e+02
1.596372793368828980e+02
1.592699791281643229e+02
1.589797768971357357e+02
1.587270473708445309e+02
1.583101488594384705e+02
1.579698473327665340e+02
1.576665124573396497e+02
1.574409216740804425e+02
1.568494158324043894e+02
1.565751675074795912e+02
1.564193611186655346e+02
1.568680415340060108e+02
1.565939813474805078e+02
1.565191730782638899e+02
1.562011849275388045e+02
1.560820049773119251e+02
1.560020252296079093e+02
1.562040658884922948e+02
1.561253190792855321e+02
1.560457768477627667e+02
1.558038149977404316e+02
1.558422373714549565e+02
1.555174114863181671e+02
1.551084964508261237e+02
1.542914105563902467e+02
1.534256672286770140e+02
1.528744113420978863e+02
1.522367791334321510e+02
1.519967465994264160e+02
1.517138854539663839e+02
1.513069550040062268e+02
1.512999545495013365e+02
1.510908631813141767e+02
1.509200638195098918e+02
1.505051149692019123e+02
1.505304191608101121e+02
1.505155749099089633e+02
1.504197726362718868e+02
1.504442147841127451e+02
1.502264795799117110e+02
1.500469490706182398e+02
1.501080293642607728e+02
1.496444741053138614e+02
1.494590647528417264e+02
1.487465300533758636e+02
1.479863939933087806e+02
1.477438323164735721e+02
1.474180124408823644e+02
1.470889014554363996e+02
1.467160620761984831e+02
1.464202647234328651e+02
1.460002673974069012e+02
1.448487549468756015e+02
1.442916716635108969e+02
1.435673451146576269e+02
1.430781263784413966e+02
1.426647741196383947e+02
1.422472465854928032e+02
1.418255016015079093e+02
1.408742440419274260e+02
1.402770141837650328e+02
1.397545597815808094e+02
1.393884442238189081e+02
1.391802466907262215e+02
1.392123703946729734e+02
1.388003741360335255e+02
1.383438122586195220e+02
1.383674871299192546e+02
1.381893809393118033e+02
1.383731120599113069e+02
1.383566788483948642e+02
1.385420998468636355e+02
1.387293937847107088e+02
1.384337310956676390e+02
1.384987182784520030e+02
1.379987053317698553e+02
1.376956619512825171e+02
1.376319817689722527e+02
1.376888704737093292e+02
1.378271418926355523e+02
1.378860019117531408e+02
1.379454564765180749e+02
1.376822792692104258e+02
1.374164437062732134e+02
1.371479229356292535e+02
1.365938615511411172e+02
1.359129914657991378e+02
1.349020115816152838e+02
1.344060723046619614e+02
1.338647194996583210e+02
1.335199186865235674e+02
1.333332511985086910e+02
1.333063143419280152e+02
1.331174892342707210e+02
1.331691810447177033e+02
1.333022030754723630e+02
1.329517202782552943e+02
1.325976972507627920e+02
1.319168659098610874e+02
1.313907736463244191e+02
1.308189632791154793e+02
1.304029932112277947e+02
1.297403971830582350e+02
1.288690880636952443e+02
1.282314020845407185e+02
1.278701031156979298e+02
1.269799021370684073e+02
1.266059617546145972e+02
1.257433957117317220e+02
1.252761572845774225e+02
1.246021790753309517e+02
1.242042212882130485e+02
1.240850720082958816e+02
1.233990626346424193e+02
1.227061238733761428e+02
1.219253776498748039e+02
1.211771491412878987e+02
1.206637870114017943e+02
1.205896838499008368e+02
1.205552362120209153e+02
1.200759961737584831e+02
1.196727234078370543e+02
1.185785084927643709e+02
1.176752611038025123e+02
1.167628900038412070e+02
1.161241313170109493e+02
1.155193245626373795e+02
1.149892167299367856e+02
1.146153704342796544e+02
1.140357277113936902e+02
1.134906340519126786e+02
1.130208424766790642e+02
1.125867095724035067e+02
1.119865753256603398e+02
1.114207831572323784e+02
1.106472557143762003e+02
1.099467229438142510e+02
1.091179019634489720e+02
1.082807090539886872e+02
1.079603121757462816e+02
1.074750628037839846e+02
1.071465280846302619e+02
1.066530586713437145e+02
1.061546047185294412e+02
1.053682875944737560e+02
1.050184723176504491e+02
1.046651235531823261e+02
1.042273975284669660e+02
1.038660581095625872e+02
1.033394526359219014e+02
1.028883359958805102e+02
1.017861979756369664e+02
1.009961595713505460e+02
1.001173329003539436e+02
9.959326555591307795e+01
9.902350056152835123e+01
9.844798036518011486e+01
9.778583875270723524e+01
9.695539267950216811e+01
9.591453806010316896e+01
9.449953339404349606e+01
9.286821554953900204e+01
9.134163186822127045e+01
8.971882006891001993e+01
8.840284855445470669e+01
8.683116015601495974e+01
8.504157591516643322e+01
8.371876355067324482e+01
8.197854904108407936e+01
8.046318084957988503e+01
7.905371802987879448e+01
7.779163437361491162e+01
7.607235795314630877e+01
7.465894742742059975e+01
7.359489639133383321e+01
7.252009736498374082e+01
7.171727006564013607e+01
7.090633339963645199e+01
7.012760949458240134e+01
6.921980757028521225e+01
6.854526017200529964e+01
6.806591936566202605e+01
6.725850440975956701e+01
6.668535798965612571e+01
6.642965453500623596e+01
6.600975205556184733e+01
6.518156773289081229e+01
6.454703811403111047e+01
6.338084657982949466e+01
6.236449149477728326e+01
6.149948635836097566e+01
6.062574379632425092e+01
5.978357959224673124e+01
5.917533292146127621e+01
5.815690194087003562e+01
5.696656761704041827e+01
5.527936122933372332e+01
5.405996083771088934e+01
5.262622306839489283e+01
5.129921522060085692e+01
4.951435880868778128e+01
4.791349374614924272e+01
4.641767045065584796e+01
4.518956611177355853e+01
4.334299607249857900e+01
4.155858189141275716e+01
3.943291100142699435e+01
3.785142525396666002e+01
3.649638914542088486e+01
3.516806984385944190e+01
3.358390893319136694e+01
3.214536255877914073e+01
3.073268945331226476e+01
2.970978732657808052e+01
2.859574477432128958e+01
2.682398462052653088e+01
2.499392385911770731e+01
2.334739783749262543e+01
2.160343215908345371e+01
1.972063854452873954e+01
1.814205913588761021e+01
1.610309003625010860e+01
1.428594953156576608e+01
1.180398942582400856e+01
9.458575177599996664e+00
7.453106239999995886e+00
5.386975999999993547e+00
3.542399999999998883e+00
1.760000000000000009e+00
