1.349527843271988559e+02
1.354270548759570545e+02
1.361485402787446901e+02
1.363924649280252481e+02
1.368812777050761440e+02
1.367285633384613845e+02
1.367763266045061243e+02
1.367437642469754451e+02
1.369128931787633974e+02
1.370837304835995951e+02
1.372158893773728323e+02
1.369857468458305334e+02
1.367936836826580986e+02
1.370845289723816904e+02
1.368530595680624060e+02
1.364172318869314893e+02
1.365426584716479113e+02
1.366289479511594323e+02
1.368777252031915168e+02
1.372906315183750223e+02
1.373440722407838166e+02
1.372768406472557672e+02
1.374513541891468549e+02
1.377084385748963484e+02
1.377660995706020515e+02
1.382687874450529932e+02
1.386149368131839879e+02
1.388837745587718189e+02
1.388724995543149703e+02
1.392651510649652380e+02
1.392577283484496604e+02
1.390482104529793332e+02
1.388769802555348747e+02
1.386636164197315395e+02
1.386097135552846282e+02
1.382320338942273281e+02
1.383353877719466425e+02
1.383185735070172768e+02
1.378975489969871262e+02
1.376742919161478937e+02
1.377316079961095454e+02
1.378299070667776220e+02
1.378887950169468013e+02
1.380290858757033732e+02
1.377667534098014812e+02
1.378250034442442598e+02
1.378838418628715488e+02
1.380240826897704380e+02
1.382869522118895418e+02
1.383504567796860272e+02
1.385358149289761514e+02
1.387634494232081011e+02
1.391549994173823279e+02
1.388636357751336732e+02
1.388117533082159127e+02
1.386785386951670489e+02
1.383823623183511415e+02
1.380831942609604539e+02
1.378214083444049436e+02
1.380418266105103839e+02
1.381836632429392466e+02
1.383673366090301897e+02
1.385932693020503450e+02
1.390235043455048185e+02
1.390136407530358440e+02
1.393269098515515623e+02
1.396029392439918695e+02
1.400433729737296460e+02
1.401650232057859569e+02
1.399242658644309358e+02
1.402467331963943593e+02
1.404108416125191923e+02
1.406978198106261573e+02
1.404624442531575141e+02
1.404671154072296986e+02
1.403506216234638373e+02
1.401117390136007828e+02
1.395472111248492979e+02
1.394618294190392191e+02
1.391735650697360427e+02
1.392460253229670286e+02
1.389151770939054984e+02
1.387830071655607185e+02
1.386090981470314603e+02
1.385142405525562026e+02
1.384184248005622067e+02
1.386044694955180319e+02
1.383479489853718860e+02
1.382908575609818342e+02
1.381523813747289466e+02
1.380529104795242290e+02
1.378312227065905518e+02
1.376072956632224873e+02
1.370982784476999541e+02
1.371901802502010241e+02
1.370001820709101992e+02
1.368082647180909248e+02
1.366144088061529374e+02
1.367418270769212256e+02
1.371533606837595016e+02
1.375690511957165256e+02
1.380293446421372892e+02
1.384942875173116192e+02
1.388831187043547004e+02
1.388718370751063560e+02
1.390220576516224469e+02
1.388101592440622198e+02
1.385557164081441499e+02
1.383391074829732759e+02
1.382011186696704215e+02
1.379405239087583084e+02
1.377581049583413062e+02
1.377758635942844592e+02
1.378342056507921995e+02
1.379335410614067712e+02
1.379530717791990639e+02
1.379727997769685999e+02
1.380735351282504553e+02
1.380944799275256116e+02
1.381560403308344291e+02
1.381374144755898783e+02
1.378761762379695597e+02
1.377739153918891191e+02
1.379534498907966622e+02
1.380539897886835661e+02
1.380343331198822057e+02
1.376912455756381064e+02
1.376275207834729599e+02
1.378055765489631312e+02
1.379450268171341349e+02
1.378434614314487874e+02
1.377004660923718973e+02
1.375964303963355633e+02
1.380165963599351358e+02
1.381581781413476051e+02
1.384224021629787558e+02
1.385276789525040044e+02
1.387148272247510477e+02
1.390250780047987860e+02
1.391768464694935972e+02
1.394109560297912367e+02
1.392837939694859983e+02
1.389937312823102502e+02
1.393067992750600865e+02
1.395018174495560288e+02
1.394967853025817988e+02
1.398553386894763833e+02
1.400154936257340808e+02
1.401368622482162323e+02
1.399766285335513203e+02
1.400572005389405490e+02
1.399769702413546781e+02
1.398959295367227185e+02
1.398544742795168361e+02
1.398530043227440274e+02
1.398111154775197917e+02
1.401728439166860198e+02
1.401745898148341780e+02
1.402975654695306957e+02
1.404217833025552125e+02
1.404260437399551904e+02
1.401475189292476955e+02
1.400277968982300649e+02
1.398260574729595760e+02
1.397434923969285308e+02
1.399429216130594966e+02
1.401847693061210123e+02
1.403078477839605966e+02
1.407958058423837713e+02
1.405210160024075208e+02
1.408899151539480670e+02
1.408585001555026111e+02
1.409479799550537393e+02
1.409979595505589032e+02
1.411696561116763746e+02
1.413430869814910125e+02
1.411546333146374366e+02
1.412471043582192465e+02
1.412192973315351026e+02
1.410295932641767251e+02
1.409187810749257608e+02
1.407260414898240413e+02
1.402485267573979684e+02
1.402914411690891541e+02
1.401731728980697085e+02
1.399324978768376866e+02
1.400126241180183797e+02
1.402955799171900537e+02
1.405409898153438633e+02
1.407484745609536958e+02
1.412812874353066945e+02
1.414558458942483696e+02
1.414301473679288677e+02
1.415658054221490829e+02
1.413391973961112456e+02
1.414739367637484122e+02
1.417312492563117416e+02
1.419911608649609605e+02
1.414860210757186110e+02
1.414606273492109096e+02
1.413945730800111562e+02
1.413682556363743288e+02
1.410588440771461478e+02
1.410695394718650562e+02
1.409187267392570106e+02
1.410492189285425297e+02
1.410194130591338251e+02
1.412317303627614251e+02
1.414461922856176841e+02
1.415012043289070220e+02
1.414759639685931631e+02
1.415312767359521899e+02
1.415063401373257079e+02
1.416427678154807381e+02
1.416189573893744580e+02
1.414736943327021095e+02
1.417310043764661032e+02
1.417484892691575737e+02
1.416853426961189939e+02
1.414599421172910070e+02
1.415150930477692555e+02
1.413283768159284364e+02
1.412205826423530084e+02
1.410308915579309712e+02
1.406372641999308826e+02
1.405224890908393149e+02
1.402853425159993606e+02
1.402478207232323371e+02
1.403715360840730568e+02
1.402136728121949147e+02
1.400946190022167741e+02
1.399743626285018081e+02
1.398528915439410696e+02
1.400938298423649542e+02
1.399735654973377166e+02
1.400541065629691104e+02
1.402162692555229455e+02
1.404204739954773515e+02
1.401014888843217250e+02
1.401025140245668865e+02
1.403055697217842237e+02
1.401874441634185757e+02
1.400277213771915967e+02
1.399471933102937555e+02
1.402294881922155696e+02
1.401105941335516718e+02
1.401521152864155226e+02
1.402748639256719514e+02
1.404796605309823008e+02
1.406865257888711369e+02
1.407742684736068099e+02
1.404588570440465674e+02
1.402614717616641258e+02
1.401833048097612391e+02
1.403063684947089769e+02
1.406326954492006109e+02
1.403158539890912380e+02
1.404402565546382959e+02
1.408487439945838560e+02
1.410997414086703259e+02
1.412320620289607405e+02
1.414465273019803249e+02
1.415015427292728987e+02
1.420823663932046088e+02
1.422246125183889944e+02
1.423682954731194172e+02
1.426346418920404631e+02
1.425804463555958250e+02
1.425257033894911558e+02
1.428340438277687099e+02
1.427818624522921311e+02
1.427695580326185336e+02
1.430399576087055493e+02
1.429494521300038343e+02
1.429388405353586222e+02
1.433725661973320200e+02
1.436086527245770412e+02
1.439279320450283706e+02
1.440484162070989669e+02
1.444125416233319186e+02
1.446591329528609151e+02
1.449486191443035352e+02
1.448369890346504576e+02
1.449262515501517612e+02
1.448547995456080173e+02
1.452674742884922239e+02
1.455227013015079081e+02
1.458209104055630974e+02
1.461221317227913801e+02
1.464667997199908029e+02
1.466937370909001288e+02
1.470845829201009280e+02
1.468329120405064998e+02
1.467403151924305860e+02
1.464851668610414492e+02
1.465910776374154523e+02
1.467788663004191676e+02
1.470493598994135311e+02
1.471205655549632070e+02
1.475157227827912720e+02
1.479148714977687860e+02
1.479140116139079453e+02
1.478323349635425075e+02
1.481134696601441192e+02
1.479934036971156956e+02
1.481549532294099549e+02
1.484393466963734340e+02
1.482821683801753068e+02
1.483658266466421765e+02
1.481675016632740096e+02
1.478863653164396510e+02
1.474407730469080207e+02
1.474351242898066516e+02
1.477122467573802851e+02
1.479113603609900451e+02
1.482336973343341526e+02
1.481148457922560908e+02
1.480756018103592737e+02
1.478743452629899480e+02
1.479942881444342788e+02
1.481558466105399248e+02
1.483998450611518649e+02
1.485655000617691428e+02
1.489752525876457696e+02
1.489042955430760173e+02
1.485901975182590604e+02
1.482729267861205642e+02
1.481544715011316384e+02
1.478327994960918375e+02
1.472654540364566742e+02
1.470156101378353242e+02
1.463592021594296000e+02
1.461810122822520839e+02
1.457585982649010248e+02
1.454127255201026401e+02
1.451037631516190345e+02
1.449937001531498311e+02
1.447209092456065207e+02
1.444857669147537251e+02
1.442482494088417582e+02
1.438871206149920567e+02
1.434011319343356945e+02
1.429506383175105952e+02
1.426168063813233857e+02
1.419563700821445025e+02
1.416124950324704912e+02
1.418712071035049860e+02
1.422941485893985316e+02
1.426809581711103476e+02
1.426676345162728126e+02
1.426945803194675761e+02
1.426005861812805904e+02
1.429096830113942076e+02
1.427774575872667526e+02
1.426034925123911421e+02
1.428318106185763838e+02
1.427392026450269213e+02
1.428072753990178683e+02
1.428760357565826666e+02
1.433899351076591984e+02
1.432625607148078188e+02
1.431338997119269720e+02
1.431251512241687180e+02
1.429142941658271297e+02
1.432265597634615233e+02
1.435015755186479964e+02
1.438601772915633887e+02
1.439799770621855828e+02
1.436969465274599429e+02
1.437342894216768627e+02
1.438528175976530008e+02
1.441745632299532645e+02
1.444187507373254675e+02
1.446250007447739563e+02
1.447121219644178325e+02
1.449213353175937584e+02
1.448498336541353240e+02
1.444543774284197184e+02
1.444185630590092728e+02
1.442207707666759973e+02
1.439805765319962916e+02
1.437379560929253159e+02
1.438565213059846144e+02
1.438146679858436698e+02
1.435299676624681808e+02
1.437676441035034998e+02
1.440077213166703416e+02
1.444118397138087744e+02
1.446988279937458799e+02
1.450695232260063676e+02
1.452823466929358176e+02
1.452144916090260836e+02
1.453479713222484406e+02
1.451999710325736430e+02
1.456161323561355516e+02
1.455112448041773803e+02
1.457285301052302486e+02
1.459480102073026728e+02
1.464121315225283126e+02
1.463960924469975851e+02
1.467435277242403515e+02
1.469328562871110933e+02
1.473261174617287850e+02
1.478041590522517197e+02
1.476001606588407356e+02
1.470708693523629051e+02
1.468998680326904491e+02
1.468887555885760321e+02
1.474027834228041627e+02
1.478411953765694307e+02
1.480416114914843604e+02
1.480824358499844777e+02
1.481236725757422050e+02
1.481653258340824095e+02
1.482073998324070203e+02
1.482094947802084164e+02
1.480095906870793669e+02
1.481713037243230247e+02
1.483346502265890479e+02
1.485804547743318835e+02
1.485055098730628629e+02
1.486318281546090532e+02
1.482341698531404575e+02
1.477112826799393304e+02
1.474255380605451364e+02
1.474601394550959697e+02
1.476971105607032086e+02
1.478960712734364620e+02
1.479758295691290186e+02
1.481776056253816876e+02
1.480985915407904088e+02
1.482612035765561700e+02
1.480618217945008439e+02
1.480220422166673586e+02
1.481434769865329031e+02
1.479429060470031345e+02
1.477403091383876870e+02
1.475356657963508553e+02
1.473693593902532371e+02
1.474033933234883307e+02
1.476397912358464737e+02
1.477169608442891331e+02
1.477141018629184543e+02
1.478324261241600652e+02
1.477095213375357048e+02
1.476257791288238934e+02
1.477836152816402944e+02
1.472965810925662140e+02
1.473298798914811982e+02
1.472018988802837214e+02
1.469918170507916386e+02
1.468200172230220346e+02
1.468485022454765101e+02
1.470792951974510743e+02
1.473528234317690533e+02
1.474270943755242627e+02
1.477445397732574861e+02
1.479843836093498908e+02
1.481862460700504016e+02
1.477840869394445633e+02
1.480243302418641349e+02
1.481457881230944622e+02
1.482684728516115058e+02
1.481499725773844602e+02
1.481110834114995782e+02
1.481526095065655113e+02
1.484369792995604485e+02
1.485626053530921240e+02
1.489319245990826062e+02
1.492645703021031238e+02
1.487116871738418808e+02
1.483148355291336600e+02
1.475907429587204831e+02
1.472633767259810043e+02
1.466902795211927923e+02
1.464346257789823937e+02
1.463380058373560075e+02
1.466848543811674119e+02
1.469543983648156882e+02
1.470650488533487987e+02
1.470556049023730907e+02
1.468036413155278979e+02
1.463875164803307882e+02
1.463712287680114059e+02
1.463143724929408620e+02
1.464185580736768202e+02
1.463621798724013843e+02
1.464264443155569211e+02
1.462085296116738959e+02
1.459884137491646356e+02
1.459680946961269115e+02
1.459071663597241013e+02
1.457648145047714081e+02
1.456210247522939483e+02
1.457182068204997449e+02
1.458971786065650065e+02
1.457143218248133962e+02
1.458932543684984466e+02
1.458719741095943050e+02
1.457292667773678829e+02
1.452214815933007515e+02
1.450317995891930991e+02
1.447997975648413842e+02
1.446058561261027933e+02
1.443695516425270284e+02
1.442520723661897364e+02
1.437293660264542154e+02
1.434842081075287865e+02
1.431961698055848728e+02
1.431880503086720182e+02
1.434222730390631284e+02
1.431740131707703654e+02
1.433272860310812291e+02
1.429568545768496222e+02
1.429059137139894631e+02
1.426928421353426302e+02
1.424372142781244577e+02
1.426234487657816601e+02
1.429327765310929408e+02
1.430836126576694198e+02
1.433167804622920585e+02
1.431078590528202596e+02
1.428564232856780052e+02
1.424408316016939295e+02
1.420210420219138427e+02
1.417182242645592964e+02
1.416547719844037090e+02
1.415502747317208616e+02
1.416063381128491301e+02
1.420266041543932829e+02
1.416834385397906146e+02
1.418216550906978455e+02
1.420420758491896152e+02
1.424667432820101283e+02
1.426532760424337596e+02
1.429629050933679650e+02
1.429928334276445696e+02
1.429826600279236004e+02
1.429723838665889275e+02
1.430024079460500843e+02
1.429115231778281441e+02
1.429005284624528826e+02
1.430510388509624988e+02
1.429606453040024121e+02
1.431925710141436809e+02
1.431844151658017665e+02
1.430953688543454803e+02
1.432074432872173873e+02
1.434822659466836967e+02
1.436790565118019742e+02
1.440394510220224333e+02
1.442822737596183060e+02
1.445679532925441322e+02
1.446949023157009719e+02
1.446615174906074515e+02
1.445873914046536868e+02
1.444317084895490098e+02
1.441128368581306063e+02
1.441139766243743452e+02
1.438322996205798461e+02
1.438710097177572891e+02
1.437888987048059732e+02
1.439079784897022591e+02
1.438666449390936464e+02
1.435824696354479215e+02
1.436186561974220410e+02
1.436956123206286122e+02
1.441369821420487085e+02
1.440575577192408048e+02
1.443409673931730879e+02
1.444252195890639712e+02
1.448335551404681496e+02
1.450035910509784003e+02
1.449733242939174716e+02
1.451043679736547745e+02
1.449539070440949331e+02
1.451655626708033253e+02
1.448945077482862871e+02
1.445399068164510368e+02
1.445453604206574028e+02
1.445508691117748583e+02
1.445968374866410500e+02
1.444816540269103768e+02
1.439612666938489838e+02
1.435972390846958149e+02
1.435123627118138927e+02
1.434266290018325947e+02
1.431380090927606830e+02
1.430484940330906909e+02
1.430388828617084869e+02
1.427867503653617973e+02
1.428957074397594624e+02
1.428441489290496520e+02
1.428324736657069138e+02
1.424570441067742195e+02
1.423606506129031857e+02
1.423036874877814171e+02
1.418421085735164979e+02
1.414970793671881495e+02
1.416334135022100043e+02
1.415691045476870329e+02
1.418273783309971918e+02
1.419266447787851178e+02
1.422693381603888554e+02
1.423730688488779776e+02
1.420334028776549076e+02
1.417307099774288019e+02
1.413845555327560533e+02
1.410349045785417843e+02
1.408029339177186614e+02
1.407302362805242524e+02
1.409800366469938808e+02
1.408283198454486183e+02
1.411195149954027954e+02
1.407671868640434241e+02
1.407749362263066644e+02
1.409847840669761183e+02
1.410351354211881869e+02
1.411668034557457077e+02
1.411785893492384218e+02
1.415137266153919029e+02
1.408825521367598697e+02
1.406086385219791168e+02
1.404935742646261190e+02
1.408621962268945538e+02
1.409921174009039078e+02
1.412041589908114929e+02
1.417415747381938615e+02
1.419611866042360759e+02
1.418597844487234454e+02
1.419189741906295978e+02
1.421807820107366069e+02
1.421624060714517270e+02
1.421034404762133647e+02
1.418014550264782372e+02
1.412943990166448884e+02
1.413882818349949559e+02
1.412810927626212560e+02
1.410112048107284011e+02
1.410214190007355342e+02
1.410317363643797819e+02
1.411633700650298238e+02
1.410539091565958358e+02
1.404584940975716449e+02
1.405035293914862677e+02
1.408318478701880565e+02
1.407190382527159898e+02
1.408475133865810562e+02
1.407348620066477736e+02
1.409847090976244317e+02
1.409138475733576286e+02
1.405594419932905339e+02
1.406459010033241839e+02
1.403291929326504146e+02
1.402921140733842549e+02
1.405374889630141126e+02
1.407045343060751463e+02
1.405904386930050975e+02
1.405964027202069815e+02
1.405620229497042430e+02
1.406889120704085201e+02
1.408574869398059093e+02
1.411489767068749757e+02
1.410797744513887153e+02
1.412118933852419218e+02
1.414665589749917558e+02
1.418046050252441432e+02
1.419844495204483792e+02
1.422065146671194782e+02
1.423096107748683892e+02
1.426965765402706268e+02
1.429662389295668277e+02
1.432386251813801437e+02
1.435541668498795218e+02
1.435496634847262385e+02
1.435451146310369666e+02
1.437021359909460330e+02
1.435779151423704150e+02
1.435736516589598750e+02
1.437309612716768186e+02
1.441322841128049674e+02
1.442952364775809428e+02
1.445002388662430235e+02
1.447477160265080158e+02
1.452805212388963980e+02
1.450914355948455920e+02
1.451428642372169691e+02
1.451140042800174683e+02
1.451252568485028007e+02
1.450558149984873353e+02
1.443796111095829815e+02
1.435349607167507600e+02
1.432878391078294840e+02
1.431998374826552833e+02
1.431917550329853270e+02
1.433048030636217618e+02
1.430149525895174065e+02
1.431262147368859701e+02
1.432386007443288634e+02
1.434329300447773505e+02
1.437908384290679464e+02
1.441523620495636635e+02
1.443963253025892470e+02
1.444407326288782940e+02
1.444855885140180476e+02
1.442480692060792364e+02
1.439273426324026559e+02
1.439670127600032572e+02
1.438050633939422482e+02
1.440455185797402180e+02
1.441671904845856318e+02
1.438052429137231059e+02
1.435204473875988924e+02
1.433539872602009382e+02
1.427009972325263902e+02
1.422838355884102555e+02
1.415796319074854637e+02
1.410703352600860967e+02
1.405558942021072539e+02
1.400362567698055898e+02
1.395113704745506880e+02
1.394256267419703477e+02
1.395006330726973829e+02
1.391723566390886049e+02
1.393660168071599514e+02
1.391171886941008040e+02
1.394719077718194171e+02
1.395473815876958952e+02
1.396640218057539755e+02
1.396202240462159807e+02
1.391719434810265170e+02
1.388403469505313410e+02
1.382629767177089661e+02
1.381242189067762354e+02
1.381052716230064163e+02
1.378841127505115480e+02
1.377819320712239346e+02
1.381635677487108467e+02
1.385490583320311373e+02
1.387768265980114393e+02
1.387644713111225201e+02
1.390752235465889157e+02
1.389850742894833502e+02
1.390152265550334789e+02
1.390456833889228960e+02
1.388744276655786791e+02
1.384186138036148179e+02
1.380390038420349583e+02
1.379383877192275918e+02
1.377559471911385458e+02
1.378140880718578671e+02
1.377920081533915493e+02
1.378505132862539710e+02
1.379500134204584754e+02
1.376464782024836211e+02
1.376631092954378630e+02
1.378819285812502073e+02
1.377797258396470284e+02
1.377572988279259505e+02
1.377346452807336163e+02
1.378733790714480278e+02
1.376498778499475861e+02
1.377069473231792074e+02
1.376029770941200923e+02
1.374171485799195693e+02
1.373506551312319175e+02
1.371218738699311643e+02
1.370928018888196220e+02
1.365785877664843611e+02
1.364228159257415314e+02
1.363462787128704008e+02
1.361881603160309453e+02
1.362708690060915160e+02
1.365160292990825326e+02
1.363596255546291047e+02
1.357976015703322901e+02
1.351894965356893863e+02
1.346964611471605906e+02
1.339560213607685455e+02
1.335313347078471509e+02
1.331831663715627485e+02
1.323466326985478361e+02
1.317440734328769452e+02
1.315394681140163868e+02
1.312519879939563054e+02
1.310020080747030704e+02
1.305878869441447137e+02
1.302503908526712735e+02
1.297074655077491343e+02
1.294418843512613932e+02
1.291736205568298601e+02
1.287006268250808603e+02
1.281016432576575710e+02
1.275370133915728417e+02
1.267242559510839186e+02
1.265093494455392999e+02
1.262922721672113653e+02
1.260325981486982130e+02
1.257703011603013152e+02
1.257881829902035520e+02
1.255638212022253413e+02
1.255796173759852508e+02
1.254743609858440010e+02
1.257316777634784870e+02
1.259107856196753659e+02
1.254856420400761863e+02
1.253794364041173708e+02
1.251105418223408350e+02
1.250813553761013424e+02
1.248902579556582708e+02
1.245356140966246556e+02
1.245410243400245918e+02
1.241020447879038500e+02
1.241434795837411684e+02
1.239429086704456893e+02
1.239423319903494303e+02
1.239821535256052982e+02
1.241031853793991502e+02
1.239022074539386438e+02
1.241840479332710316e+02
1.242263110437083213e+02
1.240669808522305146e+02
1.237444251032630405e+02
1.236610354578414643e+02
1.234151873311529926e+02
1.230860478092451871e+02
1.222687351608537512e+02
1.218068031927816577e+02
1.214614173664461703e+02
1.208297145115620168e+02
1.201512267793553974e+02
1.197083098781368022e+02
1.193013231092291022e+02
1.187690132416458368e+02
1.183525386279248295e+02
1.183358976039643267e+02
1.179150480848126392e+02
1.178535839240533107e+02
1.174682665899528047e+02
1.167962288787401661e+02
1.164406352310505071e+02
1.162834699303540731e+02
1.162459292225800027e+02
1.160059891137169359e+02
1.153999890037547686e+02
1.152323121250047535e+02
1.149417294191966761e+02
1.148906357769662350e+02
1.147582179565314675e+02
1.149072908651835547e+02
1.151386776415992728e+02
1.146047248905044569e+02
1.142269948388935035e+02
1.140878735746396870e+02
1.140281551258989055e+02
1.134425809352513710e+02
1.133763443790420808e+02
1.132286306859009954e+02
1.129986168544452312e+02
1.130087038933791632e+02
1.125340443367464616e+02
1.121758023603500192e+02
1.116119215761109871e+02
1.108403248243544965e+02
1.104245705296513620e+02
1.098025964945971253e+02
1.096591883783810459e+02
1.093931195741220961e+02
1.092051712869920408e+02
1.086516881686786462e+02
1.084966547158371810e+02
1.077339946624616829e+02
1.069636309721836227e+02
1.061854858304884175e+02
1.051166523540288722e+02
1.047642953070996725e+02
1.042467629364644210e+02
1.037644070065296376e+02
1.035600070773026005e+02
1.035959667447498873e+02
1.033494613583335138e+02
1.031812740993267852e+02
1.029709839387139567e+02
1.028393777158724873e+02
1.027064421372452472e+02
1.024509516537828517e+02
1.021120723775586328e+02
1.020121943207660280e+02
1.014264589098647349e+02
1.007539988988532826e+02
1.000343423220740959e+02
9.910539628492325903e+01
9.808625887366014240e+01
9.725884734713126534e+01
9.622105792639521837e+01
9.553642214787394948e+01
9.488527489684230432e+01
9.442957060287102422e+01
9.372683899279907394e+01
9.281498888161495131e+01
9.197473624405563442e+01
9.124720832732901954e+01
9.055273568417065633e+01
9.005326836784915656e+01
8.950835188671629794e+01
8.895793119870317867e+01
8.860397090778118923e+01
8.828683930078904041e+01
8.808771646544340683e+01
8.772496612671058358e+01
8.768178396637451044e+01
8.711291309734787092e+01
8.653829605792714119e+01
8.595787480598703212e+01
8.520997455150219935e+01
8.465653995101216367e+01
8.421872722324458493e+01
8.333204770024701702e+01
8.304247242449207533e+01
8.230552770150713116e+01
8.188437141566367927e+01
8.101451658147843204e+01
8.013587533482672143e+01
7.949078316649170972e+01
7.883917491564821489e+01
7.846381304610919472e+01
7.784223540011038267e+01
7.729518727283881674e+01
7.625776492205939405e+01
7.533107567884786704e+01
7.419300573620988359e+01
7.296263205677772135e+01
7.155821419876531309e+01
7.062445878663173460e+01
6.951965534003203118e+01
6.876732862629501142e+01
6.824982689524757973e+01
6.800992615681565212e+01
6.736356177456129046e+01
6.675107249955684097e+01
6.593037626217862623e+01
6.493977400220065022e+01
6.418158990121281704e+01
6.321372717294221388e+01
6.268053249792143333e+01
6.177831565446616224e+01
6.086698550956174358e+01
5.990604596925425795e+01
5.861216764571138071e+01
5.758804812698117814e+01
5.647277588583961005e+01
5.534623826852492101e+01
5.436993764497472625e+01
5.350498752017647064e+01
5.251008840421872037e+01
5.190918020628154750e+01
5.085775778412273240e+01
4.983611897386143141e+01
4.932941310491055731e+01
4.845395263122276219e+01
4.732722488002305994e+01
4.647194432325562730e+01
4.548681244773294452e+01
4.501698227043739564e+01
4.421917401054273000e+01
4.361532728337649445e+01
4.175285584179452769e+01
4.076046044625712028e+01
3.971763681440111071e+01
3.858347152969809457e+01
3.747825407040210166e+01
3.676591320242638972e+01
3.584435677012766774e+01
3.483268360618953352e+01
3.336634707695910151e+01
3.216802735046374551e+01
3.075558318228661392e+01
2.900563957806728510e+01
2.735923189703764535e+01
2.618104232024003863e+01
2.474852759620205234e+01
2.293790666283034696e+01
2.183626935639428979e+01
2.084471652161039401e+01
1.956031971879836817e+01
1.854577749373571649e+01
1.739977524619770222e+01
1.632300529918959242e+01
1.531616696887837925e+01
1.442037067563471275e+01
1.327310169256032246e+01
1.215464817430334676e+01
1.074206886293267260e+01
9.032392790841083041e+00
7.467063425092001161e+00
5.805114570799997153e+00
4.692034919999994003e+00
3.527307999999997001e+00
2.189200000000000923e+00
1.080000000000000071e+00
