1.521074430223501679e+02
1.528358010326772671e+02
1.532482838713914362e+02
1.534225089610015971e+02
1.538813221828294218e+02
1.543447698816463287e+02
1.544492625067136373e+02
1.543527904108210009e+02
1.544573640513338546e+02
1.546438020720554505e+02
1.549937394667225590e+02
1.556300398653760624e+02
1.557879190559352480e+02
1.559877970261974554e+02
1.557856535618150531e+02
1.555814682442585877e+02
1.552540083275337679e+02
1.550040488156903109e+02
1.549131806219098735e+02
1.551446268908170225e+02
1.552167948392093706e+02
1.554513079183933542e+02
1.558498059781756808e+02
1.555250565436115835e+02
1.551162187309205933e+02
1.548648674049707097e+02
1.546917852575460586e+02
1.548401871288342591e+02
1.546668556856917291e+02
1.546937936219107428e+02
1.548826198201118132e+02
1.548309291112243216e+02
1.544958879911351914e+02
1.540766545365003424e+02
1.538552066025252998e+02
1.533890975783087640e+02
1.527566642205131870e+02
1.526430951722358031e+02
1.530132274467025297e+02
1.531042701481847814e+02
1.532366365133175918e+02
1.534511479932507143e+02
1.535870181750009920e+02
1.539666850252534971e+02
1.544713990154066892e+02
1.547791909246535624e+02
1.548880716410648972e+02
1.547960319606715416e+02
1.545818504653248908e+02
1.546079297629535745e+02
1.548362926898519447e+02
1.548245380705581056e+02
1.548126647177359700e+02
1.549622875936731248e+02
1.546689773673460593e+02
1.548171488559051170e+02
1.547243927837425588e+02
1.545498917007510897e+02
1.544140320209598656e+02
1.542363959807676395e+02
1.542589858391593509e+02
1.545646321607672462e+02
1.546309415765323365e+02
1.543342844207394364e+02
1.541154388088278040e+02
1.537731705139675284e+02
1.537102732464326778e+02
1.534851244913455730e+02
1.534193176680256840e+02
1.533124420889152191e+02
1.531640829180954029e+02
1.529334170889857205e+02
1.529832495848350220e+02
1.531952016008432906e+02
1.530456581826691718e+02
1.527329880633021446e+02
1.525383717811140798e+02
1.520589613950643013e+02
1.517767286818838386e+02
1.519360895776601410e+02
1.518546359370295420e+02
1.518531676131616450e+02
1.515688561749103940e+02
1.516453092675859864e+02
1.516013224925130203e+02
1.515568914065779609e+02
1.514312034409878720e+02
1.510618216575630015e+02
1.506483047046095010e+02
1.505942471763727610e+02
1.503780274508822004e+02
1.504424519705879391e+02
1.500630827985739870e+02
1.498819018167415322e+02
1.501433351684253523e+02
1.502457930994194442e+02
1.503088819186050102e+02
1.503726079985915476e+02
1.504369777763552065e+02
1.502999775518732974e+02
1.501211894463366718e+02
1.501426156023604790e+02
1.499218339417789707e+02
1.498604383250292074e+02
1.500408467929589165e+02
1.501018654474334539e+02
1.501635004519526433e+02
1.500641418706591423e+02
1.500041837077368427e+02
1.499032158664005578e+02
1.498820362286872978e+02
1.500222588168564073e+02
1.501234937544005277e+02
1.501045391458586948e+02
1.503682213594536847e+02
1.503921427873261791e+02
1.507395381690163845e+02
1.511712506757742460e+02
1.505972229048223596e+02
1.507446696008303775e+02
1.506511814149801580e+02
1.503951327424038311e+02
1.503789219620245490e+02
1.505241635980045771e+02
1.503880440383881592e+02
1.502909535741302420e+02
1.501120743173030405e+02
1.501738124417204574e+02
1.501553661027487294e+02
1.499347132350987408e+02
1.493077911465643126e+02
1.487149405520853804e+02
1.484797379313988301e+02
1.483633716478773863e+02
1.483266380281592092e+02
1.484107454829886876e+02
1.487381267504939615e+02
1.485839664146406278e+02
1.486302691056974368e+02
1.484750192986846855e+02
1.483990093926103668e+02
1.486858680733440963e+02
1.486523919932767512e+02
1.487397898921991555e+02
1.488280705981809717e+02
1.491596672708899973e+02
1.493734012837262810e+02
1.495084861451786935e+02
1.496853395405852325e+02
1.495003429702884716e+02
1.495963060305933823e+02
1.496528343743371465e+02
1.496695296710472860e+02
1.497672016879265016e+02
1.494618198867940464e+02
1.494361817038324887e+02
1.497335168725581127e+02
1.497914311844024553e+02
1.499307385701037560e+02
1.501118571415195504e+02
1.504968253954729107e+02
1.506028539348217521e+02
1.508311655907288582e+02
1.508193591825546207e+02
1.510094537197524858e+02
1.510398522421744758e+02
1.513937901436104880e+02
1.513068587309199700e+02
1.512594532635554572e+02
1.513327810742981399e+02
1.514068495699985988e+02
1.515220702727249318e+02
1.515980507805310538e+02
1.515131826065970699e+02
1.518314975824205533e+02
1.517893914973946039e+02
1.521913045428227917e+02
1.521124288311341957e+02
1.521943725567012962e+02
1.524387601582841683e+02
1.526452122810954393e+02
1.527729416980764086e+02
1.529827693919958733e+02
1.531543125171685347e+02
1.530851641587562142e+02
1.532173375340967141e+02
1.533104419536326759e+02
1.533236787410432100e+02
1.535390694353982326e+02
1.534334034700993357e+02
1.538519226970697389e+02
1.538302249465348268e+02
1.538083080268023934e+02
1.539477858856597550e+02
1.541694806925852674e+02
1.541913946389755381e+02
1.544155501403791959e+02
1.543995455963423069e+02
1.546258036326697152e+02
1.546119228612829772e+02
1.547191140012956510e+02
1.545849636376723026e+02
1.548130945835073646e+02
1.550031258419273854e+02
1.550738644867952587e+02
1.551857217038332521e+02
1.552987087917505278e+02
1.554936452441926917e+02
1.553269143880741012e+02
1.552797115031054886e+02
1.552724358617221014e+02
1.552650867290122108e+02
1.554192795242546197e+02
1.557770500244999994e+02
1.557747980045451470e+02
1.556109070752986270e+02
1.554857647225240953e+02
1.551977421439628415e+02
1.551088304484473213e+02
1.549786166145937898e+02
1.549682996107003419e+02
1.549982824350512942e+02
1.552709923586380683e+02
1.555868609683204511e+02
1.557847080488085112e+02
1.557825333826348242e+02
1.557803367501369678e+02
1.556973098486232630e+02
1.558558685339618251e+02
1.559756247817804251e+02
1.560561866482625248e+02
1.560163501497601715e+02
1.559357072219793281e+02
1.555310173959388464e+02
1.553646640363023153e+02
1.553986505417193769e+02
1.554733843855751729e+02
1.553064488743179652e+02
1.550570190649681592e+02
1.546838576413820476e+02
1.543473309508915179e+02
1.540478090413042196e+02
1.542301101427310641e+02
1.542930405482133835e+02
1.541545864123372382e+02
1.538935216286229775e+02
1.537510319481039858e+02
1.533646787354585399e+02
1.532572512479381714e+02
1.531487386342812442e+02
1.530391299336175166e+02
1.528880100339564194e+02
1.527757677110674592e+02
1.525411795061295663e+02
1.528294742486150994e+02
1.530398729783997851e+02
1.530503767458573634e+02
1.530609866119770004e+02
1.527484713252296160e+02
1.527156276012428009e+02
1.527632602032757632e+02
1.530537981851262828e+02
1.530644426112383769e+02
1.530751945568071619e+02
1.530456510674819697e+02
1.532582334014969092e+02
1.532709428297947056e+02
1.534453967977723607e+02
1.535408048462349200e+02
1.536775806527622024e+02
1.535733137906692036e+02
1.537912260511809563e+02
1.539305313648288802e+02
1.541520518836656493e+02
1.541737897814798544e+02
1.539937270520007360e+02
1.542158859111118261e+02
1.540362483950619605e+02
1.540164125202651064e+02
1.537943560810751933e+02
1.534488445263398262e+02
1.532614591175147325e+02
1.532742011288026447e+02
1.530042435644467389e+02
1.530951955196437098e+02
1.532274702218622053e+02
1.531994648705675672e+02
1.529691564349172381e+02
1.529789458938548989e+02
1.529484301958131880e+02
1.529176062583977682e+02
1.529672790488863541e+02
1.531386657059449306e+02
1.532713795009549642e+02
1.533246257585400940e+02
1.532571977358998936e+02
1.534719169049486425e+02
1.534059766716656839e+02
1.533797744158241869e+02
1.534341155715397917e+02
1.533273894662015380e+02
1.533003934002035464e+02
1.533943367678821801e+02
1.531255926948311981e+02
1.530561542372033728e+02
1.526223780173769171e+02
1.528306848660371031e+02
1.527582675414519144e+02
1.526043106479311575e+02
1.524083945938691613e+02
1.524933278725949890e+02
1.526195231036315363e+02
1.525449728319509859e+02
1.526312856888403076e+02
1.525568542311513056e+02
1.524412669001532663e+02
1.522437039395486238e+02
1.519229332722717629e+02
1.515181144164359068e+02
1.513516307236729119e+02
1.510622532562354650e+02
1.507295487436731491e+02
1.509187361047192155e+02
1.509078142471909416e+02
1.510179941890821738e+02
1.511696911000835257e+02
1.509592839394781834e+02
1.509083676156346883e+02
1.506953208238722368e+02
1.505205260847203022e+02
1.505863899845658977e+02
1.505721110955215636e+02
1.503556677732540265e+02
1.501370381548019850e+02
1.498353920755575075e+02
1.498135273490491386e+02
1.495086134838874159e+02
1.496046600847343768e+02
1.497420808936709307e+02
1.496384655491628166e+02
1.497358237870331834e+02
1.497937614010431275e+02
1.499734963646901917e+02
1.500742387522122954e+02
1.499739785375880672e+02
1.501151298359480393e+02
1.499748786221696264e+02
1.501160390122916226e+02
1.499353929417091535e+02
1.495913060017270482e+02
1.492437434360874136e+02
1.489330741778662457e+02
1.488616910887534459e+02
1.487087788775291983e+02
1.489987665429587764e+02
1.490896631747056631e+02
1.489390537118244708e+02
1.489889431432569893e+02
1.486757001447037112e+02
1.481168688330343741e+02
1.477140089222567099e+02
1.473070797194515364e+02
1.470980603226780659e+02
1.470081417400791963e+02
1.469173148889689173e+02
1.469871867565335322e+02
1.469365522793266905e+02
1.470470225043706023e+02
1.473606287922932552e+02
1.470309381740340484e+02
1.464958971454889820e+02
1.462786839853426386e+02
1.462612969548914350e+02
1.462033302574661207e+02
1.463063941994607831e+02
1.463296911105658467e+02
1.464744354652181926e+02
1.463378136012306925e+02
1.463614278800310160e+02
1.465064928081120570e+02
1.465722149576896527e+02
1.468810252097870261e+02
1.470717426361481728e+02
1.471835784203522337e+02
1.474177559801535438e+02
1.473714706870245266e+02
1.474863340272982839e+02
1.476831656841390554e+02
1.478011774587257321e+02
1.479203812714407036e+02
1.479599810822635391e+02
1.479191728103674279e+02
1.478375482932995908e+02
1.480379275689897156e+02
1.479170985545357269e+02
1.479566652066013148e+02
1.481178436430321028e+02
1.479170137808398238e+02
1.479969836170101303e+02
1.479565491080911386e+02
1.478753021293854317e+02
1.477932344741263933e+02
1.479527620950769915e+02
1.479926889849266161e+02
1.482350393787136511e+02
1.481970094734482473e+02
1.481181913873213603e+02
1.481597892801231069e+02
1.480401911920427835e+02
1.481618092848917456e+02
1.482846558433249697e+02
1.483279351952782861e+02
1.482100355507866993e+02
1.483333692432181579e+02
1.482963325689072462e+02
1.480973056251585263e+02
1.481386925506653256e+02
1.482613056067329751e+02
1.484255612189221267e+02
1.487530921403247248e+02
1.488415072124493292e+02
1.490116234469189749e+02
1.491026499463828259e+02
1.489925757034164349e+02
1.490834098014312019e+02
1.493771816176072491e+02
1.492294763814214207e+02
1.494035114963849935e+02
1.494580924205914698e+02
1.494728206268597717e+02
1.493664854816769605e+02
1.492590762441183188e+02
1.490697739839577309e+02
1.492825999837949951e+02
1.494167676603990742e+02
1.494310784448483957e+02
1.494455337826748007e+02
1.493793270532068220e+02
1.493932596497035377e+02
1.493669289390954589e+02
1.494615443829247283e+02
1.497187316999235236e+02
1.499785168686095744e+02
1.498368857258683136e+02
1.497342280059282587e+02
1.500749777837652914e+02
1.499747250341060578e+02
1.498734596304107072e+02
1.498923834650608171e+02
1.500731146111727412e+02
1.502556713244171931e+02
1.502380518428456639e+02
1.503010624675208646e+02
1.504051136035559750e+02
1.505506198015721395e+02
1.508592119207797850e+02
1.508880928492728515e+02
1.509576695447198915e+02
1.509471409542622951e+02
1.510173140952141750e+02
1.510073879749642742e+02
1.510781696716805698e+02
1.510284542138192023e+02
1.510994487008272529e+02
1.510499481826536794e+02
1.511615638208627104e+02
1.512743068897603678e+02
1.511861685755150688e+02
1.511779480560763602e+02
1.514120687435114121e+02
1.515677462055669764e+02
1.514421678844114183e+02
1.516385534185970130e+02
1.518773266854520330e+02
1.518760875610620076e+02
1.515516035970323117e+02
1.516682864616491599e+02
1.516649358198471020e+02
1.517827634543911302e+02
1.519421853074660476e+02
1.519416013206725324e+02
1.519006073946184756e+02
1.520612195905237343e+02
1.521830500914385027e+02
1.521848990822605288e+02
1.522271707901619777e+02
1.525122937274365427e+02
1.525982764923603554e+02
1.528063398912732964e+02
1.529761009002754690e+02
1.530263645457333723e+02
1.530771359047807039e+02
1.531688241462436224e+02
1.535442668143874698e+02
1.536406735498866567e+02
1.539400742928144155e+02
1.540404790836511495e+02
1.542227061451018244e+02
1.543663698435370009e+02
1.545114846904418755e+02
1.544964491822643424e+02
1.544812618002670490e+02
1.543851129295624105e+02
1.543283968985481920e+02
1.543115120187352716e+02
1.544560727461974352e+02
1.545616896426236337e+02
1.545471612551754674e+02
1.546132941971471837e+02
1.546396911082291865e+02
1.545047384931613408e+02
1.546108469627893953e+02
1.544351989523118220e+02
1.545002009619313412e+02
1.545254555171021593e+02
1.544701570879816188e+02
1.546163202908904566e+02
1.549255760514047893e+02
1.550763394458629421e+02
1.550266055008712556e+02
1.548955611119916966e+02
1.550056172848400422e+02
1.549147649341823012e+02
1.551866312466487727e+02
1.553804356026747655e+02
1.554145814168436743e+02
1.553278600170137054e+02
1.552402626434481760e+02
1.551517804479275924e+02
1.551028085332607702e+02
1.552957661952123374e+02
1.555714810052649852e+02
1.556479606113791476e+02
1.555635965771506903e+02
1.553167642193442362e+02
1.551078426458024921e+02
1.549372147937394857e+02
1.548052674684236365e+02
1.547527954226506210e+02
1.547806014370206356e+02
1.549299004414344552e+02
1.549594953953887284e+02
1.548277731266551882e+02
1.548159324511671855e+02
1.546827600516834309e+02
1.547502626784688857e+02
1.548184471499684207e+02
1.546853001514834602e+02
1.547932324762456062e+02
1.549830631073190830e+02
1.549323869770895499e+02
1.551640272495852457e+02
1.552363911611972185e+02
1.552690819810073890e+02
1.553829110919272125e+02
1.556191021130572949e+02
1.558172748616739511e+02
1.558962372340137108e+02
1.558143810444587416e+02
1.558933141863221863e+02
1.559326405922445815e+02
1.558511521133785891e+02
1.557688405185643035e+02
1.558877176955190862e+02
1.560077956520399880e+02
1.563311067192315988e+02
1.564960673931634290e+02
1.563798660537005958e+02
1.563028950037374614e+02
1.562251464684221105e+02
1.563082287559820998e+02
1.565941704605876907e+02
1.567213843036240064e+02
1.570114992965906708e+02
1.566176760571616171e+02
1.565027030880419545e+02
1.558613162505477590e+02
1.556578952025733145e+02
1.550483789924983569e+02
1.546347262550488892e+02
1.543381073283320575e+02
1.538364720488202693e+02
1.534105778270917710e+02
1.533440180071630721e+02
1.531959777850135822e+02
1.527232098838522631e+02
1.526497069533861577e+02
1.523330373266530557e+02
1.521747851784366787e+02
1.521765506852892713e+02
1.517338895811007831e+02
1.515695854354549965e+02
1.516056418539948254e+02
1.515208503575704526e+02
1.513139902601716358e+02
1.511454447072443372e+02
1.512580249568120507e+02
1.512505302594069860e+02
1.510409396559672928e+02
1.511928683393599329e+02
1.512251195347069199e+02
1.509748682168755352e+02
1.507624931483595105e+02
1.507903971195552231e+02
1.510206031510663252e+02
1.510915183344098693e+02
1.512843619539494000e+02
1.511155171252010803e+02
1.511469869951530995e+02
1.512191787829826808e+02
1.516153321040229400e+02
1.517326586909323112e+02
1.518915744352854631e+02
1.518904792275611726e+02
1.521722012399604580e+02
1.519719204444050149e+02
1.518908287317221948e+02
1.519301300320425696e+02
1.516061919515584009e+02
1.511577696480390216e+02
1.512704743919587145e+02
1.511418933252103045e+02
1.510524175002123286e+02
1.510832500002150596e+02
1.510739898992068220e+02
1.511454443426332546e+02
1.511772165077103693e+02
1.512901176845559235e+02
1.511213309945011645e+02
1.509104353479810641e+02
1.508590256040212125e+02
1.509283086909304643e+02
1.508366754453843726e+02
1.509461368135196722e+02
1.504102392055753512e+02
1.500709486925004796e+02
1.500110592853538947e+02
1.499505649347006226e+02
1.494854191259603056e+02
1.495408273999596531e+02
1.489907347474338337e+02
1.491219542903379534e+02
1.493353073639775346e+02
1.491871791555329878e+02
1.491587668237704918e+02
1.488876432563341723e+02
1.487349931882163219e+02
1.484595890790059229e+02
1.481814031101072260e+02
1.479004071819268518e+02
1.480206133150775258e+02
1.482228417324011218e+02
1.482654966993953281e+02
1.484701986862579020e+02
1.485153522083415965e+02
1.484397497053950303e+02
1.485249997024196205e+02
1.486515148509284643e+02
1.488197119706354954e+02
1.491512242127634238e+02
1.486376002149122257e+02
1.480783840554668132e+02
1.477559434903704130e+02
1.475110540306773999e+02
1.471828828592704781e+02
1.467705887467372747e+02
1.466369583300376576e+02
1.465019781111494126e+02
1.464464425365146667e+02
1.461883257944590753e+02
1.459680058529888811e+02
1.460686927807965105e+02
1.462108007886834002e+02
1.463139401905893067e+02
1.462969092834240712e+02
1.459968780640643899e+02
1.458958364283477636e+02
1.454705418468160758e+02
1.453237796432493383e+02
1.451351309527767910e+02
1.451465969219964336e+02
1.452793908303000308e+02
1.451711018487876856e+02
1.451829311603918029e+02
1.452756880407995936e+02
1.453289778189891024e+02
1.451807856757470176e+02
1.449906926017642093e+02
1.448794874765295333e+02
1.446459469459896638e+02
1.446524716626156248e+02
1.447398703662788932e+02
1.447473438043220142e+02
1.445528725296178720e+02
1.444372449794120143e+02
1.441184292721335396e+02
1.440792214870035934e+02
1.441608297848521829e+02
1.439604341261128866e+02
1.441216506324372517e+02
1.441228794267047419e+02
1.443665448754589420e+02
1.442894392681407680e+02
1.440499386546877076e+02
1.440908471259466808e+02
1.439705526524719517e+02
1.441318713661328843e+02
1.441736074405384613e+02
1.442157650914532496e+02
1.441775404964172651e+02
1.443005459559770145e+02
1.442227736929062871e+02
1.438613875685920505e+02
1.436983712814062244e+02
1.432508800822283206e+02
1.430412930123517299e+02
1.431932252650012174e+02
1.430638639040418241e+02
1.430140039434775190e+02
1.428020241853304526e+02
1.423858830154849500e+02
1.421675586014998487e+02
1.418258167691924996e+02
1.416422391608000453e+02
1.417800395563643292e+02
1.417576157134988932e+02
1.418157734479786711e+02
1.420361347959382101e+02
1.417334694908467725e+02
1.417509792836835061e+02
1.420514942259426903e+02
1.420318123494370752e+02
1.419311235852902371e+02
1.416678016013031254e+02
1.417654561629324235e+02
1.418640971342753119e+02
1.418425223578537100e+02
1.419015377352058067e+02
1.420823613486924728e+02
1.416993548976691955e+02
1.415144998966359822e+02
1.413277776733694679e+02
1.408967451246157054e+02
1.403805506309252564e+02
1.401823743746718378e+02
1.397397720956278420e+02
1.393331031268972993e+02
1.390031344716130661e+02
1.390334691632455417e+02
1.389024941042882233e+02
1.386893879841300361e+02
1.387569575597272831e+02
1.387039975350779741e+02
1.388525227627050924e+02
1.387197199623283552e+02
1.385451716791195054e+02
1.385304764435553295e+02
1.384752287308638472e+02
1.384598270008725081e+02
1.382826535362350171e+02
1.383057106426614098e+02
1.382481925683450470e+02
1.379476692609545125e+02
1.374824942029844124e+02
1.369318123262471261e+02
1.365775882083304396e+02
1.366642305134652702e+02
1.367113439529950938e+02
1.367185292454493606e+02
1.365641709549993266e+02
1.362062332878781490e+02
1.359254881695741233e+02
1.358843314844181691e+02
1.360851833175941010e+02
1.361668518359537359e+02
1.361281331676302102e+02
1.360082153208384170e+02
1.357658740614533883e+02
1.359251253145989722e+02
1.359647730450495828e+02
1.358836091364134688e+02
1.357612213499125460e+02
1.358396175251646696e+02
1.356763813385498167e+02
1.357135165035860780e+02
1.354681984884704491e+02
1.353416146348183133e+02
1.352945602371905522e+02
1.354086467042327229e+02
1.354026734386184785e+02
1.354774479177963826e+02
1.353913615331277072e+02
1.353448096294220306e+02
1.351765753832547716e+02
1.349258337204593658e+02
1.347129633539993563e+02
1.347403670242414648e+02
1.344044111355979112e+02
1.341862738743411114e+02
1.339255291660013540e+02
1.335813425919204178e+02
1.331528713049700912e+02
1.329624962676461735e+02
1.327297942097440000e+02
1.324543375856000011e+02
1.320548864501009518e+02
1.318534206566675664e+02
1.313670915723918142e+02
1.307546379519102970e+02
1.300551898504143367e+02
1.296315048994086965e+02
1.294863685852608342e+02
1.292589581669303982e+02
1.292716749160913139e+02
1.291229039556477858e+02
1.288514181370181291e+02
1.289812304414325581e+02
1.291123539812448087e+02
1.290427817992371047e+02
1.286896785850879894e+02
1.280905844293818632e+02
1.276066509387693060e+02
1.273198494331000461e+02
1.269089388213133844e+02
1.262918573952659074e+02
1.258301589851173361e+02
1.253233929142595855e+02
1.249731241558179988e+02
1.246597213695127948e+02
1.243431528984979622e+02
1.241041948469674026e+02
1.239436311585532025e+02
1.237410415742964460e+02
1.234960015901983752e+02
1.231676783739374343e+02
1.227956347211489856e+02
1.224198330516659325e+02
1.220806394461272362e+02
1.220612519657850186e+02
1.220416686523083598e+02
1.218198673255639051e+02
1.212321892177412508e+02
1.208809992098397714e+02
1.204050497069088976e+02
1.200859087948572892e+02
1.193999078735934347e+02
1.188685938117104541e+02
1.182107008199096043e+02
1.177077786059691960e+02
1.174422006120900335e+02
1.170123238505958909e+02
1.165781048995918923e+02
1.160990958581733992e+02
1.156556523819934625e+02
1.153289417999933164e+02
1.150393351515084390e+02
1.148276112641501641e+02
1.140076881456064228e+02
1.137047355006123439e+02
1.130350863642549086e+02
1.124394811760151640e+02
1.120802840161766767e+02
1.118386707234104875e+02
1.114734047711218921e+02
1.112660654253756007e+02
1.108546115407835515e+02
1.104794055967510786e+02
1.102216218149000042e+02
1.097996179948484325e+02
1.092925434291401530e+02
1.085379226556968320e+02
1.079372956118150455e+02
1.074922177897119724e+02
1.068810280704162921e+02
1.065464930004203836e+02
1.058449424246671384e+02
1.052171135602696381e+02
1.046233470305754452e+02
1.041851990207832159e+02
1.038234333543263830e+02
1.035792256104310383e+02
1.032921470812432716e+02
1.030021687689327763e+02
1.026688573423560626e+02
1.021301589316728382e+02
1.015860191229021012e+02
1.010767869928301792e+02
1.007644313058890901e+02
1.003277083897869915e+02
9.964414988867390832e+01
9.899409079664027900e+01
9.857988969357599274e+01
9.808069666017759403e+01
9.741484511129063151e+01
9.682307586999041860e+01
9.618492512120259619e+01
9.570194456687107731e+01
9.497166117865782553e+01
9.459763755419990616e+01
9.426023995373734010e+01
9.387903025630019727e+01
9.325154571343456666e+01
9.257731890245915451e+01
9.230032212369619060e+01
9.177810315524857288e+01
9.108899308610969570e+01
9.051413443041387552e+01
8.985266104082212735e+01
8.942693034426466170e+01
8.863326297400486453e+01
8.811440704444945027e+01
8.759031014590840414e+01
8.714172742010948980e+01
8.628457315162566488e+01
8.549956884002611446e+01
8.486825135356158967e+01
8.406894076117342252e+01
8.342317248603364988e+01
8.273047725861992774e+01
8.211159319052514149e+01
8.148645776820727349e+01
8.081460380626990059e+01
8.013596344067674693e+01
7.941006408149166873e+01
7.887885260756723937e+01
7.822106323996692367e+01
7.751622549491614222e+01
7.668305605547085690e+01
7.608389500552607387e+01
7.547868182376379309e+01
7.494816345834726690e+01
7.445269036196692980e+01
7.403302056764337635e+01
7.336668744206386350e+01
7.241079539602417015e+01
7.144524787477195105e+01
7.083358371189086711e+01
7.017533708271795945e+01
6.926801725527067788e+01
6.831112854067755791e+01
6.754659448553297807e+01
6.701676210659898913e+01
6.607753748141306005e+01
6.537124998122523323e+01
6.473863634467205941e+01
6.373599630774955926e+01
6.268282455328232317e+01
6.169982278109331020e+01
6.090891190009419631e+01
6.031203222231742700e+01
5.954750729527017228e+01
5.857323969219214632e+01
5.787195928504257836e+01
5.692117099499250799e+01
5.579916262120458725e+01
5.490824507192391479e+01
5.380630815345850948e+01
5.273364459945303651e+01
5.152893393884147599e+01
5.019084236246618502e+01
4.892004279036991932e+01
4.783842706097977526e+01
4.694790612220179327e+01
4.600798598202204914e+01
4.538180402224448784e+01
4.458768083054999920e+01
4.338149578843436416e+01
4.216312705902460323e+01
4.105366369598450405e+01
4.029662999594395956e+01
3.924912120802423487e+01
3.827183960406487984e+01
3.692105010511599517e+01
3.587984859102624569e+01
3.442408948588506945e+01
3.315564594533845622e+01
3.179358176296812388e+01
3.053897147774555876e+01
2.939290048257123189e+01
2.815444493189015773e+01
2.710549993120216072e+01
2.580353528404258157e+01
2.432680331721470779e+01
2.319879122950981909e+01
2.197857699950486676e+01
2.094805757525740830e+01
1.978591674268426104e+01
1.845042095220633982e+01
1.693981914364275454e+01
1.553517085216439142e+01
1.407593015370140677e+01
1.280396985222363782e+01
1.127673722446831128e+01
9.814886085321527176e+00
8.297864732648006836e+00
7.088752255199993968e+00
5.827022479999991234e+00
4.592951999999992374e+00
3.184799999999999187e+00
1.520000000000000018e+00
