1.292954003545174544e+02
1.295105054086036773e+02
1.300106115238413622e+02
1.302733449735770819e+02
1.304983282561389046e+02
1.301599275314536044e+02
1.299393207388415590e+02
1.297972936755979845e+02
1.297750441167655993e+02
1.294697415320869140e+02
1.295249914465522352e+02
1.294595873197497440e+02
1.293935225452011366e+02
1.296096187325259734e+02
1.297066855884109202e+02
1.302895814024349193e+02
1.303127084873067076e+02
1.300128368558673628e+02
1.296291281372402295e+02
1.293627556941807200e+02
1.294169249436179712e+02
1.292696211551690908e+02
1.292824456112811617e+02
1.295378238497797838e+02
1.298361857068485961e+02
1.300971572796449891e+02
1.300779366461051438e+02
1.299777137839448358e+02
1.298360745292373508e+02
1.297334086153915393e+02
1.294680895104961280e+02
1.292404944550471839e+02
1.294954489444916987e+02
1.300358070146381237e+02
1.301775828430694446e+02
1.304824069121910952e+02
1.305074817294849083e+02
1.305732138681677270e+02
1.307608220890581379e+02
1.308291132212710579e+02
1.311001143649195342e+02
1.315354690554742660e+02
1.314903727833084588e+02
1.313640129124320595e+02
1.313575888004365595e+02
1.315531200004413677e+02
1.313869898994362018e+02
1.316636261610459542e+02
1.317814405667129165e+02
1.318196369360740619e+02
1.315349868041149080e+02
1.311262492970856783e+02
1.313598477748338098e+02
1.313937856311455903e+02
1.314280662940858520e+02
1.308970366606929474e+02
1.302394309703981889e+02
1.296155868387846226e+02
1.295915018573584234e+02
1.292439412700597927e+02
1.289736780505652405e+02
1.290643212631975416e+02
1.291154760234311425e+02
1.290459353772037048e+02
1.290160963406096357e+02
1.291071680208177952e+02
1.288759272937553817e+02
1.291271992866215896e+02
1.293002012996177825e+02
1.292325265652701773e+02
1.292449763285564472e+02
1.292979558874309873e+02
1.291494503913436631e+02
1.290398488801449162e+02
1.287271200809553591e+02
1.286536566474290453e+02
1.287006632802309127e+02
1.290713770507389313e+02
1.288397747987263529e+02
1.286866412108349209e+02
1.280875163745808436e+02
1.280884003783642697e+02
1.278872731094590733e+02
1.277649223327871226e+02
1.277221437704915985e+02
1.277597411823144427e+02
1.279189304871867421e+02
1.278777075628144786e+02
1.280380884472875493e+02
1.282808974215023454e+02
1.286877751732351953e+02
1.286947223972074710e+02
1.289441640375825386e+02
1.290749131692754474e+02
1.291665789588647044e+02
1.290571504634988855e+02
1.292294449126250129e+02
1.289590352652789988e+02
1.289283184497763273e+02
1.288972913634096358e+02
1.285023145084958571e+02
1.280225399075710584e+02
1.281035756642126273e+02
1.281450259234479461e+02
1.280656827509568529e+02
1.282683664151073231e+02
1.283922893081894188e+02
1.284770599072623440e+02
1.288859190982451537e+02
1.290160798972171392e+02
1.287839190880984006e+02
1.291958778667656702e+02
1.295715938048143414e+02
1.293854482876911050e+02
1.290762103916070203e+02
1.289658690824317944e+02
1.289352212953859009e+02
1.292274962579649866e+02
1.295227234928937889e+02
1.294977004978723585e+02
1.293916166645178691e+02
1.294864814793109815e+02
1.297843247265757327e+02
1.300851764914905004e+02
1.298638146378704334e+02
1.298018329675453231e+02
1.296584171389349365e+02
1.298367849888230694e+02
1.302189747361850891e+02
1.302817926628127623e+02
1.301836289523357948e+02
1.298824534872081813e+02
1.297398520072812005e+02
1.297978303103846258e+02
1.296543740508939493e+02
1.297114889402970448e+02
1.297287767073707414e+02
1.297058350579503667e+02
1.300867020787371473e+02
1.299461637158971996e+02
1.299254178948450829e+02
1.303085029240853601e+02
1.304934372970563459e+02
1.307610477748048936e+02
1.306273209846514760e+02
1.306134555400516035e+02
1.308822783232838560e+02
1.307497760841255285e+02
1.306159354385105189e+02
1.309655913520310548e+02
1.309955468202333293e+02
1.310258048689233021e+02
1.310159645140629152e+02
1.306827924384475352e+02
1.307906994327758810e+02
1.310209085179544672e+02
1.312938469878330352e+02
1.312059060483167627e+02
1.310766727760776291e+02
1.312289624000787853e+02
1.311403660606856079e+02
1.313337030916016204e+02
1.312461647389914106e+02
1.315213785242331994e+02
1.317185641658917632e+02
1.314732971372652912e+02
1.318316132699655441e+02
1.323147608787523382e+02
1.321563241199513925e+02
1.322791152726785811e+02
1.323627426996754082e+02
1.327300431309849671e+02
1.331414577080659285e+02
1.333146037455208841e+02
1.329642462075972844e+02
1.329335820278757581e+02
1.333470525534104070e+02
1.333202551044544748e+02
1.336568233378330035e+02
1.335927508462958144e+02
1.333664149962584418e+02
1.329357727234934714e+02
1.331472451752457573e+02
1.334012577527735175e+02
1.336982401543169772e+02
1.337557981356736434e+02
1.336523213491653905e+02
1.333861831809745979e+02
1.331173567484595708e+02
1.323609664125854977e+02
1.321221882955409797e+02
1.320830184803452596e+02
1.324878974548936128e+02
1.322908055099937030e+02
1.322129348585798141e+02
1.323362978369493419e+02
1.319760584211609569e+02
1.318546044658195342e+02
1.316511156220396970e+02
1.316071874970096189e+02
1.318860479767776610e+02
1.322889373502800368e+02
1.328575124750306031e+02
1.331085984596267053e+02
1.326753519794204124e+02
1.329650019994153638e+02
1.327323252519349808e+02
1.325377022746814930e+02
1.322199012875573771e+02
1.323433346338957506e+02
1.323063986200965303e+02
1.322286854748455482e+02
1.321501873483284442e+02
1.321517043922510197e+02
1.322340448406581572e+02
1.319939846875325884e+02
1.322363481692253231e+02
1.323599476456820128e+02
1.322423713592745855e+02
1.324872437972476575e+02
1.330174179770180842e+02
1.330680989666847438e+02
1.330788878451361370e+02
1.328473614597328663e+02
1.327347085451857538e+02
1.324188975203890379e+02
1.324231288084727396e+02
1.323869987964371830e+02
1.323100997943815003e+02
1.327172725195779890e+02
1.329265378985634811e+02
1.333399372712763977e+02
1.333130679507841592e+02
1.331647151018012494e+02
1.324896112139406910e+02
1.328985971857994457e+02
1.332713102886856404e+02
1.332033437259445918e+02
1.332154987130765278e+02
1.335510088010874767e+02
1.338495038394814287e+02
1.340298018580626263e+02
1.342119210687503994e+02
1.340322435037877540e+02
1.342951954583720067e+02
1.342779752104762565e+02
1.343817931418954856e+02
1.345674678200966525e+02
1.347146139596933949e+02
1.350652666259526313e+02
1.353790571979320418e+02
1.356152092908405962e+02
1.353688982735759794e+02
1.350796952258345414e+02
1.346663588139747958e+02
1.346124836504797599e+02
1.346388723742223590e+02
1.347059316911336282e+02
1.347736683748825328e+02
1.344784529039213226e+02
1.341802554585061102e+02
1.340002580388950264e+02
1.339800586251471657e+02
1.336768268940884070e+02
1.338553807010987384e+02
1.339549300011096307e+02
1.338938686879898512e+02
1.336705744323120655e+02
1.332430044770830762e+02
1.330939439162454505e+02
1.332666100164104819e+02
1.335218282994040919e+02
1.334967962620241053e+02
1.333907032949743154e+02
1.334451548434086874e+02
1.339041968115230077e+02
1.340042392035589103e+02
1.342669082864235008e+02
1.340069780670943373e+02
1.339464424920140289e+02
1.340873156484989579e+02
1.340275915641410336e+02
1.339672642062027990e+02
1.342295598042452127e+02
1.342116765699439327e+02
1.340724005757011525e+02
1.339721217936376263e+02
1.337900220137760243e+02
1.340505272866421649e+02
1.339500275622641539e+02
1.338081086487521816e+02
1.336243521704571151e+02
1.333175274449054939e+02
1.333308358029357521e+02
1.329402381847831691e+02
1.326265032169528126e+02
1.325116194110633785e+02
1.323551711222862366e+02
1.320759304265516221e+02
1.318746771985381088e+02
1.317926032308454865e+02
1.320733365968144142e+02
1.320740773705198876e+02
1.319940175459785792e+02
1.321555732787666955e+02
1.316722962411778610e+02
1.318710063042201739e+02
1.317484912163846218e+02
1.318267588044290619e+02
1.313805644489173119e+02
1.314551156049679719e+02
1.315708238434015982e+02
1.316472968115163269e+02
1.317649462742596143e+02
1.319645921962215027e+02
1.318834264608294120e+02
1.319630570311406643e+02
1.317606636678190455e+02
1.318794582503227559e+02
1.323226851013364183e+02
1.327299849508449938e+02
1.323737221725708366e+02
1.322158809823947081e+02
1.322180615983783980e+02
1.324222844428065287e+02
1.324669539826329014e+02
1.326736908915485742e+02
1.326804958500489420e+02
1.329297937879276219e+02
1.334644381696235769e+02
1.335196345147719796e+02
1.335349843583558425e+02
1.336717013720759155e+02
1.337693953253298673e+02
1.340296922478085264e+02
1.337673659068765062e+02
1.335831978857341085e+02
1.335991897835697841e+02
1.337769593773436725e+02
1.338353125023669179e+02
1.331669823256232235e+02
1.328959417430537826e+02
1.324201431748020639e+02
1.327476193684861983e+02
1.329167872408950473e+02
1.331684719605003977e+02
1.331398706671716639e+02
1.328281521890619388e+02
1.325940931202651996e+02
1.325192859800660017e+02
1.326053393738037585e+02
1.325306458321252023e+02
1.324551978102278440e+02
1.328234321315430293e+02
1.326297294258006616e+02
1.325552822482836461e+02
1.324800830790751718e+02
1.327273566455305911e+02
1.325730875207376016e+02
1.327404924451892612e+02
1.326267600456454829e+02
1.323906667127739070e+02
1.325562290028023824e+02
1.326426555583855702e+02
1.327703591498840865e+02
1.325761203534181618e+02
1.330263841953715200e+02
1.327943274700729148e+02
1.332871994647204588e+02
1.331789893583028856e+02
1.335141306649520914e+02
1.338122531969216880e+02
1.337093466635572838e+02
1.328377239025829226e+02
1.326037615177605460e+02
1.326906681997583917e+02
1.327784527270284514e+02
1.329075280070996712e+02
1.331995232394946811e+02
1.331308315550452903e+02
1.331422540960055869e+02
1.325881354505103218e+02
1.329981166166772084e+02
1.332910268855322897e+02
1.335464918035680739e+02
1.338449412157249867e+02
1.341868093088133662e+02
1.343301104129427870e+02
1.344344549625688785e+02
1.340550050126962276e+02
1.341161666794904477e+02
1.342587542217070506e+02
1.343623780017249487e+02
1.347094727290157437e+02
1.348580532616319658e+02
1.344020740016485149e+02
1.344667414158063252e+02
1.344108499149557190e+02
1.340715655706629548e+02
1.341732985562245801e+02
1.340740389456810533e+02
1.340141807532134806e+02
1.338325058113263992e+02
1.338510159710380378e+02
1.335060767384215694e+02
1.331980573115363029e+02
1.333313710217543928e+02
1.335872434563175091e+02
1.332800438952703814e+02
1.334141857527981472e+02
1.337112987402003341e+02
1.337689886264651022e+02
1.341100895216825393e+02
1.338485752744266506e+02
1.330187629034606118e+02
1.327058211146064082e+02
1.328341627420268196e+02
1.326001643858862735e+02
1.322829943291776544e+02
1.322050447769469486e+02
1.319646916938859817e+02
1.321259512059461656e+02
1.318039911171163112e+02
1.315191829465826459e+02
1.315951342894772154e+02
1.313486204944211977e+02
1.314228489842643910e+02
1.314574232164289356e+02
1.310074981984127476e+02
1.311994931297094809e+02
1.309085789188984847e+02
1.310591706251505855e+02
1.314537077021722098e+02
1.313269774769412379e+02
1.311989671484256235e+02
1.309888557054806597e+02
1.310998542479601667e+02
1.310907618666265932e+02
1.312027897642696530e+02
1.316391815800699874e+02
1.317163450303739580e+02
1.319963081114888439e+02
1.320366748600893061e+02
1.316734089495856210e+02
1.316297060096823657e+02
1.316259656663454223e+02
1.315009754205508159e+02
1.314555307278295118e+02
1.311672027553832152e+02
1.314012149044274622e+02
1.315971867721492288e+02
1.319163502748983205e+02
1.320367174493912614e+02
1.321987044943358285e+02
1.320390954488238151e+02
1.319182782311348490e+02
1.313113921526615968e+02
1.308599920733954320e+02
1.309696889630252770e+02
1.312017060232578558e+02
1.311936424477358685e+02
1.310642853007430517e+02
1.306911972734777123e+02
1.308395932055331912e+02
1.308278719247810500e+02
1.310584564896775248e+02
1.316550065552296189e+02
1.314899056113434881e+02
1.311615208195385947e+02
1.304661826459977192e+02
1.306123057030291648e+02
1.307599047505344174e+02
1.310706108591258499e+02
1.311016271304305292e+02
1.312541688186164777e+02
1.311254230491071269e+02
1.307125485344517131e+02
1.307399480145978714e+02
1.306868161763610487e+02
1.309563799761224345e+02
1.310266464405274576e+02
1.307743903439671271e+02
1.311256468120878935e+02
1.309551988000892777e+02
1.308234331314031920e+02
1.306499324559630111e+02
1.312019519757201067e+02
1.313151030057775870e+02
1.315506090967450348e+02
1.315460697946923005e+02
1.314202725198910855e+02
1.316164368887793330e+02
1.318549867563426403e+02
1.320959462185275015e+02
1.320969153722502369e+02
1.321382983558079331e+02
1.325841397533414465e+02
1.323476159124657840e+02
1.320278948610768168e+02
1.316645402637138886e+02
1.317419598623373247e+02
1.318201614771078027e+02
1.319799610879885279e+02
1.321009707959478021e+02
1.318999705009574654e+02
1.316161318191483360e+02
1.311678099183328641e+02
1.313210201195269917e+02
1.314353738581085338e+02
1.313488624829381308e+02
1.313826893767049739e+02
1.313360498754598211e+02
1.316929796721813659e+02
1.322555350224053825e+02
1.323389242650558515e+02
1.323019437020765281e+02
1.325474178808854901e+02
1.324317352332176370e+02
1.326381163971890942e+02
1.327657741385756083e+02
1.324502769076519542e+02
1.323336130380322686e+02
1.326602151899313924e+02
1.326264799898298747e+02
1.329156363533633112e+02
1.320764003569327087e+02
1.316327276332652332e+02
1.314674016497635307e+02
1.310579814644073622e+02
1.310484661256642482e+02
1.308368344703680748e+02
1.309058934044114153e+02
1.308948418226378010e+02
1.309240826491291898e+02
1.305495784334640632e+02
1.307773519529943655e+02
1.309670221747415724e+02
1.312798203785266082e+02
1.313129498772996442e+02
1.315484342194942258e+02
1.313014487065601372e+02
1.312539885924848875e+02
1.311656450429143774e+02
1.314804495382967389e+02
1.317176257962596537e+02
1.315935614103635771e+02
1.313066276872356184e+02
1.315824522093288351e+02
1.316186385952823059e+02
1.314935743386685658e+02
1.318520952915839644e+02
1.318910053450345288e+02
1.317282882273078144e+02
1.318467557851595586e+02
1.320472280658173361e+02
1.316840687533511414e+02
1.313576452054052766e+02
1.312703486923278433e+02
1.315054027195236586e+02
1.315812148682059046e+02
1.321022372406117995e+02
1.326689265056686224e+02
1.324736631370392388e+02
1.319531950879179760e+02
1.312254495837556476e+02
1.305711611957127332e+02
1.299506678744574799e+02
1.297683513883405340e+02
1.296650014023642541e+02
1.298434357599641658e+02
1.299428644040040410e+02
1.298816812161661574e+02
1.299814961779449334e+02
1.303247436140861168e+02
1.300249935495818363e+02
1.298434278278607508e+02
1.297812402301617851e+02
1.301628689193557022e+02
1.304271403225818347e+02
1.305324649723044104e+02
1.306792575477824982e+02
1.306255126745276982e+02
1.304904168429574156e+02
1.299903200433914492e+02
1.296467879226178184e+02
1.285725130531492084e+02
1.279318313668169509e+02
1.280523549159771619e+02
1.279720756727044488e+02
1.278909855279839434e+02
1.281727126545290503e+02
1.281340531863922365e+02
1.285394476630227416e+02
1.289489370333563159e+02
1.287160980134917452e+02
1.285617151651427150e+02
1.281633486516595326e+02
1.280437865168275096e+02
1.283270570877049295e+02
1.286535930178838498e+02
1.288622151695792866e+02
1.285072880500803763e+02
1.280275636869505433e+02
1.272601653403533959e+02
1.271718841821752477e+02
1.271635193759351381e+02
1.273570902787217705e+02
1.275930204835572823e+02
1.275485055389466424e+02
1.276247530696429919e+02
1.275805586562055396e+02
1.274955137941470866e+02
1.276116300950975955e+02
1.274460910051498956e+02
1.274404959647975488e+02
1.277984807725226233e+02
1.279176573459824056e+02
1.281188458040228113e+02
1.278372179838617342e+02
1.276739575594563973e+02
1.278322803630869799e+02
1.279113943061482104e+02
1.281125195011604490e+02
1.283156762637976556e+02
1.283188649129273529e+02
1.284432978918458161e+02
1.286093918099458051e+02
1.282519109191371740e+02
1.281332433526638397e+02
1.280133771239027283e+02
1.280539162867700043e+02
1.283776932189599052e+02
1.280986800191512884e+02
1.283016969890414316e+02
1.278602999889305067e+02
1.279396969585162651e+02
1.278582797560773372e+02
1.275740199556329770e+02
1.274485050056902651e+02
1.276449545512023320e+02
1.278029843951538851e+02
1.279626105001553924e+02
1.278814247476316268e+02
1.277590148965973782e+02
1.279181968652500672e+02
1.279173705709597755e+02
1.277145157282424464e+02
1.273479956850929966e+02
1.273818138233261408e+02
1.270523371952793923e+02
1.271235729245244102e+02
1.273167403278022363e+02
1.275118589169724714e+02
1.275473322393656446e+02
1.276235679185509042e+02
1.276601696146982192e+02
1.274143127421193213e+02
1.276104169112316953e+02
1.279297140517493858e+02
1.283330444967166954e+02
1.284980247441582719e+02
1.287050754991500412e+02
1.286717934334845381e+02
1.285573671045298170e+02
1.280781485904345516e+02
1.276344935256911839e+02
1.275499934602939334e+02
1.276262560204990422e+02
1.279457131520189819e+02
1.283896092444637134e+02
1.285147568125894679e+02
1.286007644571610058e+02
1.284856206637987270e+02
1.280056774381810953e+02
1.273188660991730643e+02
1.275140061607803972e+02
1.277515213745257228e+02
1.279106276510364779e+02
1.279097249000367782e+02
1.276259847475115947e+02
1.275413987348607776e+02
1.273347461968290162e+02
1.275704507038675501e+02
1.276065158624924862e+02
1.275621372348411029e+02
1.278405426614556148e+02
1.283237804661166308e+02
1.285694752182995160e+02
1.288580557760599845e+02
1.290687432081410861e+02
1.287563062708501604e+02
1.284407134048989576e+02
1.282431448534329093e+02
1.276799442963969540e+02
1.272726710064619340e+02
1.272653242489514014e+02
1.275003275241933949e+02
1.274144722466595852e+02
1.272873457036970990e+02
1.270377229330271831e+02
1.271088110434618983e+02
1.274634454984471290e+02
1.275388338368144332e+02
1.276957917543581829e+02
1.278543351054122610e+02
1.278124597024366977e+02
1.279721815176122561e+02
1.277698803208208318e+02
1.280099801220413553e+02
1.284545253757990224e+02
1.285399246220195266e+02
1.283029541636560396e+02
1.277807617814705736e+02
1.277785472540109737e+02
1.272510578323344248e+02
1.267990483154892161e+02
1.267465134499886545e+02
1.264914277272618648e+02
1.267590179063251554e+02
1.272717352589139779e+02
1.272239750090040928e+02
1.268525000090953512e+02
1.265984848576718633e+02
1.263419038966379588e+02
1.263655594915538671e+02
1.263490499914685046e+02
1.263727777691599101e+02
1.264371492617773782e+02
1.265425750118967017e+02
1.264066414261578899e+02
1.261885266930889031e+02
1.260086128213025631e+02
1.261501139609113551e+02
1.263334484453647377e+02
1.259125741872375386e+02
1.257702769568053753e+02
1.254649262189952452e+02
1.252777032515105873e+02
1.253310133853643293e+02
1.248192054397620296e+02
1.249082883229917798e+02
1.245942306292847235e+02
1.244790208376609968e+02
1.243222432703650924e+02
1.242446901720856118e+02
1.242471617899853840e+02
1.241688502929147546e+02
1.244129800938533776e+02
1.244575556503568663e+02
1.246641976266232490e+02
1.243880784107305573e+02
1.237455337482125231e+02
1.235813472204167311e+02
1.236175224448653296e+02
1.238964873180458426e+02
1.236126134525716083e+02
1.235278923763353873e+02
1.231998912892271676e+02
1.232726174638659415e+02
1.230228459230969378e+02
1.233362080031286609e+02
1.234507151546746400e+02
1.233643587420955896e+02
1.228730896384812468e+02
1.223364541802835674e+02
1.223600547275590316e+02
1.221818734621812155e+02
1.217190641032134835e+02
1.212515799022352923e+02
1.212642221234703186e+02
1.211153758822934492e+02
1.206821978609024200e+02
1.203658564251534813e+02
1.202483398233876528e+02
1.202912523468562966e+02
1.204154064109659998e+02
1.202579862737032954e+02
1.204626123976800613e+02
1.204672852501819591e+02
1.205932174244262711e+02
1.205992095196225051e+02
1.208880904238607030e+02
1.210586771958188734e+02
1.212309870664838058e+02
1.210818051176601671e+02
1.210523284016767747e+02
1.211841701027039733e+02
1.205900708108120654e+02
1.199899705159718479e+02
1.197878490060321042e+02
1.198261101071033607e+02
1.200263738455588793e+02
1.202690644904630091e+02
1.199485499903670842e+02
1.197056060508758151e+02
1.190561677281573481e+02
1.188042098264215269e+02
1.186305149761833349e+02
1.183338535112964962e+02
1.182362156679760261e+02
1.180567835030061161e+02
1.179563469727334279e+02
1.178952999724578632e+02
1.175104040125839617e+02
1.174044484975596845e+02
1.171762106035952655e+02
1.166628389935306416e+02
1.159422616096269678e+02
1.156992541511382910e+02
1.156154082334729054e+02
1.154095032661343083e+02
1.153631346122570704e+02
1.149122571840977400e+02
1.148204618021190839e+02
1.148085472748678200e+02
1.148369164392603494e+02
1.142191075144042287e+02
1.137566742569740796e+02
1.133299739969436075e+02
1.132221959565084717e+02
1.130325211681904989e+02
1.125985062304952891e+02
1.124025315459549290e+02
1.126490217635908806e+02
1.124535573369601167e+02
1.118924821585457607e+02
1.112045274328746558e+02
1.107116438715906099e+02
1.105774180521118808e+02
1.106842606586986619e+02
1.102265259178773533e+02
1.102086120382600711e+02
1.099076889275353039e+02
1.096441302298336069e+02
1.092162931614481920e+02
1.090669627893413178e+02
1.087949119084257319e+02
1.083989009176018072e+02
1.083221221389919151e+02
1.075576991302950063e+02
1.074724233639340838e+02
1.076287104686203264e+02
1.073017277460812551e+02
1.069714421677587239e+02
1.060721638058166860e+02
1.055678422280977031e+02
1.053816588162608241e+02
1.047491503194549409e+02
1.041910609287427576e+02
1.042333948775178811e+02
1.042761564419368341e+02
1.039961176181181202e+02
1.031071895132506739e+02
1.023708984982330321e+02
1.020716146446798120e+02
1.020925400451314431e+02
1.018308485304354463e+02
1.019301500307429222e+02
1.013031818492354574e+02
1.013163453022578295e+02
1.010468134366240349e+02
1.009765792289131952e+02
1.008248275039527329e+02
1.009139671757099137e+02
1.007615830057675765e+02
1.005268515209772175e+02
9.984530456664390385e+01
9.935889350166040401e+01
9.919080151682842938e+01
9.906141567356398525e+01
9.880951078137785260e+01
9.863586947613941902e+01
9.850087825872657277e+01
9.796048308962275541e+01
9.757624554507349046e+01
9.747095509603397545e+01
9.724338898589263636e+01
9.636705958170973929e+01
9.556268644617161101e+01
9.495220853148644835e+01
9.453758437523893576e+01
9.387634785377662183e+01
9.345085641795611764e+01
9.334429941207696402e+01
9.319626203240100892e+01
9.264268892161720714e+01
9.252796860769397824e+01
9.184643293706463396e+01
9.148124539097442209e+01
9.091034887977218659e+01
9.053570593916361986e+01
9.039970296885236678e+01
9.018151815035605523e+01
8.979951328318792036e+01
8.917122553857366540e+01
8.881941973593288253e+01
8.838325225851808398e+01
8.798308308941203393e+01
8.733644756506278384e+01
8.640045208592208326e+01
8.589944655143641228e+01
8.563580459741044137e+01
8.520788343172786483e+01
8.477563983002806935e+01
8.393498972730107255e+01
8.300504012858681335e+01
8.210610113998674819e+01
8.188495064645120181e+01
8.109590974389014661e+01
8.066253509483865969e+01
8.038639908569560077e+01
7.978424150070247833e+01
7.865074899060873292e+01
7.795025150566544880e+01
7.736389040976295917e+01
7.673120243410400576e+01
7.633454791323643462e+01
7.605509890225897607e+01
7.565161505278692289e+01
7.508243944725941788e+01
7.483074691642354992e+01
7.433408779436727798e+01
7.387281595390651034e+01
7.324526864030961804e+01
7.208612993970659488e+01
7.152134337344114101e+01
7.131448825600122632e+01
7.078231136969813519e+01
7.036597108050317217e+01
6.950098088939708418e+01
6.858684938322934954e+01
6.806752462952454152e+01
6.717931780760056881e+01
6.636294728040468272e+01
6.618479523273205700e+01
6.547959114417385251e+01
6.492887994360985715e+01
6.413018176122207592e+01
6.356584016285052741e+01
6.218771733621273512e+01
6.136133064263912473e+01
6.105184913397887669e+01
6.001196882220099127e+01
5.916360487091009190e+01
5.826626754637382533e+01
5.744067428926651075e+01
5.688956998915809748e+01
5.609047473652324101e+01
5.548532801669014702e+01
5.434881617847493374e+01
5.324122846310606150e+01
5.216285703344045999e+01
5.127561316509139289e+01
5.041981127787014572e+01
4.939374876552537330e+01
4.876136238941963086e+01
4.808218423173706668e+01
4.723452952700708352e+01
4.633790861313855203e+01
4.531101880115004832e+01
4.411214020318182349e+01
4.318398000321403885e+01
4.265048485173134196e+01
4.190958065831445367e+01
4.128240470536817952e+01
4.048727748016993644e+01
3.936088634360603322e+01
3.834432964000603761e+01
3.711548448485461194e+01
3.635907523722689660e+01
3.515058104770390202e+01
3.413190004818577705e+01
3.346656570523813912e+01
3.243087444973543398e+01
3.158674186841965081e+01
3.077448673577741900e+01
2.975200680381557561e+01
2.851717858971266040e+01
2.775472584819460309e+01
2.686335944262083686e+01
2.580137317436445343e+01
2.489027593370146363e+01
2.368714740777927830e+01
2.283550243210027020e+01
2.161161861828309938e+01
2.025416022048797160e+01
1.860016183887672980e+01
1.745470892815832187e+01
1.649970598803870558e+01
1.553505655357444937e+01
1.427783490260045340e+01
1.276548980060650962e+01
1.071261596020859486e+01
9.002642384049089230e+00
6.952164024292000200e+00
5.769862650799995052e+00
4.656426919999992364e+00
3.168107999999998370e+00
2.109199999999999964e+00
1.080000000000000071e+00
