1.358149164234482953e+02
1.360554711347964201e+02
1.367024960957533892e+02
1.369520162583367267e+02
1.372848649074117020e+02
1.368533988963753245e+02
1.368216150468435046e+02
1.367895101483272242e+02
1.370399092407336070e+02
1.371312214552873172e+02
1.370214358134212205e+02
1.367893291044661908e+02
1.367164940449137305e+02
1.368853475201159426e+02
1.370155025455719056e+02
1.373893965106781536e+02
1.376458550612912575e+02
1.377836919811026632e+02
1.382057494758605571e+02
1.384300499756172371e+02
1.388586363390080010e+02
1.388875114535433966e+02
1.384722337914574837e+02
1.380527614055120011e+02
1.379522842479932478e+02
1.377699840888815288e+02
1.377474586756372616e+02
1.376438976521582163e+02
1.375392905577369902e+02
1.377972631896334690e+02
1.379770335248815059e+02
1.382798318433152645e+02
1.383028604477929377e+02
1.387301620684781369e+02
1.391213758267455205e+02
1.392741169967128769e+02
1.393475929259719521e+02
1.395430231575475375e+02
1.400232557146936756e+02
1.399022784996908513e+02
1.395780590905966960e+02
1.391293526167648906e+02
1.394437905219847664e+02
1.394785762848325419e+02
1.393925012978107247e+02
1.394267689876879501e+02
1.396634030178666706e+02
1.399832353715833335e+02
1.398214498702857895e+02
1.398600503740256045e+02
1.401010609838639311e+02
1.400616777614793591e+02
1.398602805671505962e+02
1.393740207749003730e+02
1.394081017928281199e+02
1.391596987806338745e+02
1.392724230107423580e+02
1.395479020310525584e+02
1.397049515465173499e+02
1.397827793399175675e+02
1.394169488281997360e+02
1.394514634628266379e+02
1.395671348109366647e+02
1.395627624352907219e+02
1.395583458942328718e+02
1.392306524184157865e+02
1.395865175943598047e+02
1.396631490852120123e+02
1.397405546315272602e+02
1.398187420520484636e+02
1.398573152040886214e+02
1.403407224283722314e+02
1.405865883114879864e+02
1.402692811227147729e+02
1.403528092148624751e+02
1.401139487018827197e+02
1.400342916180629800e+02
1.401558501192540689e+02
1.401170203224800446e+02
1.401990104267477193e+02
1.400394044714620350e+02
1.396761661327898878e+02
1.394304708412023786e+02
1.389802735769725643e+02
1.389699733100725041e+02
1.393232053637097749e+02
1.397608134986968196e+02
1.392735489885824620e+02
1.388217666551337288e+02
1.390118855102355440e+02
1.394867530406412754e+02
1.396835889299417488e+02
1.399228171009516757e+02
1.402048657585369256e+02
1.404897633924612137e+02
1.406159226186484261e+02
1.405817400188363138e+02
1.405068080998341884e+02
1.403907152523580351e+02
1.405562780326857251e+02
1.406023010431163129e+02
1.409316172152693980e+02
1.409410274901706828e+02
1.408697247375468464e+02
1.405148734722693007e+02
1.400756297699690265e+02
1.399955856262303939e+02
1.403591774002331931e+02
1.403628054547810109e+02
1.400836418735165410e+02
1.402056988621383482e+02
1.399249483455932079e+02
1.398837862076705676e+02
1.395997840481514913e+02
1.393533172203557342e+02
1.395488052730870550e+02
1.397866719930171939e+02
1.396229010030472466e+02
1.392554555586331162e+02
1.392883389481146992e+02
1.394023625738533383e+02
1.392751137109624722e+02
1.394294077888504262e+02
1.392216240291421059e+02
1.395369939688301884e+02
1.395323171402333458e+02
1.391639567073058572e+02
1.393575320275809020e+02
1.388257899268513711e+02
1.389755453806572518e+02
1.391268135158153427e+02
1.391583974907231038e+02
1.392307045360824134e+02
1.390209136728109911e+02
1.390918319927393441e+02
1.390422545381192663e+02
1.389113682203222311e+02
1.389811800205279724e+02
1.393749293136649783e+02
1.397322518319841151e+02
1.394871230626114880e+02
1.391183061238492655e+02
1.391498041655041789e+02
1.393028324904083206e+02
1.395382146367767291e+02
1.395335501381571817e+02
1.395288385233925226e+02
1.394432712357494779e+02
1.390740113492416015e+02
1.392262740901429652e+02
1.387336101920638498e+02
1.383975860525898440e+02
1.385430162147373494e+02
1.383262790047851922e+02
1.381073525300865867e+02
1.380478308384707873e+02
1.381897281196675920e+02
1.382926546663312877e+02
1.384370249154852957e+02
1.383404292075602768e+02
1.382428577854149410e+02
1.383463209953688988e+02
1.383700212074437275e+02
1.387171931388323003e+02
1.382597910493255711e+02
1.377573646962888461e+02
1.374518835316048353e+02
1.375877611430344700e+02
1.377250112555900046e+02
1.377020315713037917e+02
1.378808399710135291e+02
1.383038787585997227e+02
1.384483623824238805e+02
1.385539013963881132e+02
1.384584862589774730e+02
1.386853396555324025e+02
1.386720602581141009e+02
1.384970305637520767e+02
1.383606369330825032e+02
1.379804413465491848e+02
1.375964054005537207e+02
1.376125307076298441e+02
1.374672027349789971e+02
1.369971744797773567e+02
1.367648227068461892e+02
1.370149724311575312e+02
1.371060327587448171e+02
1.371576088472173751e+02
1.374925341891087669e+02
1.372651860496042957e+02
1.371163495450545042e+02
1.372892419647021427e+02
1.372618605704064123e+02
1.373554147175822777e+02
1.370862774925068095e+02
1.371780580732402655e+02
1.373919778517580426e+02
1.377696745977352464e+02
1.377067420179138821e+02
1.373199414322365612e+02
1.370908499315519578e+02
1.368190403349008193e+02
1.363828690251528144e+02
1.361443121466189723e+02
1.359033456026455156e+02
1.353771167703486071e+02
1.348455724953015249e+02
1.348743156518199555e+02
1.349033491432529104e+02
1.350942920638914870e+02
1.351659515796890219e+02
1.351979308885749163e+02
1.353110413015905635e+02
1.353444861632225980e+02
1.355398850133564679e+02
1.357372575892487987e+02
1.360174319083317016e+02
1.362600322306372504e+02
1.363838709400373546e+02
1.365089605454935509e+02
1.366353136823170189e+02
1.370457713962795196e+02
1.372987589861402569e+02
1.373926858445865378e+02
1.375279654995830469e+02
1.377454196965484243e+02
1.380054744409573573e+02
1.382277519605630971e+02
1.386138908692559824e+02
1.390039301709662141e+02
1.390746769403694429e+02
1.391461383236052711e+02
1.395819579026317001e+02
1.400221796996275714e+02
1.398203835349778217e+02
1.397377611464429208e+02
1.399775365115577870e+02
1.404217540520787679e+02
1.405876303556347864e+02
1.405531619753884058e+02
1.410435979549376952e+02
1.410945433888259117e+02
1.414288317058853579e+02
1.414432643493794046e+02
1.413366306559381940e+02
1.415521521777159251e+02
1.410425779572884437e+02
1.406894726841302941e+02
1.402923966506357374e+02
1.404165622733693510e+02
1.408248103771416595e+02
1.407119296738802348e+02
1.405575047210910213e+02
1.405631360819098745e+02
1.407708445271818221e+02
1.411018631587692767e+02
1.411533971300700330e+02
1.414074718485563267e+02
1.415429008571269662e+02
1.418817180375027647e+02
1.418199172095988558e+02
1.413938557672719583e+02
1.409230866336078236e+02
1.409728147814207375e+02
1.407806209913341888e+02
1.404248696882172283e+02
1.403483532204214157e+02
1.407155083034557492e+02
1.402378871752073621e+02
1.401998860355629688e+02
1.399190768035999781e+02
1.401606836399994904e+02
1.407279632727253897e+02
1.411393568411376691e+02
1.413528856981189108e+02
1.412049350486049377e+02
1.406514495440460166e+02
1.401731813576210754e+02
1.403365468258803617e+02
1.400975220463444941e+02
1.397752747942870997e+02
1.394901765598861232e+02
1.392021985453397690e+02
1.392749480255953358e+02
1.389847959854496651e+02
1.388533292782317119e+02
1.389629588669004363e+02
1.390736958251523276e+02
1.393471675001543133e+02
1.395021893940949269e+02
1.399820094889848860e+02
1.399414237262464269e+02
1.405064886123709300e+02
1.407944329417894380e+02
1.408428615573627951e+02
1.406897591488510670e+02
1.403330900493444915e+02
1.404980707569136484e+02
1.405031017746608200e+02
1.406293957319800256e+02
1.410397936686661069e+02
1.406866602713801626e+02
1.406127881529095021e+02
1.404977658110199457e+02
1.402603695060806501e+02
1.398185550566472841e+02
1.393318737945933776e+02
1.387190644389831391e+02
1.383828933727101287e+02
1.382049428007173333e+02
1.384696391926426884e+02
1.388178173663064001e+02
1.386442599659669668e+02
1.384285454201684047e+02
1.382914600203719431e+02
1.383146060811839675e+02
1.379339455365493166e+02
1.377514601379289445e+02
1.378095556948779574e+02
1.378278340352291309e+02
1.380887212477068999e+02
1.379482032805129847e+02
1.379678821015275787e+02
1.382301839409371667e+02
1.382931150918559524e+02
1.388819344362179606e+02
1.389514489254726755e+02
1.388196453792657508e+02
1.386057024032976983e+02
1.390360630336344627e+02
1.394303667006413434e+02
1.392629966673140416e+02
1.388919158255696402e+02
1.391231472985562050e+02
1.393567144429852078e+02
1.394310246898837136e+02
1.394656815049337695e+02
1.392582641463974369e+02
1.392911759054517802e+02
1.390011877832844505e+02
1.384254422053385269e+02
1.381267092983212876e+02
1.383098073720415471e+02
1.386159670424666785e+02
1.389656232752186895e+02
1.392784073487057981e+02
1.394327346956623046e+02
1.395482168643052603e+02
1.399880978427330831e+02
1.403112099421541927e+02
1.401527373153070926e+02
1.396290275912191134e+02
1.395444723143633610e+02
1.399035073882459699e+02
1.403065731194393777e+02
1.401076496155956761e+02
1.399875248642390204e+02
1.400278028931710423e+02
1.403917200941113776e+02
1.403552728223352233e+02
1.401164371942768696e+02
1.395519567618968892e+02
1.393050068302000284e+02
1.395808149799985358e+02
1.393341565454528563e+02
1.390446025711651146e+02
1.389945480516816190e+02
1.391056040926073081e+02
1.390157617097045488e+02
1.390058199087917501e+02
1.391977978876687700e+02
1.397149473612821851e+02
1.397928761225074652e+02
1.400332082045525510e+02
1.402355638429826286e+02
1.406419836797798553e+02
1.402848319997779356e+02
1.400048808078564377e+02
1.401261422301586492e+02
1.400870123536941207e+02
1.404111235895914263e+02
1.405768925147392281e+02
1.406231237522605682e+02
1.409526502548091855e+02
1.413663133886966250e+02
1.409760741299965332e+02
1.407031051818147773e+02
1.409930355371859889e+02
1.410434702395822342e+02
1.408923941813962131e+02
1.407397921024200969e+02
1.402220122246680774e+02
1.399010224491588872e+02
1.399000226759173984e+02
1.401818410867862497e+02
1.401432738250358909e+02
1.402659331566024434e+02
1.405110435925277272e+02
1.406778218106342990e+02
1.404826482935695253e+02
1.405683316096669557e+02
1.409781127370364686e+02
1.409879926636733671e+02
1.407555481451255446e+02
1.409247961061869603e+02
1.406513091981680077e+02
1.403750597961290509e+02
1.398939997940710214e+02
1.400141412061317965e+02
1.402567082890215033e+02
1.401784932212337367e+02
1.403823163850852040e+02
1.405881983687731918e+02
1.409577761300734551e+02
1.410078546768419869e+02
1.411392471483252962e+02
1.410699466144700978e+02
1.411615622368383356e+02
1.410116790271093237e+02
1.404966454819290220e+02
1.404208540221501380e+02
1.407483373961111113e+02
1.409175125213248236e+02
1.409267803245704158e+02
1.410977579036065208e+02
1.407452100036422564e+02
1.405507171753972671e+02
1.407178961367642103e+02
1.406039354916814546e+02
1.402868035269507629e+02
1.400472762898491226e+02
1.396437134240899525e+02
1.397209226505964637e+02
1.400009319702988648e+02
1.401625575457566413e+02
1.403662197431885090e+02
1.406123431749383315e+02
1.406185284595327403e+02
1.404631600601345554e+02
1.405890505657939684e+02
1.405950005715080806e+02
1.409242430015232799e+02
1.408123666682057831e+02
1.408609764325309470e+02
1.413545216490208247e+02
1.415702238878992887e+02
1.416264887756559574e+02
1.414408977531882101e+02
1.412534320739273994e+02
1.415893253271989920e+02
1.414841669971711724e+02
1.417819868658290829e+02
1.420020069351808445e+02
1.420626332678596668e+02
1.423258921897576101e+02
1.421069618078358872e+02
1.416029917250870938e+02
1.411747391162493841e+02
1.405401405214642523e+02
1.405455964863274971e+02
1.403086833195223164e+02
1.402713972924466930e+02
1.404357548408557079e+02
1.407633887281362206e+02
1.412155441698346010e+02
1.415914587574098391e+02
1.418095543004134527e+02
1.414641962630434477e+02
1.411557538010538053e+02
1.406017715162159618e+02
1.406886580971878118e+02
1.406552101991803170e+02
1.403385961607879722e+02
1.403016122836241379e+02
1.403854669531556567e+02
1.401065322759151854e+02
1.398247800766822309e+02
1.397017980572543365e+02
1.396987859164184158e+02
1.398573595115347530e+02
1.398559186985188489e+02
1.401776956550691580e+02
1.403411067222921815e+02
1.405869764871643213e+02
1.401888651385492608e+02
1.396251163015649581e+02
1.397829457591567177e+02
1.400231775345016558e+02
1.401850278126280216e+02
1.395404321339681246e+02
1.384448809434021541e+02
1.381463443872745529e+02
1.385316609972468598e+02
1.385572333305526911e+02
1.385830639702550684e+02
1.386899636063178889e+02
1.383939026326442274e+02
1.382160632652976631e+02
1.384808719851486103e+02
1.389099717021707647e+02
1.392221936385563765e+02
1.396183774126832873e+02
1.396549266794777111e+02
1.391665926055332534e+02
1.391177703086194128e+02
1.393916871804241850e+02
1.390219062428521397e+02
1.389312184271237243e+02
1.385163822496196815e+02
1.382993760097170082e+02
1.386862383936532410e+02
1.387133721148013876e+02
1.385791637523246891e+02
1.381607714669946176e+02
1.377785570373685573e+02
1.375945020579477784e+02
1.376106081393413376e+02
1.379501092316575637e+02
1.381314234663206548e+02
1.379509327942636219e+02
1.380918513073365261e+02
1.385574255629663298e+02
1.380176015787542099e+02
1.379571733118727650e+02
1.383405791029019838e+02
1.385258374776786638e+02
1.387129671491700549e+02
1.383767344941110480e+02
1.384815499940515906e+02
1.386278282768204235e+02
1.387755841179998129e+02
1.389652364828282884e+02
1.389951883664936361e+02
1.391466549156500605e+02
1.390976312279294973e+02
1.387652840686155571e+02
1.386316000693086607e+02
1.388197980498067636e+02
1.392119172220268126e+02
1.391231487091183396e+02
1.389122714233521094e+02
1.388608802256079002e+02
1.383645254804119133e+02
1.379843691721330856e+02
1.378023931031648033e+02
1.373761546496613732e+02
1.376728834845057747e+02
1.376089732166729220e+02
1.375848214309829700e+02
1.380048701323060527e+02
1.379039092245515690e+02
1.378827365904559770e+02
1.381845824146017776e+02
1.380450327420226984e+02
1.374596290323460153e+02
1.373531606387336694e+02
1.374880410492258136e+02
1.378263040901261718e+02
1.382891960506332225e+02
1.383123192430637687e+02
1.378912315586497925e+02
1.374658904632833867e+02
1.372382731952350241e+02
1.371295688840757521e+02
1.370601705899761384e+02
1.369496672626020484e+02
1.366764315783857455e+02
1.359963955337230743e+02
1.355115106401238450e+02
1.353045562021459034e+02
1.353379355577235117e+02
1.355736722805278873e+02
1.358521942227554007e+02
1.361739335583395700e+02
1.366201349074130462e+02
1.364243786943575003e+02
1.365094734286437870e+02
1.362317913420637296e+02
1.366381730727920569e+02
1.365638111846387517e+02
1.363270820046852521e+02
1.362899818229143136e+02
1.363737190130449903e+02
1.362158777909546643e+02
1.363796745363181913e+02
1.365047217538563302e+02
1.367118401554104139e+02
1.368402425812224408e+02
1.372123662436593747e+02
1.370225921653122612e+02
1.369925173386992583e+02
1.363964821603017583e+02
1.363600829902042051e+02
1.362425080709133738e+02
1.360429374453673006e+02
1.362049873185524120e+02
1.366515023419720194e+02
1.368196993353254527e+02
1.368279791265917709e+02
1.370383627541326916e+02
1.372104674284171892e+02
1.372630984125424334e+02
1.373566650631743187e+02
1.372491566294680183e+02
1.372213703327963970e+02
1.371933033664615493e+02
1.373669730974355616e+02
1.377040132297330217e+02
1.376808214441750806e+02
1.378190115597720080e+02
1.380798096563358968e+02
1.381816259154912814e+02
1.377592180964552995e+02
1.377365839358136554e+02
1.372288726624382207e+02
1.370796693559983623e+02
1.368481508646446798e+02
1.370991422875203511e+02
1.370698406944646308e+02
1.368786269641057345e+02
1.369279060243495678e+02
1.368564707316659224e+02
1.368247179107735860e+02
1.369542605159327024e+02
1.366002631474064515e+02
1.364851142903095251e+02
1.367324386770804949e+02
1.371438774515971204e+02
1.369938156076738096e+02
1.363169854622962305e+02
1.362393792548452609e+02
1.366054335907530799e+02
1.368943773643972293e+02
1.374286640044415151e+02
1.369986505095367306e+02
1.368067176864007308e+02
1.367744623094955898e+02
1.367822851611060173e+02
1.367093789506124040e+02
1.369993726773862761e+02
1.369286592700876781e+02
1.368572315859468915e+02
1.369871026120670763e+02
1.371586895071390870e+02
1.369683732395345714e+02
1.368569426661966020e+02
1.364615582486830760e+02
1.364258164128111446e+02
1.359856731442534681e+02
1.357027001457109918e+02
1.353764647936480969e+02
1.352893583774209958e+02
1.358882407852746041e+02
1.361699401871464090e+02
1.362928688759047020e+02
1.365382513898031220e+02
1.361800519088915280e+02
1.361414665746379740e+02
1.361832995703416600e+02
1.359023227983249171e+02
1.352952755538635188e+02
1.352477530847100695e+02
1.358462152370814238e+02
1.363295103404863085e+02
1.363732427681679269e+02
1.368214573415840789e+02
1.368297548904887435e+02
1.367169241318067066e+02
1.366837617493002597e+02
1.366906684336362048e+02
1.367380489228649196e+02
1.370687362857219966e+02
1.370391275613352207e+02
1.372112399609448801e+02
1.372234747080246677e+02
1.373570451596212649e+02
1.376535809693141061e+02
1.379127080498126361e+02
1.375279879291034320e+02
1.373414019485891799e+02
1.375569716652421732e+02
1.380979511770125612e+02
1.384423749262754200e+02
1.379821968952267639e+02
1.378001988840680383e+02
1.380204029132001438e+02
1.381216191042421713e+02
1.379814334386288692e+02
1.376378115541704972e+02
1.376543551052220380e+02
1.375902576820429886e+02
1.374851087697404637e+02
1.378233421916567636e+02
1.379225678703604956e+02
1.376591594650102479e+02
1.372718782474857164e+02
1.372847255025107813e+02
1.377421469722332290e+02
1.378809565376084265e+02
1.380211682198067251e+02
1.373143113331384768e+02
1.369639508415537819e+02
1.363676271126806512e+02
1.362905324370515814e+02
1.364954873101536350e+02
1.370661487981341224e+02
1.371981300991254216e+02
1.365637677768945366e+02
1.363270381584793256e+02
1.361687254126056814e+02
1.359684095076827646e+02
1.361701106138203841e+02
1.359294046604246375e+02
1.356458632933585022e+02
1.353594578720789059e+02
1.349893513859384200e+02
1.350195468544833375e+02
1.346056028833161804e+02
1.340662655387035329e+02
1.340467328673771874e+02
1.335825584518962046e+02
1.333157156079758749e+02
1.328037531393693200e+02
1.323270233731010421e+02
1.323303266394956665e+02
1.325760875146419551e+02
1.327031187016589229e+02
1.325890087895545264e+02
1.323121300904590782e+02
1.319516465560190568e+02
1.319915621777965953e+02
1.319510729068655337e+02
1.315869423301674885e+02
1.315827700304719201e+02
1.314573434651230741e+02
1.312902459243670705e+02
1.310810564892593959e+02
1.310717742315750911e+02
1.315876507389649248e+02
1.319067179181459721e+02
1.322290079981273152e+02
1.326757656546745068e+02
1.330058238936106250e+02
1.330967918117282238e+02
1.327038301128567639e+02
1.323877071847033449e+02
1.318663708936400951e+02
1.311377483774143116e+02
1.309674226034484832e+02
1.309165884883319677e+02
1.309056449377091553e+02
1.314602474118277371e+02
1.315356034462903096e+02
1.315309125720101520e+02
1.313241541131415318e+02
1.315193475890321793e+02
1.314740884737697115e+02
1.312667560341108128e+02
1.316229858930414025e+02
1.314979655485267926e+02
1.309676419682090227e+02
1.306743858264735820e+02
1.302973594206802090e+02
1.302801610309901434e+02
1.301011727585758138e+02
1.298395684430061863e+02
1.299389580232387971e+02
1.300797555790288698e+02
1.299391470495244221e+02
1.301607545954789202e+02
1.303037925206861871e+02
1.305290833542282769e+02
1.303526094487148157e+02
1.303763731805204884e+02
1.305619931116368946e+02
1.299818112238755248e+02
1.293957689130058384e+02
1.287634029424297637e+02
1.282458615580097785e+02
1.277634965232423525e+02
1.275186833568102855e+02
1.271501852088994440e+02
1.265355406150503796e+02
1.262379198131821312e+02
1.262605250638203103e+02
1.260409344078991865e+02
1.254958933413123248e+02
1.254705993346586581e+02
1.255662619542003569e+02
1.255416787416165363e+02
1.258400795369865648e+02
1.252930096333196843e+02
1.248616258922422873e+02
1.246279049416587839e+02
1.247150554966246574e+02
1.246414701986114721e+02
1.246479496955664814e+02
1.247353027227946427e+02
1.244599017401970258e+02
1.242625270102998485e+02
1.241843707174746356e+02
1.240650209267419797e+02
1.242272938653958363e+02
1.241083776418141014e+02
1.241902804462769438e+02
1.243134145921986402e+02
1.238721359517160039e+02
1.235072080320363597e+02
1.234214222545818131e+02
1.236984063177598330e+02
1.236145518361205689e+02
1.233278301374956243e+02
1.231190203409045409e+02
1.231909296372776055e+02
1.234251814517953960e+02
1.232981630826215422e+02
1.221597606895168298e+02
1.211714754439563393e+02
1.205772479231884375e+02
1.207042908315031440e+02
1.205497887186900527e+02
1.205149380996869866e+02
1.199544829289768728e+02
1.196307908373502471e+02
1.189805968054042893e+02
1.187278755610143861e+02
1.186342177383982062e+02
1.184588057963618297e+02
1.184432381781433463e+02
1.181850890688313456e+02
1.177223121907388332e+02
1.177397092835750101e+02
1.173936457409844252e+02
1.167208542838230159e+02
1.164453073573969419e+02
1.156417246034310153e+02
1.149512369731629917e+02
1.146578151244071648e+02
1.141594092165725840e+02
1.138983931480532732e+02
1.135539324727811987e+02
1.134484166391728621e+02
1.136246632718917624e+02
1.136006699716078003e+02
1.135764343147551756e+02
1.135519538532884525e+02
1.132039937912002614e+02
1.129737311022223594e+02
1.122966980830532151e+02
1.119764627101546068e+02
1.114509724344994055e+02
1.110817903378782461e+02
1.110725154928064455e+02
1.108207227200060885e+02
1.105259825454611189e+02
1.101070530762230959e+02
1.099667202790131881e+02
1.095825457363771562e+02
1.094773189256335542e+02
1.092902211370036838e+02
1.091012334717210450e+02
1.091123570421420510e+02
1.089619768102445931e+02
1.090929058689340678e+02
1.086190968373070120e+02
1.083829260982898859e+02
1.079827536346362820e+02
1.073765188228647816e+02
1.069257765887523988e+02
1.061068450391437494e+02
1.054816616557006483e+02
1.052542036926269589e+02
1.051860643359871972e+02
1.049152165009969053e+02
1.043588045464614709e+02
1.039583884307691193e+02
1.036347357886557461e+02
1.035502381703593642e+02
1.035456951215749370e+02
1.029350455773484470e+02
1.026414601791398837e+02
1.022236971506466006e+02
1.015592900511580297e+02
1.010497879304625712e+02
1.004543312428915698e+02
9.969124367968814227e+01
9.908206432291764543e+01
9.862834780092678955e+01
9.841247252618855157e+01
9.754795204665498431e+01
9.719995156227808764e+01
9.644439551745250583e+01
9.584282375500251305e+01
9.580083207576026894e+01
9.490993138965677645e+01
9.449488019157256247e+01
9.415644463795206320e+01
9.357216630096152699e+01
9.318400636460792441e+01
9.291313774202804154e+01
9.263953307275545512e+01
9.216114451793477258e+01
9.179913587670176867e+01
9.159508674414323082e+01
9.146978459004385797e+01
9.126240867681208613e+01
9.085091785536563691e+01
8.962718975289453738e+01
8.867392904332774606e+01
8.831710004376543566e+01
8.775464650885403728e+01
8.726731970591303877e+01
8.637103000597282687e+01
8.570811111714428421e+01
8.487687991630755846e+01
8.395644435990645604e+01
8.290549935344076005e+01
8.172272661963717155e+01
8.097245113094682267e+01
8.073984962721880265e+01
8.042409053254419860e+01
8.018595003287303769e+01
7.966257579078096285e+01
7.933593514220301302e+01
7.856155064868988802e+01
7.786015217039367542e+01
7.715166885898356952e+01
7.651683723129657722e+01
7.591599720332986578e+01
7.522828000336349419e+01
7.445280808420557150e+01
7.330586675172281730e+01
7.247057247648777434e+01
7.162684088534102500e+01
7.117862715691006770e+01
7.064507793627292642e+01
6.970209892552817621e+01
6.923444335911933933e+01
6.868125591830255416e+01
6.727399587707316186e+01
6.637777361320527802e+01
6.587653900323766720e+01
6.537024141741171945e+01
6.502044587617348270e+01
6.418226856179137485e+01
6.297198844625394543e+01
6.203231156187270301e+01
6.124475915340684651e+01
5.992399914485531554e+01
5.879191832813663154e+01
5.764840235165319626e+01
5.649333570874061650e+01
5.516498556438448730e+01
5.394442986301474008e+01
5.287316147779264952e+01
5.203349644221484738e+01
5.167019842647970052e+01
5.122242265300980790e+01
5.077012389192906738e+01
4.942436756760517369e+01
4.842865410869210052e+01
4.734207485726482645e+01
4.616371197703522000e+01
4.477142623942952326e+01
4.328426892871667064e+01
4.230734235223908257e+01
4.148216399216071437e+01
4.060824645672801836e+01
3.956388530982620466e+01
3.854937910083459229e+01
3.768624151599458827e+01
3.705680961211569979e+01
3.621899960819767728e+01
3.529191879615925842e+01
3.411304928904974076e+01
3.247782756469671028e+01
3.102810865120878248e+01
3.000819055677652614e+01
2.913958642098637952e+01
2.834301658685494729e+01
2.717476422914639755e+01
2.542905477691553173e+01
2.394854017870256158e+01
2.285711129161875732e+01
2.163344574910984974e+01
2.047822802940386566e+01
1.906891720141806346e+01
1.736254262769501366e+01
1.580054810878283966e+01
1.430358394826549073e+01
1.262988277602574705e+01
1.106048765255125765e+01
9.838876416718424167e+00
8.928157996685284203e+00
7.806220198672001231e+00
6.390121412799996570e+00
5.080930719999991574e+00
3.879727999999996069e+00
2.747200000000000308e+00
1.280000000000000027e+00
