1.318322091671621195e+02
1.319517264314770273e+02
1.325168953853311109e+02
1.328049448336673208e+02
1.331363079127946776e+02
1.333902100129235748e+02
1.328790000130543376e+02
1.326858585990457300e+02
1.329756147465098195e+02
1.331470856025351566e+02
1.329970561641769393e+02
1.332899557213901289e+02
1.327777330519100474e+02
1.326643768201115847e+02
1.325498755758692937e+02
1.325958339150205916e+02
1.323998322373940084e+02
1.325654871084793456e+02
1.328136233418978804e+02
1.333470942847453387e+02
1.336839336209550311e+02
1.335797309302575115e+02
1.334340716467246466e+02
1.332465370168943934e+02
1.326530676938315310e+02
1.324576441351836991e+02
1.321390344799840193e+02
1.320192267474589016e+02
1.323830573206654719e+02
1.325081387077430293e+02
1.330385239472148271e+02
1.332914383305201795e+02
1.334660993237571347e+02
1.333596962866234890e+02
1.332926225117409444e+02
1.333460833451937901e+02
1.332788720658515444e+02
1.336554263291428413e+02
1.337529558880232230e+02
1.334070261495189129e+02
1.335828546964831105e+02
1.334372269661446353e+02
1.336133605718631543e+02
1.335084450220846293e+02
1.333216616384691804e+02
1.334158198368371870e+02
1.334705250877148046e+02
1.335257829168831734e+02
1.338240231483671607e+02
1.339636597458254528e+02
1.341047068139660325e+02
1.342067745595602446e+02
1.342290652116775220e+02
1.345748133451296553e+02
1.347220336819487159e+02
1.346687208908573723e+02
1.344936574655114896e+02
1.338319772378906691e+02
1.338100780180717209e+02
1.339495737556277390e+02
1.340904785410384932e+02
1.341115944858977969e+02
1.343349439251491333e+02
1.346817615405545894e+02
1.349108702429844300e+02
1.351826972151359882e+02
1.352552497122597401e+02
1.352073229416757556e+02
1.349972959006824453e+02
1.351487837380624342e+02
1.349381653919820394e+02
1.351294599919020527e+02
1.350398585776789560e+02
1.346665238158363991e+02
1.343298220361980668e+02
1.346361838749490971e+02
1.347032160353011250e+02
1.346901172073744419e+02
1.345556739468438820e+02
1.346218928755989737e+02
1.346079726016158702e+02
1.345535076783996828e+02
1.349025330084850509e+02
1.352954878873582061e+02
1.356116039266242979e+02
1.350016201279032657e+02
1.345470910382863110e+02
1.349364555942289030e+02
1.348853086810387651e+02
1.349952612939788992e+02
1.352275366605850593e+02
1.352601380409939225e+02
1.352930687282776603e+02
1.357707764932096950e+02
1.360916934274845858e+02
1.362946398257420242e+02
1.358531715411533014e+02
1.361345167082355374e+02
1.362570875840763733e+02
1.362192803879563030e+02
1.364639195837947057e+02
1.366706258422163103e+02
1.368794200426428347e+02
1.367670909521638976e+02
1.369364555072359906e+02
1.367842984921586265e+02
1.366306045375327187e+02
1.367581864015484143e+02
1.370082690924737676e+02
1.371396657499741991e+02
1.370299654040136659e+02
1.366363286909227384e+02
1.367235643342658022e+02
1.368520851861273400e+02
1.371435203900270494e+02
1.373570913030577572e+02
1.376132235384422131e+02
1.378719429681243298e+02
1.380928716849727493e+02
1.383968400858316272e+02
1.387442829149815111e+02
1.386507908232135264e+02
1.384351422456692546e+02
1.382173153996665746e+02
1.382801165653194175e+02
1.383031480457768794e+02
1.375587353997752302e+02
1.376148842421984000e+02
1.377524083254521372e+02
1.379721296216683015e+02
1.384768986077455963e+02
1.388251501088346060e+02
1.385304546553880130e+02
1.386772269246350220e+02
1.384214413380145459e+02
1.384459003414280858e+02
1.381069700418479158e+02
1.382090606483306487e+02
1.382717784326567312e+02
1.379310893259163038e+02
1.377485750766832950e+02
1.368369445219021827e+02
1.366837823453551835e+02
1.367310932781375641e+02
1.366172659375122009e+02
1.363810767045575005e+02
1.363849259642000789e+02
1.363080060244444098e+02
1.364323293176200877e+02
1.365579084016370075e+02
1.363615236380165356e+02
1.361631551899162105e+02
1.360839951413293534e+02
1.362060556983121558e+02
1.360869249477908909e+02
1.362090150987783375e+02
1.364131465644224477e+02
1.362557036004263864e+02
1.361774783842702448e+02
1.364216953376460708e+02
1.366683791289348733e+02
1.362710900292275369e+02
1.363546363931590406e+02
1.365602387809692857e+02
1.366063017989584978e+02
1.364912139383419856e+02
1.359305191296390092e+02
1.358894132622615984e+02
1.363731447093545910e+02
1.365385300094500849e+02
1.364631616257066469e+02
1.366294561875830311e+02
1.370802587753352668e+02
1.369295543185206441e+02
1.369793477964853707e+02
1.367468159560457650e+02
1.365927433899459231e+02
1.363967104948950748e+02
1.367643540352467539e+02
1.365700545810585140e+02
1.367778329101591055e+02
1.370281140506662894e+02
1.372001152026927286e+02
1.374142577804973655e+02
1.375093512934330136e+02
1.373225770640731298e+02
1.374571485495689842e+02
1.376334833834031315e+02
1.378924074579829266e+02
1.378307146040235693e+02
1.378492066707300410e+02
1.378678855259902605e+02
1.375635207333237418e+02
1.374581017508313039e+02
1.377152542937699025e+02
1.378133881755252901e+02
1.380337254298229936e+02
1.381754802321443378e+02
1.382378588203480376e+02
1.381796553740886111e+02
1.379996518930199159e+02
1.383430827202225828e+02
1.385687704244666349e+02
1.388775458832992911e+02
1.391490362457577987e+02
1.388576123694515729e+02
1.386440528984364846e+02
1.382263160590258622e+02
1.382488041000268026e+02
1.379886910101272122e+02
1.375643343536640657e+02
1.371760953067317814e+02
1.367839346532641684e+02
1.370746814679436909e+02
1.373279610787315335e+02
1.374221829078093720e+02
1.373557403109183497e+02
1.375714548595136364e+02
1.372640958176909294e+02
1.372364604219099533e+02
1.378146064867780467e+02
1.381561681684625853e+02
1.378951193620832498e+02
1.376314336990728293e+02
1.377691249485588969e+02
1.379486110591513182e+02
1.382511222819698276e+02
1.378698204868391031e+02
1.377270914008477405e+02
1.373000923240888085e+02
1.369899922465546354e+02
1.368383760066196828e+02
1.367256323299196765e+02
1.366521538686053532e+02
1.366991453218232948e+02
1.369890356786091843e+02
1.372818542208177348e+02
1.373756103240578739e+02
1.376319296202605358e+02
1.376484137578391369e+02
1.375034482402418519e+02
1.372762103436784002e+02
1.370870811552305781e+02
1.364920011669001383e+02
1.362141425928282956e+02
1.357314571644725163e+02
1.355671284489623076e+02
1.354415438878409077e+02
1.351530746341825306e+02
1.350233077112959563e+02
1.346902098093895290e+02
1.345961715246362758e+02
1.348244156814504038e+02
1.350549653347986236e+02
1.354090558937367348e+02
1.351202584785214640e+02
1.347073317964859882e+02
1.346134664610974028e+02
1.348014812738356341e+02
1.352338194685203518e+02
1.356705247156777432e+02
1.356267926420985646e+02
1.355018107495950517e+02
1.357392027773688028e+02
1.361406088660280034e+02
1.359804129959882175e+02
1.361822353494828235e+02
1.361436720701854313e+02
1.363875475456411266e+02
1.365934823693347937e+02
1.367610933023580344e+02
1.372132255579383013e+02
1.371446722807454250e+02
1.368734063441860656e+02
1.365185922668545686e+02
1.365238305725814882e+02
1.365291217904857319e+02
1.363324462530171104e+02
1.362954002555722752e+02
1.365004042985573278e+02
1.366670750490482931e+02
1.361081566152013238e+02
1.355839965810107799e+02
1.352565622030407724e+02
1.356934971747883480e+02
1.360540375502908432e+02
1.359333712629207298e+02
1.358114861241613198e+02
1.347994809334967385e+02
1.346257383166637567e+02
1.349350892087506111e+02
1.350859486957082254e+02
1.352383320158670585e+02
1.360387192079463432e+02
1.362007264726732672e+02
1.360007338107817816e+02
1.359199331422040586e+02
1.359191243860642544e+02
1.357162872586505102e+02
1.351073608673239903e+02
1.346538998659835329e+02
1.342766665312966552e+02
1.340976429609053753e+02
1.341996393544502553e+02
1.344238781358081383e+02
1.343271496321293341e+02
1.337041915476058307e+02
1.336810015632374302e+02
1.339000015790284976e+02
1.344040419990184887e+02
1.344687292919378478e+02
1.346552821130683526e+02
1.344800829424933966e+02
1.338586696388826454e+02
1.336754238776590000e+02
1.337731554319788074e+02
1.342759145777562821e+02
1.342989036138954475e+02
1.345645491049454847e+02
1.347116657625707035e+02
1.349410765278494466e+02
1.351324005331810554e+02
1.347600005385670556e+02
1.343838389278459999e+02
1.339634736644900386e+02
1.341449228934241944e+02
1.342069928216410801e+02
1.342696897188295111e+02
1.342522118372005764e+02
1.340729412496981183e+02
1.335282234845439575e+02
1.338264883682267055e+02
1.341681700689154013e+02
1.342304748170860194e+02
1.342530048657432360e+02
1.343969746118623050e+02
1.341383581938011673e+02
1.345639981755556676e+02
1.346707052278336505e+02
1.348592982099335416e+02
1.350093921312455620e+02
1.353226183143885919e+02
1.353965841559491992e+02
1.355117011676257164e+02
1.356279809773994600e+02
1.355030110882827046e+02
1.359424354427092396e+02
1.361842782249588595e+02
1.361053315403624140e+02
1.362680116569315771e+02
1.364727390474061508e+02
1.365583222701067712e+02
1.364023457273808333e+02
1.360427734620006390e+02
1.360432055171721970e+02
1.358820257749218001e+02
1.362040664393144880e+02
1.362869357972882369e+02
1.363302381790781510e+02
1.363739779586654493e+02
1.364989676350150773e+02
1.361807753889043795e+02
1.364250256453582324e+02
1.365101269145034451e+02
1.363940675904072748e+02
1.361152197882893518e+02
1.361163836245354162e+02
1.358751349742783248e+02
1.357122575497764103e+02
1.357497551007837444e+02
1.357876314149325765e+02
1.361895266817497259e+02
1.361914410926772803e+02
1.364357990835125349e+02
1.365614132156698020e+02
1.365670840562314083e+02
1.368152364204354967e+02
1.368638751721578615e+02
1.368726011839972614e+02
1.367197991757549005e+02
1.370503021977327762e+02
1.368588911088210125e+02
1.373120112210308719e+02
1.373656679000312124e+02
1.370158261616471407e+02
1.367028547087352024e+02
1.365079340492277424e+02
1.363110444941699768e+02
1.363949944385547610e+02
1.366818125641961785e+02
1.368099116810063549e+02
1.371413249303101338e+02
1.373548736669800121e+02
1.369241148151313894e+02
1.371758735506375331e+02
1.373897712632704611e+02
1.378886578416873760e+02
1.384733917592798491e+02
1.385791835952319389e+02
1.381607915103351729e+02
1.383846378892276618e+02
1.386915534234632048e+02
1.390015691146087704e+02
1.388298677925344009e+02
1.387372401944785167e+02
1.388861012065447653e+02
1.382687890975195160e+02
1.384129182803225433e+02
1.379524427073959600e+02
1.375277199064615559e+02
1.378663837439004851e+02
1.382488724685862564e+02
1.384332045137242631e+02
1.386598025391148212e+02
1.384846490294083310e+02
1.389137868983920043e+02
1.390240271700936319e+02
1.389737648182766065e+02
1.386805705235117614e+02
1.388288591146581723e+02
1.390594536511694059e+02
1.394943976274439592e+02
1.392872703307520794e+02
1.390376467987392743e+02
1.392703503017567925e+02
1.395458083856128155e+02
1.400664731167806281e+02
1.398651243603844136e+02
1.392172973337218309e+02
1.387649468017397396e+02
1.385504513148877095e+02
1.382933851665538612e+02
1.379529143096509358e+02
1.378514285956061656e+02
1.383953824198033828e+02
1.385407903230344289e+02
1.388088791141761078e+02
1.389584637516934720e+02
1.391095593451449304e+02
1.393025851971158318e+02
1.393763486839552854e+02
1.390468168524804469e+02
1.385523402550306855e+02
1.382952931868999258e+02
1.382376698857576685e+02
1.379370402886437432e+02
1.379566063521660908e+02
1.382591983355206935e+02
1.386052508439606470e+02
1.387123745898587117e+02
1.388609844342011854e+02
1.390110953880811167e+02
1.388798943313954339e+02
1.385453478094904938e+02
1.382478260701929855e+02
1.379472990608004750e+02
1.380477768290919016e+02
1.378260372011026504e+02
1.375616537384871663e+02
1.373754078166537624e+02
1.371872806228826391e+02
1.365932127503864706e+02
1.366800128791780935e+02
1.366868816961397215e+02
1.368958400971101810e+02
1.371473132294045456e+02
1.371589022519236494e+02
1.376554568201252096e+02
1.378337947678030275e+02
1.379331260280841605e+02
1.380738646748321230e+02
1.379331966412444217e+02
1.381547440820656618e+02
1.382573172546122464e+02
1.381185022773857440e+02
1.383015174519049708e+02
1.385671893453584858e+02
1.388759488336947356e+02
1.389858069027218619e+02
1.390563706088104254e+02
1.388448187967779290e+02
1.385099179765434485e+02
1.384948666429730224e+02
1.383584511545188889e+02
1.381802536914326822e+02
1.380406602943765506e+02
1.375764245397740240e+02
1.375923480199743096e+02
1.380932808282561837e+02
1.383164452810669616e+02
1.383802477586534962e+02
1.379194421804581054e+02
1.374135779600591718e+02
1.376702807677364717e+02
1.380507886542793017e+02
1.382735238932109780e+02
1.382964887810221342e+02
1.378752411929513073e+02
1.377729709019712061e+02
1.375888594969397332e+02
1.376049085827673366e+02
1.377423319017856613e+02
1.374771029310961126e+02
1.376132352839358362e+02
1.376295305898346157e+02
1.376459904947822963e+02
1.375010004997798490e+02
1.378797984846266900e+02
1.379795944289152487e+02
1.384440347766823152e+02
1.386303381582652037e+02
1.384952910689547991e+02
1.381972637060143825e+02
1.382598623293075377e+02
1.379998609386947237e+02
1.376564251906001743e+02
1.373903284753536695e+02
1.374043721973272909e+02
1.376205779770976676e+02
1.374753312899981097e+02
1.372478093838366249e+02
1.368967771553903958e+02
1.367442193488794828e+02
1.369537569180601793e+02
1.370846029475349042e+02
1.368127302500351732e+02
1.366593234848848226e+02
1.367063873584687030e+02
1.366327145035039621e+02
1.367603176803077361e+02
1.370508259397043105e+02
1.371826524643475977e+02
1.374370226912606370e+02
1.374919421123839811e+02
1.373858001135195366e+02
1.373593940540600045e+02
1.374539333879397134e+02
1.376706397857976185e+02
1.377279189755527113e+02
1.377453727025783792e+02
1.379246188914938216e+02
1.376208271631248863e+02
1.378392193566921264e+02
1.380598175320116354e+02
1.380402197293049653e+02
1.380608280093989606e+02
1.377180080903021917e+02
1.370484930205065837e+02
1.367358515358662885e+02
1.363392439756224803e+02
1.363022666420419853e+02
1.365073400424671775e+02
1.367952929721890598e+02
1.371669625981705281e+02
1.370171339375456512e+02
1.365425595328749466e+02
1.365076358917924892e+02
1.361087231230234806e+02
1.355845688111346590e+02
1.355399684960960371e+02
1.349696651475710212e+02
1.349592577248192526e+02
1.345043007321410755e+02
1.344083845779201738e+02
1.345943278564852221e+02
1.343781089459445184e+02
1.340788979251957471e+02
1.330897958840365050e+02
1.325755513980165574e+02
1.323389408060776873e+02
1.325443846526037248e+02
1.329539238915187127e+02
1.330039635267866061e+02
1.332969328553401738e+02
1.332292251064038169e+02
1.327567930367716542e+02
1.323603970068401452e+02
1.320812090978184870e+02
1.317992011089075675e+02
1.315951526352600354e+02
1.318738915507682918e+02
1.319130217684522108e+02
1.319121432004570806e+02
1.319516597984415682e+02
1.320319795943856036e+02
1.319110904993788722e+02
1.323142328276559567e+02
1.326810432602586332e+02
1.326475184447054687e+02
1.322904226714193499e+02
1.322529521933527121e+02
1.315686385791444764e+02
1.312006450294381921e+02
1.307481262923620022e+02
1.307758851438000534e+02
1.306019041856568492e+02
1.306685900865217320e+02
1.310591819055779581e+02
1.307668504096740207e+02
1.307947983936105913e+02
1.309038367612230900e+02
1.308927644052754999e+02
1.311240044497737927e+02
1.312767721714882043e+02
1.314714870419067552e+02
1.313853404463707477e+02
1.312579196427991519e+02
1.314524440836347878e+02
1.317701455390256058e+02
1.320102480192184089e+02
1.322123717365839468e+02
1.322953249864477243e+02
1.319750757438872313e+02
1.318536118625126221e+02
1.318925372348611518e+02
1.317298355907691700e+02
1.313230662533015618e+02
1.313162285386885628e+02
1.311477055946353971e+02
1.312199046410456162e+02
1.314948531727731051e+02
1.318129830028014169e+02
1.320535181846476576e+02
1.318520385703514251e+02
1.320121601720723561e+02
1.323759193657292599e+02
1.323393124906355922e+02
1.322215277683187935e+02
1.320217452205249060e+02
1.318199446671962392e+02
1.318181259264605671e+02
1.317758847742031492e+02
1.321372573476796788e+02
1.320982397451308827e+02
1.317759997425570475e+02
1.316121209520777313e+02
1.316890110627048784e+02
1.315242535986915300e+02
1.310750036350420942e+02
1.310656602374162105e+02
1.310158184216322468e+02
1.310866852743765492e+02
1.313602881559352227e+02
1.308285738948845278e+02
1.303722968635194377e+02
1.303154513772929022e+02
1.297731832093865023e+02
1.296698820296834640e+02
1.301311939693770796e+02
1.301527211811882125e+02
1.304572941224130318e+02
1.304013071943562352e+02
1.307487951458143982e+02
1.307361567129440516e+02
1.305617744575190216e+02
1.305472469267869258e+02
1.303305524513006617e+02
1.303944974255557554e+02
1.301762600258140310e+02
1.298750101270849200e+02
1.296515253808941566e+02
1.295469953342363567e+02
1.293606013477132421e+02
1.294551528764780244e+02
1.294294473499779770e+02
1.296055023737148133e+02
1.296621236098131362e+02
1.296789127371845325e+02
1.293322350880652891e+02
1.293860960485516216e+02
1.299657535843948892e+02
1.299452056408026976e+02
1.296012178189927511e+02
1.294557755747399028e+02
1.292280561361016282e+02
1.288364203394962431e+02
1.286428488277737756e+02
1.286897462906806027e+02
1.287371174653344781e+02
1.288253711771056373e+02
1.285508799768741710e+02
1.285968484614885767e+02
1.286836853146361079e+02
1.284077629440763531e+02
1.284522858020969238e+02
1.281740260627243231e+02
1.279333596593180005e+02
1.276498582417351457e+02
1.270806648906414011e+02
1.265461261521630263e+02
1.264506324769321708e+02
1.266370025019518977e+02
1.269060631332848033e+02
1.268546092255400310e+02
1.271258679045862436e+02
1.270362302066523057e+02
1.273093234410631567e+02
1.273831549909726135e+02
1.271749040312857346e+02
1.275302060922076777e+02
1.278486930224320730e+02
1.279279727499315271e+02
1.278464371211429835e+02
1.274408455769121673e+02
1.271119652292039035e+02
1.269009749789938866e+02
1.268494696757515641e+02
1.274035047229812108e+02
1.274782875989709652e+02
1.273114016151222359e+02
1.268600016314367025e+02
1.270101026580167627e+02
1.271617198565826357e+02
1.273148685420027846e+02
1.268230995373766632e+02
1.269324237751275319e+02
1.267600240152799387e+02
1.265454788033135287e+02
1.264499785892056707e+02
1.264343218072787067e+02
1.260952745528063872e+02
1.251467419725321406e+02
1.245522646187189224e+02
1.245578430492111153e+02
1.245634778274860963e+02
1.245691695227133522e+02
1.248577469926394912e+02
1.249472191844844957e+02
1.249567870550344537e+02
1.252088758131661166e+02
1.252210866799662483e+02
1.251526128080465412e+02
1.250834472808550828e+02
1.249327750311670400e+02
1.244977525567337580e+02
1.239371237946810425e+02
1.237748725198803186e+02
1.237725985049290500e+02
1.236490893989185906e+02
1.236455448473924861e+02
1.237631766135271079e+02
1.236799763773007328e+02
1.235959357346466589e+02
1.239554906410574944e+02
1.243186774152098195e+02
1.242410882981914853e+02
1.241223114123149003e+02
1.238003145578937279e+02
1.239195096544377463e+02
1.242823329842808135e+02
1.242851848326071433e+02
1.240860452854620348e+02
1.239657023085473639e+02
1.234805073823711297e+02
1.234752599821927248e+02
1.232275353355482963e+02
1.229369043793415983e+02
1.226837417973150650e+02
1.223068098962779118e+02
1.220068786831084822e+02
1.212594734172815691e+02
1.208681549669509678e+02
1.207557120878297496e+02
1.207633455432622043e+02
1.207710561043051740e+02
1.206172283881872005e+02
1.208254832203911633e+02
1.211974577983746713e+02
1.214923816145201982e+02
1.219114965803234867e+02
1.220116127073974184e+02
1.215874875832295032e+02
1.211994824073024262e+02
1.211711943508106515e+02
1.209001963139504028e+02
1.210305013272227939e+02
1.211217185123460354e+02
1.211734530427737013e+02
1.208620737805795216e+02
1.205475492733125833e+02
1.204318679528409604e+02
1.201534019725667122e+02
1.197509110834005810e+02
1.192231425084854095e+02
1.188516590994800026e+02
1.188804637368488670e+02
1.189095593301501452e+02
1.190601609395454972e+02
1.187678393328744875e+02
1.183513528614893460e+02
1.182942958196856438e+02
1.183174705249350041e+02
1.184216873989245471e+02
1.186077650494186884e+02
1.185128939893120759e+02
1.183362565548603698e+02
1.185618753079400420e+02
1.183453285938789890e+02
1.185306349433117248e+02
1.185966009528401202e+02
1.184208090432731098e+02
1.185260697406798158e+02
1.177435047885654740e+02
1.171146513015810768e+02
1.170855063652336128e+02
1.171368751163975901e+02
1.173503789054518904e+02
1.172428069752041324e+02
1.168917242173775719e+02
1.169007315327048673e+02
1.170310419522266585e+02
1.168798403557847649e+02
1.168079195512979709e+02
1.162100197487858964e+02
1.156868886351368388e+02
1.150372612476131025e+02
1.147043042905183938e+02
1.144891962530486893e+02
1.142719154071199767e+02
1.142140559667879529e+02
1.140748040068564109e+02
1.141361656634910275e+02
1.141981471348397577e+02
1.143011587220601371e+02
1.141627865879396069e+02
1.142250369575147602e+02
1.141262999570855214e+02
1.136629292495816230e+02
1.136797265147285572e+02
1.134542692067965817e+02
1.131457264715117503e+02
1.131572994661733560e+02
1.127245449153268737e+02
1.127318635508349445e+02
1.125372359099345374e+02
1.122598342524590294e+02
1.123028628812718637e+02
1.120230938194664532e+02
1.119021149691581627e+02
1.114162777466244165e+02
1.115315936834587376e+02
1.116480744277367023e+02
1.112000751795316518e+02
1.107475506863954422e+02
1.101288390771670436e+02
1.097463020981488313e+02
1.093599011092413065e+02
1.089695970800416376e+02
1.090197950303450369e+02
1.089896919498436034e+02
1.086764565149932622e+02
1.079560166818117182e+02
1.071070875573851993e+02
1.068556439973588397e+02
1.069248929266253754e+02
1.069140332592174332e+02
1.067010436961790560e+02
1.066071148446257411e+02
1.063506210551770863e+02
1.057279000557346933e+02
1.053413131876107229e+02
1.049912254420309239e+02
1.039103287293243199e+02
1.031013421508324939e+02
1.026882243947803062e+02
1.020689135300811046e+02
1.017261752829102477e+02
1.013799750332425589e+02
1.012322980133763366e+02
1.006790889024004230e+02
9.987786757818216188e+01
9.959380563452745605e+01
9.934727841871452370e+01
9.917906910981278656e+01
9.860512031294200597e+01
9.794456597266884046e+01
9.760057168956444684e+01
9.733391079753981501e+01
9.718576848236341448e+01
9.691491765895302990e+01
9.603527036257868588e+01
9.546997006321102219e+01
9.481815157900084046e+01
9.399813290808172894e+01
9.300821505866854011e+01
9.216991420067500940e+01
9.136354969765152134e+01
8.990257545217343704e+01
8.887128833552858964e+01
8.791039225810976632e+01
8.750544672536318558e+01
8.705600679329620561e+01
8.672323918514784680e+01
8.618509008600794630e+01
8.503544453132110448e+01
8.415701467810214353e+01
8.339092391727483289e+01
8.338477163361086753e+01
8.301492084203131583e+01
8.268173822427394271e+01
8.214316992350903490e+01
8.180118174091832373e+01
8.169816337466495781e+01
8.102844785319690857e+01
8.031156348807769518e+01
7.966824594755333067e+01
7.869519792682145010e+01
7.823757366345600417e+01
7.801775117520811875e+01
7.767449613657403518e+01
7.744898599653937765e+01
7.681715757226201902e+01
7.613854300228477712e+01
7.561468990129776557e+01
7.528756555686655361e+01
7.467430864329944029e+01
7.413566529626201884e+01
7.383400534975962159e+01
7.352929833309056562e+01
7.318110942736423397e+01
7.286980750238814153e+01
7.223212879029095745e+01
7.166881695989002310e+01
7.089779490897979031e+01
7.024019687775731313e+01
6.997999684621957783e+01
6.947474428911067434e+01
6.872196392839457246e+01
6.788077164484309378e+01
6.642502186347783777e+01
6.588386046815926989e+01
6.501400047288827011e+01
6.397373785140229074e+01
6.300377560747704564e+01
6.198361172472437630e+01
6.062991083305486484e+01
6.007061700308572938e+01
5.942486565968247447e+01
5.897461177745711325e+01
5.831778967419911197e+01
5.813918148908998518e+01
5.747392069605062659e+01
5.639789969298042394e+01
5.543222191210136174e+01
5.461840597181964085e+01
5.367515754729256372e+01
5.284359348211365415e+01
5.192282169910472334e+01
5.111396131222698358e+01
5.029693061841109625e+01
4.963326325092040037e+01
4.916491237466705400e+01
4.832819431784550090e+01
4.715979224024803784e+01
4.622201236388689694e+01
4.559799228675451843e+01
4.504847705732777996e+01
4.449341116901801740e+01
4.385193047375557285e+01
4.320397017551061225e+01
4.230704058132394607e+01
4.144145513265038971e+01
4.084995467944489178e+01
4.017167139337873039e+01
3.952694080139257693e+01
3.855246545595214513e+01
3.777016712722438996e+01
3.706077487598418685e+01
3.602098472321642220e+01
3.476867143759235290e+01
3.394815296726498843e+01
3.287692218915654507e+01
3.191608301935003666e+01
3.086473032257578808e+01
2.988356598239976236e+01
2.917531917414115838e+01
2.850032239812238899e+01
2.781850747285089653e+01
2.656414896247565238e+01
2.481227167926829580e+01
2.360835523158415583e+01
2.206904568846883663e+01
2.075661180653417404e+01
1.926930485508501079e+01
1.809020692432830302e+01
1.722243123669524323e+01
1.634589013807600821e+01
1.546049508896566671e+01
1.428332837269259770e+01
1.317507916433594772e+01
1.197482743872317457e+01
1.084326003911431968e+01
9.861878827388196100e+00
8.345332148876964951e+00
7.379123382704002587e+00
6.160730689599998477e+00
4.970435039999991922e+00
3.566095999999997268e+00
2.430400000000000560e+00
9.599999999999999645e-01
