1.302093855996472769e+02
1.305549349491388682e+02
1.309847827769080766e+02
1.311361442190992932e+02
1.317738830495948434e+02
1.319332152016114321e+02
1.318517325268804825e+02
1.316886187140214020e+02
1.313218370848685197e+02
1.315574111968384159e+02
1.317145567644826372e+02
1.321561179439213731e+02
1.322789070140624688e+02
1.318776838525881203e+02
1.319572564167558539e+02
1.316739963805609648e+02
1.312262589702640128e+02
1.307739989598623254e+02
1.307212110705680175e+02
1.307082940106745639e+02
1.307760545562375114e+02
1.306424793497351118e+02
1.305883629795303875e+02
1.305336999793243251e+02
1.307209090700230547e+02
1.307483930000245493e+02
1.307357505050742930e+02
1.307633843485608622e+02
1.310337215642025228e+02
1.312663854183861645e+02
1.313397832508941292e+02
1.312927103544393219e+02
1.313259700549890567e+02
1.316827980353431542e+02
1.320432303387300692e+02
1.320840710492221035e+02
1.319637081305266975e+02
1.318421294247749813e+02
1.313152822472478931e+02
1.305810931790387315e+02
1.304859527060994253e+02
1.303494471778780053e+02
1.301711587655336189e+02
1.297486452177104468e+02
1.294026719370808109e+02
1.299016888253346451e+02
1.298400897225605775e+02
1.298586764874348489e+02
1.297562388761970169e+02
1.293699382587846003e+02
1.291817558169536539e+02
1.289916725423785522e+02
1.286784571135130193e+02
1.289277344580945055e+02
1.286946812708020218e+02
1.286612942129317219e+02
1.285063577908398145e+02
1.286326846372127761e+02
1.288410955931433648e+02
1.290920157506501482e+02
1.291434502531816975e+02
1.292762123769514915e+02
1.296123357342941915e+02
1.296690259942366765e+02
1.298879050446829524e+02
1.302302071158418357e+02
1.304951587028701852e+02
1.301163219220914016e+02
1.302993150728199225e+02
1.304033485584042751e+02
1.306700490488931337e+02
1.308586354029220900e+02
1.308471064675976834e+02
1.309162691591894259e+02
1.306628981405955585e+02
1.307302001420152067e+02
1.305557577192086853e+02
1.305007653729377353e+02
1.304048135080182362e+02
1.305099126343607736e+02
1.302524370044058628e+02
1.301539767721261285e+02
1.298929058304310331e+02
1.293463695256878623e+02
1.289963328542307011e+02
1.288043766204346809e+02
1.290145218388218211e+02
1.291459816553765734e+02
1.292787693488650120e+02
1.294937064129950386e+02
1.291855620333286083e+02
1.292379414478062358e+02
1.296140822705121423e+02
1.297515982530420899e+02
1.300925234879206016e+02
1.304368924120422832e+02
1.300978711232753824e+02
1.301190617406813033e+02
1.304636987279606899e+02
1.306906047757175315e+02
1.310410149249670440e+02
1.308293080050179640e+02
1.307770787929476626e+02
1.305223018110585826e+02
1.308306078899579461e+02
1.312632402928865645e+02
1.313770103968552974e+02
1.314111216129846866e+02
1.311627491040252380e+02
1.310330799030560911e+02
1.313061413162180600e+02
1.314607488042604473e+02
1.320613624285458059e+02
1.321427903318650294e+02
1.320634245776408591e+02
1.318620450279197485e+02
1.312949949776973995e+02
1.310858535128252242e+02
1.314806601139650297e+02
1.318794546605706728e+02
1.322418733945151814e+02
1.319614882772888222e+02
1.320823113912004487e+02
1.320023347385865407e+02
1.311942775137241597e+02
1.309033106199227916e+02
1.311346571918415407e+02
1.307218759513551447e+02
1.305473494458132109e+02
1.304518681270835998e+02
1.305574425526096718e+02
1.308661035884948376e+02
1.306122258469644066e+02
1.303153796433990124e+02
1.297327067105047433e+02
1.293461683944479148e+02
1.289557256509574756e+02
1.290461875262201374e+02
1.288143308345653111e+02
1.291053846813791779e+02
1.291973582640198117e+02
1.293306649131508834e+02
1.291420857708592393e+02
1.292344300715749910e+02
1.290044748197728666e+02
1.287317927472457484e+02
1.286987805527725754e+02
1.289886672250243862e+02
1.293218860858829373e+02
1.296584707938204417e+02
1.295136068624449308e+02
1.293672796590361997e+02
1.289770501606420794e+02
1.290273233945881941e+02
1.291993165601899136e+02
1.291710268284749645e+02
1.295464917459341336e+02
1.294813047938719990e+02
1.293346513069425896e+02
1.294289407140832964e+02
1.292413542566491174e+02
1.290114689461107673e+02
1.286580494405153559e+02
1.287455044853691390e+02
1.287126307933025942e+02
1.284774048417201016e+02
1.283610149916360399e+02
1.287687020117541294e+02
1.290592949613673284e+02
1.293528231933005941e+02
1.289624476700001026e+02
1.285681289595971464e+02
1.285738676359559634e+02
1.285796642787435076e+02
1.285855194734783709e+02
1.286722418924024396e+02
1.288002443357606808e+02
1.286467114502620745e+02
1.289360721719828007e+02
1.294303759312946625e+02
1.294448241730247560e+02
1.295402264373996388e+02
1.293941681185852985e+02
1.296506748672582603e+02
1.298693685527854598e+02
1.297670389422084440e+02
1.298252918608160655e+02
1.296821129907235388e+02
1.299819323138629557e+02
1.300019518321842327e+02
1.303050018506911556e+02
1.303686887380723931e+02
1.301905946849209101e+02
1.302531259443647400e+02
1.305587130751161737e+02
1.306249627021376796e+02
1.306514774769070470e+02
1.309610883605117237e+02
1.310718064247589609e+02
1.311432388128879438e+02
1.311749886998873365e+02
1.311262512120080146e+02
1.310366173858656964e+02
1.312693104907738189e+02
1.308578893846199378e+02
1.309675650349691125e+02
1.310783485201712892e+02
1.310286348688600810e+02
1.311400352210705762e+02
1.314545810313852883e+02
1.315298798296820735e+02
1.311210907370520431e+02
1.309505967040931012e+02
1.308995926303966542e+02
1.306460531620165568e+02
1.305111648101178332e+02
1.305769341516351290e+02
1.306433678299339363e+02
1.307508765958930894e+02
1.303342187837307335e+02
1.307618371552834162e+02
1.309513506619022394e+02
1.311023744059620242e+02
1.313761357635972331e+02
1.312890260238356461e+02
1.314838646705419478e+02
1.311150148187296622e+02
1.311060755744735218e+02
1.309354298732056634e+02
1.310862928012176667e+02
1.306326189911297604e+02
1.304571909001304846e+02
1.303607988890203444e+02
1.302230291808291724e+02
1.308515446270998552e+02
1.310419642697980862e+02
1.313151154240382539e+02
1.313486014384222358e+02
1.304531327660838826e+02
1.301950836021045461e+02
1.305000844465698151e+02
1.304041257036064110e+02
1.308728542460671065e+02
1.304978325717846417e+02
1.302806389613992053e+02
1.303844837993926831e+02
1.302873573731239674e+02
1.302700579526503475e+02
1.298889474269199980e+02
1.294635832595150760e+02
1.292763467267821511e+02
1.296528754815982722e+02
1.297907833147463350e+02
1.298492760755009954e+02
1.303124000762641685e+02
1.301337374507713776e+02
1.300744822735057369e+02
1.303782649227342745e+02
1.307255201239739222e+02
1.306722425494683932e+02
1.302143864136040747e+02
1.303983701147518559e+02
1.305438081967183450e+02
1.302866749461809377e+02
1.301077524708897499e+02
1.301694469402932839e+02
1.301913605457509391e+02
1.307791520664149800e+02
1.308476283499131512e+02
1.311188165150644238e+02
1.311907237525911682e+02
1.311017411642322656e+02
1.308906476406395143e+02
1.307178258996345619e+02
1.305028544440757514e+02
1.307705600445214600e+02
1.312025859035563826e+02
1.316389756601579393e+02
1.315949249092500679e+02
1.319544696053032453e+02
1.322368379851556028e+02
1.326028666516724570e+02
1.326493602542143435e+02
1.321710709638529977e+02
1.318899706705580002e+02
1.314848188591506641e+02
1.311159786456054803e+02
1.308646248945516390e+02
1.309339645399510914e+02
1.310040045858091275e+02
1.308727319048578579e+02
1.306997291968262402e+02
1.305249789866937249e+02
1.306716959461544718e+02
1.303754504506605656e+02
1.300358085360219320e+02
1.298543520565863787e+02
1.299942950066534024e+02
1.302972676834889114e+02
1.299164320035231981e+02
1.296529616197209123e+02
1.289827895148699497e+02
1.288715045604741931e+02
1.286782874348230052e+02
1.283215024594157114e+02
1.286075782418343749e+02
1.284925032745802298e+02
1.287399022975562275e+02
1.287473760581381725e+02
1.289569455132709948e+02
1.286837833467378971e+02
1.289331144916540950e+02
1.289425398905600844e+02
1.289924645359195665e+02
1.289620853898169912e+02
1.287697832220377734e+02
1.290199830525635036e+02
1.292727101541052548e+02
1.290027375293991554e+02
1.288916540701003157e+02
1.290622768384856158e+02
1.290730069075608242e+02
1.291242494015760940e+02
1.292164135369457370e+02
1.291882965019659366e+02
1.293619156585519079e+02
1.290928440995469373e+02
1.289018627268142723e+02
1.288301643705198103e+02
1.287173377479996361e+02
1.288053916646465780e+02
1.287731228935818706e+02
1.288213362561435247e+02
1.285064002587304515e+02
1.280670709684153792e+02
1.281889605741567095e+02
1.281908692668247625e+02
1.282332012796202889e+02
1.281143447268904083e+02
1.283983280069600426e+02
1.284831596029893888e+02
1.284072319222124463e+02
1.284517494163757760e+02
1.284563125417928688e+02
1.285417298401955577e+02
1.284259897375711432e+02
1.284706967046178079e+02
1.284754512167849327e+02
1.282378295119035272e+02
1.278765954665698104e+02
1.279965610773431450e+02
1.280369303811550310e+02
1.278756872536918650e+02
1.279148356097901171e+02
1.281159955654436828e+02
1.276323187529736458e+02
1.275477967201750715e+02
1.274624209294706674e+02
1.274569908378484371e+02
1.275323139776254493e+02
1.274063777551768482e+02
1.276832098537143310e+02
1.277204139936500695e+02
1.278388020137884666e+02
1.278371737513012505e+02
1.276739128801024350e+02
1.279130433132349793e+02
1.279525690032675271e+02
1.284773424275432490e+02
1.286437802298413544e+02
1.287310911412536996e+02
1.286576678194483350e+02
1.285430988075234211e+02
1.288718169772964472e+02
1.291230474518143865e+02
1.294980277291055017e+02
1.290283108374806886e+02
1.286346574115962937e+02
1.283582398096935151e+02
1.284830705148416143e+02
1.290132025402446061e+02
1.291446490305495729e+02
1.295198475056053553e+02
1.295351995006123786e+02
1.295103025258709124e+02
1.294447500261317998e+02
1.291765151779109431e+02
1.293096112908198734e+02
1.297672841321404462e+02
1.297851354870109901e+02
1.298031671585973186e+02
1.300638052107036629e+02
1.302058638491957652e+02
1.304301655042378627e+02
1.307375409133726407e+02
1.312904453670431053e+02
1.310812579465081456e+02
1.305063211580886957e+02
1.300467890485739701e+02
1.294614030793680968e+02
1.296377808882508305e+02
1.295735160487380995e+02
1.295086020694324418e+02
1.294430323933663090e+02
1.292151842357233420e+02
1.291062467027505534e+02
1.291174209118692602e+02
1.289670918301710572e+02
1.288556483133042718e+02
1.291067154679842588e+02
1.290370863312965923e+02
1.290071579104009629e+02
1.292597554650514269e+02
1.290300560253047308e+02
1.293232889144490514e+02
1.293366554691409931e+02
1.294309651203440126e+02
1.295666314346910326e+02
1.292188196310007982e+02
1.292311309404049098e+02
1.292435666064698125e+02
1.288520874812832062e+02
1.289010984659425390e+02
1.284657560262038771e+02
1.281472283092969349e+02
1.281083114235323990e+02
1.278669812358908331e+02
1.276636174099906214e+02
1.278622398080713651e+02
1.276184240485575287e+02
1.270893172207651105e+02
1.270801184048133621e+02
1.271920387927410729e+02
1.273858977704448137e+02
1.275817149196418967e+02
1.276582978986277368e+02
1.274932302006341303e+02
1.275689193945802486e+02
1.275645650450307471e+02
1.275197626717477561e+02
1.275957198704525979e+02
1.274704241115683487e+02
1.277479031429976999e+02
1.279473769121194948e+02
1.279872494061812773e+02
1.281487367739202341e+02
1.283522593675952805e+02
1.285982417854507105e+02
1.286042846317681665e+02
1.284487723553212959e+02
1.284937094498198462e+02
1.289431408584045471e+02
1.291950917761652988e+02
1.291667593698638825e+02
1.290169286564281776e+02
1.285423521782101943e+02
1.285882345234452941e+02
1.284325601246918325e+02
1.283561213380725405e+02
1.281981023616901894e+02
1.282001033956456695e+02
1.282425286824706632e+02
1.284469986691624399e+02
1.286131299688505294e+02
1.288617474432841732e+02
1.290724721649326341e+02
1.287600728938720636e+02
1.283637099938097208e+02
1.280037474684942822e+02
1.282462095641362509e+02
1.281274844082185211e+02
1.284520044527463369e+02
1.285777822755010220e+02
1.288664467429310889e+02
1.290368148918486213e+02
1.293705200927767009e+02
1.298692122149263355e+02
1.295648608231576588e+02
1.290958190132899404e+02
1.290260798114043723e+02
1.290364442539436425e+02
1.291277214686299430e+02
1.291795166349794499e+02
1.293126430656361663e+02
1.288814576420562048e+02
1.288095531737940576e+02
1.289389425997923979e+02
1.287464066664570339e+02
1.287943501681382941e+02
1.288831819880186345e+02
1.287304868565842355e+02
1.288994816733175810e+02
1.291105875488052561e+02
1.292834217664706671e+02
1.295388098651217206e+02
1.291503129950721132e+02
1.288791040354262805e+02
1.284839434701280254e+02
1.280847913839671435e+02
1.281664559434017292e+02
1.281681373165676803e+02
1.282910477945127923e+02
1.284151997924365673e+02
1.282173735277139599e+02
1.286236096239529161e+02
1.283470804282353583e+02
1.284717984123595045e+02
1.285169680932920926e+02
1.286029980740326550e+02
1.286494930040732640e+02
1.286560535394682745e+02
1.283798520600686004e+02
1.280200525859279992e+02
1.280606591777048209e+02
1.283845042199044428e+02
1.285500042625292849e+02
1.285555598611404378e+02
1.291268281425663815e+02
1.290169981238042567e+02
1.288656546705090022e+02
1.288339946166758523e+02
1.287616107239151404e+02
1.290521320443588991e+02
1.286991232771302123e+02
1.289486093708385113e+02
1.290389993644834874e+02
1.292919185499830235e+02
1.296282005555380863e+02
1.296446470257967576e+02
1.300248959856533304e+02
1.300453494804576167e+02
1.299447974550079721e+02
1.300856539949571697e+02
1.303895494898554830e+02
1.303732823129859923e+02
1.304780629424100766e+02
1.304222858004137322e+02
1.304063492933477733e+02
1.306730800942900999e+02
1.310233132265558140e+02
1.314578921480356826e+02
1.319372647959966969e+02
1.318558230262588040e+02
1.315715384103622512e+02
1.312035741518821510e+02
1.316803779311929361e+02
1.320407857890838272e+02
1.319603896859435963e+02
1.317175653393366019e+02
1.317955205447851483e+02
1.319954752977622547e+02
1.321974497957195922e+02
1.323206563593132898e+02
1.322430872316292891e+02
1.319223103349794428e+02
1.316386973080599034e+02
1.321198962707675264e+02
1.320807033038047109e+02
1.322431346503084058e+02
1.325688228790991445e+02
1.322109322011101256e+02
1.320918507081921121e+02
1.322947986951440669e+02
1.325806047425693635e+02
1.329097017601714299e+02
1.327976785456272921e+02
1.325229076218456896e+02
1.324069773958038923e+02
1.321686640361653815e+02
1.321299636728946041e+02
1.321716804776714014e+02
1.320522025026981510e+02
1.320527298007053503e+02
1.321340705057631624e+02
1.322970409149120883e+02
1.325424655706186172e+02
1.330731975460796548e+02
1.329628258041202855e+02
1.327301270748691024e+02
1.325758859342109872e+02
1.324604908426370571e+02
1.329095867097350094e+02
1.328783704138735402e+02
1.326448185998722238e+02
1.326513319190630114e+02
1.325366989081441886e+02
1.324209079880239983e+02
1.322635434222473236e+02
1.323066095174209238e+02
1.324713227448697239e+02
1.328801239847170734e+02
1.329698222067848690e+02
1.331816385927118063e+02
1.331531702956689287e+02
1.330436063592614460e+02
1.327309155144052681e+02
1.320918338529345704e+02
1.312846806595301246e+02
1.309138188480097540e+02
1.302159786343534336e+02
1.301979582165190266e+02
1.296949072894125266e+02
1.289039467569829185e+02
1.284282290474568526e+02
1.279073020681386907e+02
1.277447495637764519e+02
1.276613631957338129e+02
1.278195587835693345e+02
1.276561199834035847e+02
1.280162828115192042e+02
1.280972553651710086e+02
1.283810660254246727e+02
1.285869353792172376e+02
1.286736721002197044e+02
1.285188607072923048e+02
1.283624855629217336e+02
1.277600864271933574e+02
1.279596832597917881e+02
1.277976598583751411e+02
1.279168281397729885e+02
1.280776041815885833e+02
1.280783880622109905e+02
1.281195839012232796e+02
1.280803877790136767e+02
1.277983714939529989e+02
1.278367388827806082e+02
1.279563019017991365e+02
1.277134362644435299e+02
1.278721578428723689e+02
1.282345028715883188e+02
1.281560635066549310e+02
1.281576399057114486e+02
1.281188281875880079e+02
1.280796244319068933e+02
1.283632570019256036e+02
1.280436939413395976e+02
1.281249433750899129e+02
1.283686296718078097e+02
1.283319491634427436e+02
1.283353021852953759e+02
1.282578809952480015e+02
1.284221020154019470e+02
1.282243454701031453e+02
1.278629752223263267e+02
1.281444194164904786e+02
1.282266862792839390e+02
1.278653396760449255e+02
1.273387269454999000e+02
1.272512393388885243e+02
1.273648882211000029e+02
1.272776648697977322e+02
1.276340049189877561e+02
1.276303079989771021e+02
1.274245535343203102e+02
1.273379328629498701e+02
1.272908412757068675e+02
1.274048901774820877e+02
1.273988789671531805e+02
1.276352312799533024e+02
1.274295265454066310e+02
1.273025520660675767e+02
1.273763152182498430e+02
1.276124396143937503e+02
1.273256965801955829e+02
1.265108046264605406e+02
1.262129339661215255e+02
1.261544787536582533e+02
1.263378573269277183e+02
1.264422801282102995e+02
1.261033132608180836e+02
1.259225386472908355e+02
1.257399380275663816e+02
1.259999374015823150e+02
1.258989266682651618e+02
1.260393198669343349e+02
1.261407271383174304e+02
1.259199264023405220e+02
1.253736630326675225e+02
1.252663262956239691e+02
1.251983093895188119e+02
1.251296054439584395e+02
1.253026317615743750e+02
1.253157896581558930e+02
1.251270602607642672e+02
1.251384447078421118e+02
1.249479239473156724e+02
1.249574989366823701e+02
1.252499989259412416e+02
1.254646453797389256e+02
1.256814599795343952e+02
1.259812727066005920e+02
1.261629017238385728e+02
1.262251532564028480e+02
1.261668214711135789e+02
1.264715368395086870e+02
1.267389261005141066e+02
1.270898243439535094e+02
1.269998225696500924e+02
1.269493157269190249e+02
1.268982987140596776e+02
1.270083825394543737e+02
1.271195783226813916e+02
1.270298770936174577e+02
1.268584617107250239e+02
1.263216784956812830e+02
1.260218974703857810e+02
1.259615125963495359e+02
1.259005177740901331e+02
1.261217351253439460e+02
1.264663991165087253e+02
1.266529284005132325e+02
1.264777054550642958e+02
1.267451570253176953e+02
1.268132899245624685e+02
1.264376665904676997e+02
1.254117844348159849e+02
1.254664489240560101e+02
1.255216655798547549e+02
1.258198642220756795e+02
1.259190547697725862e+02
1.260192472421950640e+02
1.261204517597931982e+02
1.260610623836293769e+02
1.259606690743735129e+02
1.250511808832053191e+02
1.244961423062678705e+02
1.243395376830992376e+02
1.243833713970696095e+02
1.243468397950201449e+02
1.238654947424446249e+02
1.231772674166101353e+02
1.230477448652633257e+02
1.230785301669322536e+02
1.230692223908409488e+02
1.230598205968088621e+02
1.229291117139481173e+02
1.231607189029779903e+02
1.231522413161397509e+02
1.232648902183224777e+02
1.230150406245685559e+02
1.228838794187561803e+02
1.229130095138952612e+02
1.220131409231262438e+02
1.214274150738649638e+02
1.211590051251163942e+02
1.209282880051682270e+02
1.208972606112808421e+02
1.211487480922030215e+02
1.208775233254576733e+02
1.204015387125831893e+02
1.200823623359427614e+02
1.199619821575175393e+02
1.200424062197148345e+02
1.200024305249642538e+02
1.200428591161258254e+02
1.200432920364907687e+02
1.200033252893844491e+02
1.197205305953380474e+02
1.192328591872100532e+02
1.185786456436467233e+02
1.181602481248955172e+02
1.181416647726217093e+02
1.182845098713353025e+02
1.181459695670053520e+02
1.182484541080862641e+02
1.181499536445319052e+02
1.182928824692239687e+02
1.181948307769937685e+02
1.179745765424182338e+02
1.180753298408262282e+02
1.179346766068951951e+02
1.176309864716113935e+02
1.177282691632434961e+02
1.175033021850942845e+02
1.172356587728226032e+02
1.173693522957804447e+02
1.175852043391721224e+02
1.176012165042149036e+02
1.177790065699135198e+02
1.178777844140542044e+02
1.178967519333881313e+02
1.181179312458464068e+02
1.183009406523700306e+02
1.179605461135054441e+02
1.178591374883894360e+02
1.177163004933224357e+02
1.175720207003257229e+02
1.175070916164905839e+02
1.175627188045362459e+02
1.174976957621573632e+02
1.173916118809669769e+02
1.175268806878452779e+02
1.172594754422678704e+02
1.170701772144118848e+02
1.170001790044568821e+02
1.166062414186432932e+02
1.160467085036798238e+02
1.156027358623030921e+02
1.155987230932355345e+02
1.153926495891268331e+02
1.152248985748754251e+02
1.146514127018944009e+02
1.146377906079740967e+02
1.146644349575494033e+02
1.144489241995452886e+02
1.137059840399446387e+02
1.135211959999437425e+02
1.135365616161051321e+02
1.136328905213182736e+02
1.134069601225434099e+02
1.129767273965083518e+02
1.129461892894025539e+02
1.130365548377803862e+02
1.128046008462424794e+02
1.123682836830735567e+02
1.120487713970439358e+02
1.114836074717616583e+02
1.113167752240016171e+02
1.111482578020218739e+02
1.112608664666886540e+02
1.110109762289783362e+02
1.105565416454329295e+02
1.101783248943765443e+02
1.094730554488651961e+02
1.089626822715806753e+02
1.086895780521018224e+02
1.083733111637393023e+02
1.081346577411508036e+02
1.077723815567177326e+02
1.073256379360785502e+02
1.069551898344228960e+02
1.067830200347705585e+02
1.066091111462330758e+02
1.063526375214475621e+02
1.060935732539874863e+02
1.057106800545323608e+02
1.054855354086190573e+02
1.055813488975949781e+02
1.057185342399948809e+02
1.056954891313082072e+02
1.056318072033412818e+02
1.051230375791327845e+02
1.048515531102351588e+02
1.046985384951868525e+02
1.043823621163507056e+02
1.040629920367177306e+02
1.039020121583004652e+02
1.034565779376772099e+02
1.030470484218964486e+02
1.029566145675719042e+02
1.022592066339112478e+02
1.017163703372841042e+02
1.013296670073573864e+02
1.011410777852097027e+02
1.007889674598077505e+02
1.004333004644523868e+02
1.002356570348001128e+02
1.000764212472730890e+02
9.983476893663943486e+01
9.946946357236306824e+01
9.914087229531619982e+01
9.856653767203664529e+01
9.798640168892589486e+01
9.752161786760171935e+01
9.676931097737559639e+01
9.649425351250056337e+01
9.617601364899024929e+01
9.585455924140437389e+01
9.536824165798428510e+01
9.511943601816606986e+01
9.438326870521812850e+01
9.376087748001823741e+01
9.288977523234183309e+01
9.253512649731479200e+01
9.213649141142910537e+01
9.153180950649402803e+01
9.108263586514543420e+01
9.050771299509656842e+01
9.004819494454187634e+01
8.978605549953746845e+01
8.923843989852247205e+01
8.844286858436630894e+01
8.788168543875377736e+01
8.743604589773104863e+01
8.706671302801115075e+01
8.641082124041531642e+01
8.631396084890428710e+01
8.577167762515595939e+01
8.546634103551110684e+01
8.459226367223327259e+01
8.391137744670031395e+01
8.330442166333367027e+01
8.289335521548863994e+01
8.247813658130156966e+01
8.205872381949647831e+01
8.191790284797626498e+01
8.185646752320840847e+01
8.155198739718012746e+01
8.100200747189913386e+01
8.068889643626179975e+01
8.045343074369884562e+01
7.981154620575637182e+01
7.924398606642058951e+01
7.846867279436420972e+01
7.748350787309519205e+01
7.681162411423764524e+01
7.568850920630065104e+01
7.491768606697033306e+01
7.478554148178814387e+01
7.424802169877604285e+01
7.366466838260197392e+01
7.307542260868893891e+01
7.304588142291811437e+01
7.257159739688688660e+01
7.237535090594629139e+01
7.213671808681463915e+01
7.124921018870166733e+01
7.047394968555714456e+01
6.981207038945179022e+01
6.938592968631489555e+01
6.863225220839886731e+01
6.811338606908975635e+01
6.811453138291899734e+01
6.718639533628173410e+01
6.693575286493106091e+01
6.611692208578899965e+01
6.557264857150404680e+01
6.494206926414555880e+01
6.458794875166223903e+01
6.406863510268908612e+01
6.338245969968589577e+01
6.256814111079376772e+01
6.154357687958979284e+01
6.062987563594921170e+01
5.978775316762551739e+01
5.881591229053080383e+01
5.839991140457662055e+01
5.761607212583492554e+01
5.666269911700501183e+01
5.642696880505548762e+01
5.602724121722785355e+01
5.554266789618968403e+01
5.565926050120176427e+01
5.484773788000175188e+01
5.382599785858770503e+01
5.295555339251284011e+01
5.179348827526550281e+01
5.066008916693483144e+01
4.995968602720689233e+01
4.872695558303732355e+01
4.760298543741140520e+01
4.679089438122369415e+01
4.580898422345834575e+01
4.505958002369526127e+01
4.401977780171245058e+01
4.313108868859847433e+01
4.247584716020048035e+01
4.193519915171763301e+01
4.114666580981582911e+01
4.039057152506647697e+01
3.999047628794593834e+01
3.914189524034946999e+01
3.844635882863577336e+01
3.733975639256141932e+01
3.646440039652666343e+01
3.562060646113808815e+01
3.497030955670511787e+01
3.455586823909611383e+01
3.389481640312736488e+01
3.266143071022964506e+01
3.129437445477743651e+01
3.031754995432063993e+01
2.929045449931377831e+01
2.841460050435731688e+01
2.789353586298714305e+01
2.696316753837088243e+01
2.614461367512209122e+01
2.507536734860818228e+01
2.359128015010925239e+01
2.241543449505984498e+01
2.151053989399984090e+01
2.059650494343417293e+01
1.955202519538806882e+01
1.853739918726067515e+01
1.727010018915219192e+01
1.619202039308301266e+01
1.510305090210404799e+01
1.420510192131722782e+01
1.325767870840124019e+01
1.221987748323356904e+01
1.129280553861975633e+01
1.019475306931289005e+01
9.085609160922107463e+00
8.046069859517281486e+00
6.430373595472002712e+00
5.364013732799995715e+00
4.448498719999994577e+00
3.442927999999996658e+00
2.427200000000000468e+00
1.280000000000000027e+00
