1.286295943777743673e+02
1.287167619977521440e+02
1.288452141391436214e+02
1.287729435748929916e+02
1.290231753281746023e+02
1.291951265941153508e+02
1.295304309031463106e+02
1.296671019223711028e+02
1.301283857801727493e+02
1.303115007880532232e+02
1.304560614020736864e+02
1.307636983859332531e+02
1.307108064504367633e+02
1.306573802529673003e+02
1.306438184373401441e+02
1.306705236740808402e+02
1.306570946202838854e+02
1.308859541619025606e+02
1.308342971332359639e+02
1.309437344780152728e+02
1.309330651293089716e+02
1.310030960902118125e+02
1.305081778688994518e+02
1.302506847160594816e+02
1.303138229455154544e+02
1.306200231772879761e+02
1.308081042194835391e+02
1.311192971913975498e+02
1.312720173650479012e+02
1.317495124899478185e+02
1.321510227171186784e+02
1.323545684011301944e+02
1.321965337385154555e+02
1.319156906449647124e+02
1.317936269141061985e+02
1.315087140546524438e+02
1.315845596511634596e+02
1.320248077284482804e+02
1.319038461903515440e+02
1.317412587781329876e+02
1.320618775536700298e+02
1.326685631855252439e+02
1.330389527126511666e+02
1.332918714269213183e+02
1.331837085120415907e+02
1.326704126384257734e+02
1.323943562004293426e+02
1.326407638388185148e+02
1.325664281200178038e+02
1.327337657777962647e+02
1.326603694725209266e+02
1.327074439116381654e+02
1.329570140521594794e+02
1.330474889415755797e+02
1.329368575167431175e+02
1.331887449664064036e+02
1.338068130973802283e+02
1.339462758559403426e+02
1.338447230868076190e+02
1.337421445321299416e+02
1.336789338708377102e+02
1.338979130008467280e+02
1.340382959604510802e+02
1.341396928893438201e+02
1.344441342316616783e+02
1.347920547794557820e+02
1.347394492721776658e+02
1.352115649213913571e+02
1.351631968902939320e+02
1.351143402932266042e+02
1.342973134275017060e+02
1.342801145732339023e+02
1.343031460335694760e+02
1.342456020541111457e+02
1.336218202566772675e+02
1.331937578350285207e+02
1.329229877121494496e+02
1.325282704163125231e+02
1.326548186023360358e+02
1.325806248508450835e+02
1.327885099503477306e+02
1.330388989397457351e+02
1.330493928684298908e+02
1.328579725943741892e+02
1.326242147417918318e+02
1.330749643856477746e+02
1.328433983693413722e+02
1.329327256255970724e+02
1.329825511369672029e+02
1.326288395322903568e+02
1.326351914467578581e+02
1.328032236835930178e+02
1.336598219026185461e+02
1.339594160632521493e+02
1.343024404679317456e+02
1.339620610787180794e+02
1.339818798774934123e+02
1.340827069469632704e+02
1.343865726736999306e+02
1.343702754279798626e+02
1.343134095232120444e+02
1.338519288113256209e+02
1.339110392033586265e+02
1.344151911145044664e+02
1.348840314287913600e+02
1.351555873018100726e+02
1.352278659614241576e+02
1.350988545064895447e+02
1.349281358651412575e+02
1.352809453183240862e+02
1.356777225437614334e+02
1.356744672159197194e+02
1.357519870867878637e+02
1.359919061482708571e+02
1.360322284325969235e+02
1.359517458915114503e+02
1.361936827186990229e+02
1.358724067865640563e+02
1.363963704914790753e+02
1.367236065570502319e+02
1.366501076333835556e+02
1.369395026599831056e+02
1.368681845050341792e+02
1.369577621262968705e+02
1.371694566932292503e+02
1.371408653466955343e+02
1.371927932794907008e+02
1.370432255348393653e+02
1.368921470048866524e+02
1.363355020251400163e+02
1.358540424496364665e+02
1.351252954036731353e+02
1.351972680845173329e+02
1.350275435197147544e+02
1.348157005249649103e+02
1.348441419444081930e+02
1.349536787317259154e+02
1.353067461936629172e+02
1.355825719127907973e+02
1.354167393058493190e+02
1.351280195008574196e+02
1.351596156574322265e+02
1.351511269266985664e+02
1.349001282087870095e+02
1.350102305139258476e+02
1.352426570847740095e+02
1.353158152371460119e+02
1.350664800375201651e+02
1.351782626641616787e+02
1.352507703678408575e+02
1.351623943109495940e+02
1.353559538494442052e+02
1.353494483327723401e+02
1.353832811442145783e+02
1.347709910547620780e+02
1.342737283381438829e+02
1.340946750890336148e+02
1.344390657464994092e+02
1.341000664106047680e+02
1.340000670814198145e+02
1.337374414963823881e+02
1.335933752488724053e+02
1.336902780291634087e+02
1.333841192213776310e+02
1.331960800215939287e+02
1.332889697187813169e+02
1.335444138573556359e+02
1.333983978357119327e+02
1.335741392279917363e+02
1.330647870989818102e+02
1.328735223222042521e+02
1.327207296183878498e+02
1.322835652710984391e+02
1.320844093647459658e+02
1.316004134997438939e+02
1.312327409088317154e+02
1.311845867765987066e+02
1.303682694713114643e+02
1.300689590619301157e+02
1.300898576383140721e+02
1.299493511498117471e+02
1.298478294442538470e+02
1.301897267113677970e+02
1.301310370821896072e+02
1.301929667496868035e+02
1.302959260097846084e+02
1.300766929391759845e+02
1.301784777163398417e+02
1.302812906225650522e+02
1.304255460833995244e+02
1.304904505892925499e+02
1.305560106962547309e+02
1.301777885820763458e+02
1.297149379616938063e+02
1.296514524865591511e+02
1.296681338248069153e+02
1.299274079038450225e+02
1.303105130341870677e+02
1.299298111456438107e+02
1.299089001471153324e+02
1.296049496435505262e+02
1.297423733773242134e+02
1.297195690680044322e+02
1.299793626949530392e+02
1.300397602979334124e+02
1.300199598969014971e+02
1.300403635322239211e+02
1.303842055881051465e+02
1.304890965536411329e+02
1.305546429834760715e+02
1.300551949328040848e+02
1.299547423563675750e+02
1.298532751074429825e+02
1.297103788964060698e+02
1.293640190872788764e+02
1.290545647346264104e+02
1.290652169036619341e+02
1.292375928319820559e+02
1.293713058908910796e+02
1.297083897887785042e+02
1.299680704937162545e+02
1.300687580744603338e+02
1.302512707822831430e+02
1.301527987699834625e+02
1.303361603737207304e+02
1.301981417916368855e+02
1.301395371632698641e+02
1.301611486497673411e+02
1.300213622724918707e+02
1.301629921944368391e+02
1.303060527216528612e+02
1.302081340622753203e+02
1.302708424871475188e+02
1.302937802900478346e+02
1.304785659495434516e+02
1.307056221712557260e+02
1.309349718901570157e+02
1.310858301920778217e+02
1.310765961536141617e+02
1.312288850036505323e+02
1.315847323269199762e+02
1.317017498251714755e+02
1.317795452779510583e+02
1.317369144221734985e+02
1.314918327496695554e+02
1.314866997471410457e+02
1.316027270173139812e+02
1.317603303205194720e+02
1.319599296166864519e+02
1.318787167845314912e+02
1.316350674591227516e+02
1.317929974334578844e+02
1.321545428620783866e+02
1.323985281435126922e+02
1.327661900439526619e+02
1.328951414585377222e+02
1.328233752106450538e+02
1.327508840511567598e+02
1.322332162132895519e+02
1.316295113265545922e+02
1.315045568955099498e+02
1.314187443388986765e+02
1.314532771099984245e+02
1.316497748585847205e+02
1.314846210692772388e+02
1.311561828982595159e+02
1.308648312103642866e+02
1.310149810205695076e+02
1.308030111318881268e+02
1.306293041736248313e+02
1.304942466400256080e+02
1.303174208485106362e+02
1.300175968166764164e+02
1.301187846633091567e+02
1.302613986498075747e+02
1.299610087371794691e+02
1.301020290274540230e+02
1.300020495226805792e+02
1.298202520431116227e+02
1.299598505485982116e+02
1.303836874228265970e+02
1.303269569927539635e+02
1.303504616088418402e+02
1.305762238473155037e+02
1.301173978255709187e+02
1.300983816419910113e+02
1.305640218605971938e+02
1.305091129905008245e+02
1.307768818085875751e+02
1.310473553622098564e+02
1.309973286486964525e+02
1.311892208572691345e+02
1.312214352093634204e+02
1.315772072821854408e+02
1.312497043254398648e+02
1.310401053792324149e+02
1.309091973527602306e+02
1.312214114674337679e+02
1.316983954216511847e+02
1.319781771935870154e+02
1.316951284783702363e+02
1.318536651296668651e+02
1.318521869996632745e+02
1.320123101006701063e+02
1.322548586875459762e+02
1.327422815025712168e+02
1.331134156591629960e+02
1.329630461203663003e+02
1.332960061821872557e+02
1.336323294769586028e+02
1.338912418959161243e+02
1.340315574706225732e+02
1.340116742127504779e+02
1.336683577906575806e+02
1.334831896875330983e+02
1.334173633207402361e+02
1.335124882027675426e+02
1.337297860634026847e+02
1.336260465286897556e+02
1.333192389178683186e+02
1.328881201190590104e+02
1.328162829485447674e+02
1.329457403520647176e+02
1.329552932849138074e+02
1.334093871564792266e+02
1.338276637944224490e+02
1.342097614085083706e+02
1.345957185944519665e+02
1.349855743378308830e+02
1.350157316543742922e+02
1.357330622771465869e+02
1.357303659365111059e+02
1.354044100368796535e+02
1.349539495322022447e+02
1.346201510426282084e+02
1.343637889319482213e+02
1.339836251837856480e+02
1.339228537209961303e+02
1.338210643646417566e+02
1.339202670349924347e+02
1.338588555909006743e+02
1.333523793847485592e+02
1.329619993785339602e+02
1.326484842207410964e+02
1.328974588088291853e+02
1.331489482917471037e+02
1.331605538300468936e+02
1.332126806364112781e+02
1.332249299357695236e+02
1.334393231674435185e+02
1.337366900681251423e+02
1.333501919880041839e+02
1.327981737252579251e+02
1.329678522477350384e+02
1.330180325734703217e+02
1.329071036095657803e+02
1.327142460702685582e+02
1.328830768386549437e+02
1.332152291299539684e+02
1.333083122524786290e+02
1.332003154065443766e+02
1.325659751581252692e+02
1.324908839981072504e+02
1.321322060586939244e+02
1.320123293522156871e+02
1.319316458103191678e+02
1.315673190003215893e+02
1.315225444447700909e+02
1.314773176209805854e+02
1.310679975969493967e+02
1.311393915120704037e+02
1.311306984970406404e+02
1.313643419162031876e+02
1.317215574911131455e+02
1.320419772637508800e+02
1.322848255189400675e+02
1.321664904231724051e+02
1.321277681042141410e+02
1.323310788931454454e+02
1.324152312051974718e+02
1.324194254597960878e+02
1.327468944038342897e+02
1.325524185897321843e+02
1.323963824138698158e+02
1.321175579938083615e+02
1.314318767614226431e+02
1.309008856175985329e+02
1.308089753713122434e+02
1.309585609811231279e+02
1.313924858395184856e+02
1.316287735752709409e+02
1.318270440154258552e+02
1.317444889044698471e+02
1.319035241459291967e+02
1.316197213595254709e+02
1.315754761207325316e+02
1.319752284047795854e+02
1.319749781866467515e+02
1.320151294814605194e+02
1.321768984661218838e+02
1.320574731981033665e+02
1.324216900990939791e+02
1.329107980798928281e+02
1.328795940200940322e+02
1.327268626465596526e+02
1.328150127743020050e+02
1.327020331053565201e+02
1.326283162680365706e+02
1.325134507757953770e+02
1.323570209856509905e+02
1.321990110966171414e+02
1.327262738349670315e+02
1.328952260959256080e+02
1.330254809049758364e+02
1.327126069747231725e+02
1.323965727017402969e+02
1.321985582845858573e+02
1.321197558430170318e+02
1.323229857000169147e+02
1.324878643434513776e+02
1.324119841853039077e+02
1.328201860457620569e+02
1.329900869149110179e+02
1.334445322372836529e+02
1.339439719568523230e+02
1.339636080372251570e+02
1.341450586234589650e+02
1.342475339630904330e+02
1.342702363263535403e+02
1.344143801276303520e+02
1.343983637652828236e+02
1.341397613790739456e+02
1.341613751303781044e+02
1.344660354852298951e+02
1.342081166517471047e+02
1.342708249007549739e+02
1.343341665664192135e+02
1.343577440064834718e+02
1.343007515217011587e+02
1.345260116380816271e+02
1.347939511495775093e+02
1.343777284339169569e+02
1.346441701352697464e+02
1.341456263992617437e+02
1.336420468679416729e+02
1.335374210787293237e+02
1.331489101805343580e+02
1.328776870510447168e+02
1.327249364151965096e+02
1.325706428436332374e+02
1.320107503471040502e+02
1.320512629768732040e+02
1.320921848251232120e+02
1.320123079041650556e+02
1.318508160648141256e+02
1.320513293583980214e+02
1.316882114731291722e+02
1.319678903768988221e+02
1.323312024009072161e+02
1.326577802029369479e+02
1.326644244474108518e+02
1.320650751994047596e+02
1.321465406054589096e+02
1.322288288944035344e+02
1.318675039337411761e+02
1.321489938724650983e+02
1.326757513863281872e+02
1.324401529154833952e+02
1.324850029449329156e+02
1.323282858029623696e+02
1.322507937403659071e+02
1.320109027680466340e+02
1.317685886545926621e+02
1.314834228834272665e+02
1.313973968519457571e+02
1.312700978302487727e+02
1.310203008386346823e+02
1.308891927662979811e+02
1.310395886528257563e+02
1.314339279321473839e+02
1.316706342748964289e+02
1.315460952271679957e+02
1.316627224516843739e+02
1.319825479309947980e+02
1.321439878090859281e+02
1.322262503122077248e+02
1.322285356688968250e+02
1.322308441099969514e+02
1.321927718282793762e+02
1.321543149780597446e+02
1.323982979576368280e+02
1.321194928865008080e+02
1.324843362489917524e+02
1.326508446959507808e+02
1.328998431272235052e+02
1.332321647749732847e+02
1.333254189646190468e+02
1.333388070349690224e+02
1.336351586211800679e+02
1.338536955769499457e+02
1.342360561383335096e+02
1.341374304427607456e+02
1.342398287300610491e+02
1.343432613434965788e+02
1.341245064075729658e+02
1.345096024318914942e+02
1.346561640726173437e+02
1.342789536087050237e+02
1.342211652613177932e+02
1.340011770316342563e+02
1.340213909410447002e+02
1.340014049909540290e+02
1.341832373646003589e+02
1.343265023884848119e+02
1.343095983722068638e+02
1.342521195678857282e+02
1.342748682503896589e+02
1.341362305559489414e+02
1.343194248039895626e+02
1.345044694989789775e+02
1.345701712110896437e+02
1.345557284960495963e+02
1.347431600970207057e+02
1.346092526232532975e+02
1.346760127507608047e+02
1.348646593442024653e+02
1.346511710547500229e+02
1.349607788431821689e+02
1.349098776193753508e+02
1.344544218377532729e+02
1.340347695330836473e+02
1.341765348819032795e+02
1.341581160423264976e+02
1.338566828710370658e+02
1.333501847182189692e+02
1.330001865840601738e+02
1.328890773576363813e+02
1.324940175329658132e+02
1.319737550838040647e+02
1.316906617008115745e+02
1.314047087886986844e+02
1.313582917057561303e+02
1.312305976825825837e+02
1.308995936187698703e+02
1.304036299179494165e+02
1.301450807252013249e+02
1.304091724496981897e+02
1.306355277269680073e+02
1.306621492191600282e+02
1.308910598173328310e+02
1.311626866841753269e+02
1.314774612971463341e+02
1.317550114112584083e+02
1.317525367790493362e+02
1.313055927061105024e+02
1.308945380869803330e+02
1.307217556434143830e+02
1.310320764074891713e+02
1.315475519267574498e+02
1.317045979058146941e+02
1.314995938442580439e+02
1.312925190346035151e+02
1.310833525602058955e+02
1.308720732931371629e+02
1.308606800940775656e+02
1.309299798930080101e+02
1.309595756495025114e+02
1.311510865146492222e+02
1.315061479945954375e+02
1.314203515096920967e+02
1.314953045552440187e+02
1.309649540962062986e+02
1.302272263598040354e+02
1.294012387472776311e+02
1.292537765124013731e+02
1.293472490024257979e+02
1.290780292953798778e+02
1.292101306013935300e+02
1.290607379812057616e+02
1.291522605870763698e+02
1.293255157445219368e+02
1.293793088328503700e+02
1.291912210432831785e+02
1.289608293366497662e+02
1.286877064006566798e+02
1.288158650511682595e+02
1.289453182335036274e+02
1.291972911449524588e+02
1.294518092373257900e+02
1.297493022599248889e+02
1.298477800605304537e+02
1.301896768288184774e+02
1.302117947765833605e+02
1.301937320975592911e+02
1.301350829268276073e+02
1.303586696230584323e+02
1.305845147707657929e+02
1.307722371421882599e+02
1.304770072143316497e+02
1.304212194084154817e+02
1.304860802105208393e+02
1.307132123338600138e+02
1.309022346806654298e+02
1.312547825057230568e+02
1.312472550562861500e+02
1.314012677336223476e+02
1.318800684178003735e+02
1.318788569876773238e+02
1.319988454420986557e+02
1.319584297394931411e+02
1.319580098378717423e+02
1.321192018564363764e+02
1.319183857135719506e+02
1.321599855692646486e+02
1.321211975447118903e+02
1.321224217623355059e+02
1.322852745074090990e+02
1.325305803105146651e+02
1.328995760712270169e+02
1.323430061325525742e+02
1.321040465985373942e+02
1.321859056550886464e+02
1.320261673283724804e+02
1.319456235640126636e+02
1.317834581454675060e+02
1.317812708540079143e+02
1.317790614686944366e+02
1.315344055239339411e+02
1.317721267918524859e+02
1.316890169614667343e+02
1.316858757186533921e+02
1.313594704228822536e+02
1.313934044675581276e+02
1.312660651187459280e+02
1.314202677967124941e+02
1.316972401986994896e+02
1.314921618168684176e+02
1.309617796129987539e+02
1.307088682959573021e+02
1.308574427231901325e+02
1.306842855789794839e+02
1.307922076555352362e+02
1.311032400560957001e+02
1.313770101576727427e+02
1.314111213713864004e+02
1.319304256276628564e+02
1.323741673006698250e+02
1.321759265663327767e+02
1.325413399659926199e+02
1.325468080464577838e+02
1.325927354004622316e+02
1.325583185863258109e+02
1.327659783700261755e+02
1.328545236060868149e+02
1.325803268748351229e+02
1.324649766412476026e+02
1.323888652941893440e+02
1.317463285799892674e+02
1.315821500807975042e+02
1.315375253341388770e+02
1.318964902365042065e+02
1.322994850873775761e+02
1.323025101892700093e+02
1.317399092820916451e+02
1.317372821031224817e+02
1.320174566698203762e+02
1.324216734038594439e+02
1.322643165695543814e+02
1.323073904742981028e+02
1.316640307821191413e+02
1.312565967496147721e+02
1.314915118682980051e+02
1.317692039073718888e+02
1.319688928357293207e+02
1.319281745815447948e+02
1.318870450318633800e+02
1.324111565978419094e+02
1.326981379776183303e+02
1.327051898763818656e+02
1.329143332084664451e+02
1.327619527358246501e+02
1.330120734705303107e+02
1.332243166368992320e+02
1.329942592291913570e+02
1.330851103325162512e+02
1.328132427601174186e+02
1.328214573334518320e+02
1.329509670034873352e+02
1.327989565691784151e+02
1.323221783527048672e+02
1.322850286390967369e+02
1.319646753930265675e+02
1.322471468616430457e+02
1.324516634966095694e+02
1.326582459561710436e+02
1.326648949052230648e+02
1.325099948537610430e+02
1.323535301553132797e+02
1.316298284397111331e+02
1.316664933734456895e+02
1.308550438115611030e+02
1.300353977894557715e+02
1.291266644337933087e+02
1.284511761957511453e+02
1.284557335310619806e+02
1.285007409404662724e+02
1.281017585257233975e+02
1.277391500259838750e+02
1.273728788141247037e+02
1.271241200142675183e+02
1.269132525396640290e+02
1.265790429693576158e+02
1.264434777468255504e+02
1.263469472190160161e+02
1.265726739586020670e+02
1.261542161198000969e+02
1.260951677977777337e+02
1.255102705028056533e+02
1.249598691947539066e+02
1.245655244391450083e+02
1.248540650900454096e+02
1.246606718081267928e+02
1.246673452607341801e+02
1.246336820815493525e+02
1.249633152338883093e+02
1.249326416503923411e+02
1.244976178286791964e+02
1.245430483117972642e+02
1.247909578907037513e+02
1.249201594855593811e+02
1.250506661470297871e+02
1.253845112596266205e+02
1.254793043026527073e+02
1.254942467703566820e+02
1.253073199700568381e+02
1.254821413838958506e+02
1.256183246301977618e+02
1.255538632628263116e+02
1.255291548109356938e+02
1.254233886979149020e+02
1.249933219170860923e+02
1.247609312293795369e+02
1.250918497266457479e+02
1.251432825521676762e+02
1.251952349011794468e+02
1.250860958597770463e+02
1.251374705654314425e+02
1.249065359246781384e+02
1.248752888128064171e+02
1.249649381947537421e+02
1.250554931260144258e+02
1.251873667939539274e+02
1.248357240342966890e+02
1.248037616508047023e+02
1.244886481321261158e+02
1.246552001334606388e+02
1.246618183166265794e+02
1.239816346632595412e+02
1.237390249123833144e+02
1.236555807195796888e+02
1.237733138581604777e+02
1.238518321799602973e+02
1.240119516969296569e+02
1.237696481787167642e+02
1.240905537158754299e+02
1.241318724402785421e+02
1.238099721618972779e+02
1.236868405675731140e+02
1.235220611793670429e+02
1.230323850296635868e+02
1.227801868986501717e+02
1.226466534329796758e+02
1.227945994272525212e+02
1.228228277042957046e+02
1.227301289942377593e+02
1.225960898931696619e+02
1.224202928213837964e+02
1.224851442640233046e+02
1.226314588525495424e+02
1.226176352045949187e+02
1.221592274793885764e+02
1.215749772519077965e+02
1.219545224766747680e+02
1.218934570471463275e+02
1.217913707546925366e+02
1.217286573279724280e+02
1.212208659878510986e+02
1.203039050382334381e+02
1.198625303416496877e+02
1.192550811531816350e+02
1.186414961143250366e+02
1.181833294084092785e+02
1.172356862711199454e+02
1.163996831021417364e+02
1.160400839415567731e+02
1.153132161025826292e+02
1.150234506086698616e+02
1.145691420289592486e+02
1.143526687161204620e+02
1.139723926425461116e+02
1.133862551944910564e+02
1.133598537318090962e+02
1.131311653856655681e+02
1.126981468542074083e+02
1.123415624789974459e+02
1.121833964434319597e+02
1.117408044883150211e+02
1.113745499881968897e+02
1.112874242305019123e+02
1.110378022530319981e+02
1.106644467202348068e+02
1.102873199194284837e+02
1.103104241610393785e+02
1.104549739000399882e+02
1.101161352525654422e+02
1.104607426793591429e+02
1.102835784639989782e+02
1.101450287515140047e+02
1.093586149005191714e+02
1.090087019197164011e+02
1.084128302219356925e+02
1.083361921433695727e+02
1.082183759023932055e+02
1.077357332347408061e+02
1.076926598330714313e+02
1.074471311445166464e+02
1.065930617621380350e+02
1.062152139011492125e+02
1.061163776779286252e+02
1.060165431090189685e+02
1.060773162717361231e+02
1.063811275472081661e+02
1.058395227749578993e+02
1.050904270454119001e+02
1.042933606519316214e+02
1.035690511635666411e+02
1.032818698621890832e+02
1.033554241032212531e+02
1.032277011143649190e+02
1.032603041559240893e+02
1.028083880362872549e+02
1.030387757942292808e+02
1.026250260547768960e+02
1.022070970250271245e+02
1.015425222475022053e+02
1.011540628762648737e+02
1.009636998750149246e+02
1.009330301767829212e+02
1.007808385624071832e+02
1.003442813761687660e+02
1.001457387638066336e+02
1.000259987513200741e+02
9.986464520335351835e+01
9.966125778116503398e+01
9.961743210218705258e+01
9.924993141635046356e+01
9.908073880439430070e+01
9.886943313575191894e+01
9.833276074318393967e+01
9.831591994260985246e+01
9.797567670970684617e+01
9.767240071687574243e+01
9.692161688573288814e+01
9.668850190478066509e+01
9.661464838866764637e+01
9.621681655420952950e+01
9.593617833758551683e+01
9.545068518948026792e+01
9.491988402977789008e+01
9.450493336341210693e+01
9.420700339738597506e+01
9.406768019937953795e+01
9.400775777715124093e+01
9.402803815873865290e+01
9.356367490781688900e+01
9.297340899779472068e+01
9.253879696746959382e+01
9.214019895703978591e+01
9.218201914852507173e+01
9.234547388739898111e+01
9.206613523979716263e+01
9.182437903009795832e+01
9.085290811120987087e+01
8.999283647596980984e+01
8.952811765249485632e+01
8.885668449746947317e+01
8.862291363380751363e+01
8.810395316546228628e+01
8.790298299541616700e+01
8.782119494486505573e+01
8.697090398471205219e+01
8.643525655021453247e+01
8.589419853556994155e+01
8.538807932885845275e+01
8.455361548369565128e+01
8.395314695322782939e+01
8.366984540730067010e+01
8.354529839121289569e+01
8.350030140526543221e+01
8.345484990430858829e+01
8.288368677202885237e+01
8.186230987073624021e+01
8.127506047549113077e+01
8.080309138938505953e+01
8.064958726200515571e+01
8.053493662828810784e+01
7.973225922049299186e+01
7.940632244494231884e+01
7.855184085347714529e+01
7.813317257926991033e+01
7.799310361542416103e+01
7.764959961153954282e+01
7.746424203185797808e+01
7.679216366854365106e+01
7.607289259448850771e+01
7.502312383281670805e+01
7.432638770991584920e+01
7.354180576759155485e+01
7.226445027029478752e+01
7.162065683868156896e+01
7.113197660472864925e+01
7.051714808558450898e+01
6.961328089453000700e+01
6.882149585306055428e+01
6.814292510410167836e+01
6.757871222636531172e+01
6.700880022865175079e+01
6.635232346328476183e+01
6.544679137705516325e+01
6.501696098692448800e+01
6.434036463325710997e+01
6.418218649823927535e+01
6.361837020024177036e+01
6.300845474771902133e+01
6.202874216941307850e+01
6.128155774688201518e+01
6.016318964331513541e+01
5.907392893264159994e+01
5.829689791175919567e+01
5.739080597147389540e+01
5.696041007219588437e+01
5.656607077999574074e+01
5.624855634343012412e+01
5.572581448831331841e+01
5.438971160435686869e+01
5.336334505490599156e+01
5.277105561101611642e+01
5.241520768789501972e+01
5.217697746252035529e+01
5.116866410355584804e+01
5.006935768035938850e+01
4.912056331349442218e+01
4.832380132676210138e+01
4.723616295632535866e+01
4.621834642053067910e+01
4.555388527326329751e+01
4.500392451844780339e+01
4.436760052368465779e+01
4.340161669059065730e+01
4.238547140463703045e+01
4.156108222690601650e+01
4.060715376455161163e+01
3.968399370156724615e+01
3.891312495107803926e+01
3.805366156674550382e+01
3.771076925933889612e+01
3.708158511044332073e+01
3.608240920246803540e+01
3.511354464895756422e+01
3.433691378682586048e+01
3.375445837053113962e+01
3.348935188942537877e+01
3.297914332265191462e+01
3.177691244712309881e+01
3.052213378497283003e+01
2.897185230805338207e+01
2.809278010914482238e+01
2.676038394863111236e+01
2.585897368548597441e+01
2.490805422776360345e+01
2.394752952299353055e+01
2.321972679090255198e+01
2.256538059687126818e+01
2.137917232007198010e+01
2.030219426269896488e+01
1.929514571989794547e+01
1.856075325242217389e+01
1.761692247719410886e+01
1.638072977494354276e+01
1.472800987368034242e+01
1.326061603402055233e+01
1.145516771113186394e+01
1.027794718296147103e+01
9.290855740365127957e+00
7.808945192288002879e+00
6.352469891199998386e+00
5.042898879999991202e+00
3.841311999999995397e+00
2.748800000000000132e+00
1.120000000000000107e+00
