1.351854474854953594e+02
1.357024722075707643e+02
1.362247194015869241e+02
1.366310296985726325e+02
1.368798279783562180e+02
1.369291191700565378e+02
1.371405244141994046e+02
1.371520448628268696e+02
1.372040857200275354e+02
1.377415007273003482e+02
1.382035360881820338e+02
1.384278142304861774e+02
1.386139537681689262e+02
1.388827815840092796e+02
1.391543248323320938e+02
1.391861866993247077e+02
1.392183704033588469e+02
1.394933034377355057e+02
1.396498014522584299e+02
1.397270721739994599e+02
1.400071436101002291e+02
1.400880238485859479e+02
1.398464887359453712e+02
1.401681704403489164e+02
1.400082529700487157e+02
1.398467201717665773e+02
1.396835557290572751e+02
1.392359148778353983e+02
1.393494089675104703e+02
1.398276858257687820e+02
1.400279654805745224e+02
1.401898641217928514e+02
1.403938021432250878e+02
1.401957597406314449e+02
1.402381411521528207e+02
1.405233749011646012e+02
1.410135100011761438e+02
1.409429393951271834e+02
1.409120599950780388e+02
1.410828888839169792e+02
1.412554433170878667e+02
1.413893366839269845e+02
1.410397340241694906e+02
1.409694283072418557e+02
1.404943720275174144e+02
1.405801737651687233e+02
1.409496704698678400e+02
1.414441115857246416e+02
1.415799106926509126e+02
1.419999097905559893e+02
1.418988987783399409e+02
1.419180795740800249e+02
1.415334137111933615e+02
1.415084986981752309e+02
1.417257562607830721e+02
1.419048043038208675e+02
1.418432366705252150e+02
1.419830673439656152e+02
1.424879468120863066e+02
1.427959058707949680e+02
1.433089958290842674e+02
1.435848442718029503e+02
1.438634790624277855e+02
1.441853323862911225e+02
1.443488205922132011e+02
1.444331521133456704e+02
1.441546991043906871e+02
1.443582819236272314e+02
1.449679615390173808e+02
1.444928904434518415e+02
1.442958489327795633e+02
1.442584332654329557e+02
1.443822558236695670e+02
1.449113695188586348e+02
1.452842116352110793e+02
1.453375875103141084e+02
1.450682702124384491e+02
1.451598689014535637e+02
1.452523928297515567e+02
1.455074675047981714e+02
1.461691590957552478e+02
1.464738980765215501e+02
1.464988869459816101e+02
1.467261484302838994e+02
1.466728772023070633e+02
1.465786638407144267e+02
1.465239028694087153e+02
1.461857604741497312e+02
1.463290509839897027e+02
1.460697484686758969e+02
1.458482307764407437e+02
1.459477078549905116e+02
1.464118261161519570e+02
1.463553799153051784e+02
1.460559393083894406e+02
1.457534740488785872e+02
1.462560343928056739e+02
1.464808428210158127e+02
1.465059018394101713e+02
1.456423250903139035e+02
1.452144697881955153e+02
1.452267371597935437e+02
1.450775122826197503e+02
1.445227396794143431e+02
1.442047875549639855e+02
1.442068561161248681e+02
1.440473294102274906e+02
1.435225549598253565e+02
1.432753080402274009e+02
1.434700081214416514e+02
1.440707152741830441e+02
1.445966820951357192e+02
1.447239213082177685e+02
1.448928498062801964e+02
1.446190402083639981e+02
1.441000406145085151e+02
1.439798390045547194e+02
1.438180191965205950e+02
1.439777971682015902e+02
1.443008052204059766e+02
1.445866719398032387e+02
1.447946181210134000e+02
1.446006243646610301e+02
1.445258831966256992e+02
1.448140234309358902e+02
1.453070943746838282e+02
1.453607013885688275e+02
1.453340418066348718e+02
1.448626684915507496e+02
1.448713823146977120e+02
1.451630124390886181e+02
1.453363762010997107e+02
1.452286628293933575e+02
1.446350129589829976e+02
1.448434474333159869e+02
1.444075226599151449e+02
1.444924471312275500e+02
1.446994415466943735e+02
1.444640823703987280e+02
1.441455377478779099e+02
1.442278159069466312e+02
1.444321372797445804e+02
1.444365023027718280e+02
1.441176790937087162e+02
1.438764435289989478e+02
1.437539833626253483e+02
1.439535185481053929e+02
1.440338571192990855e+02
1.439129869891906424e+02
1.438717040294872902e+02
1.441128323530168700e+02
1.441543761141571167e+02
1.439539152668261579e+02
1.443574901685111627e+02
1.442398890591026372e+02
1.441211000596993870e+02
1.440415152118168294e+02
1.435974901129473551e+02
1.437954445585324095e+02
1.438741864227600615e+02
1.441557438613738498e+02
1.446825695569437187e+02
1.449722924817610021e+02
1.454669621027891253e+02
1.458858203058479148e+02
1.455008285917647584e+02
1.449099278704695166e+02
1.448383109802725528e+02
1.442003141214869402e+02
1.444043576984729498e+02
1.444488461600730318e+02
1.442917637980531822e+02
1.444563270687413592e+02
1.438952798674151836e+02
1.442578584519337426e+02
1.444624832847823370e+02
1.445075588735170413e+02
1.443106655288050888e+02
1.442329954836419006e+02
1.443161570541835204e+02
1.446021788426099306e+02
1.448910897400108979e+02
1.453041310505153945e+02
1.456001323742575835e+02
1.454142751255132282e+02
1.449841162883968479e+02
1.444688043317147503e+02
1.442311154865808760e+02
1.440314297844250291e+02
1.439105351357824247e+02
1.436268031674566146e+02
1.438654577449056831e+02
1.442277350958650572e+02
1.447148839352173013e+02
1.447221049850679719e+02
1.444465706919872616e+02
1.440470411030175910e+02
1.436030718212302872e+02
1.439626988093232853e+02
1.440027260700236695e+02
1.440431576464892203e+02
1.441648057035237684e+02
1.441260663671963016e+02
1.441677438052480511e+02
1.444522664699478298e+02
1.444568348181295221e+02
1.445018533516448542e+02
1.450725791430770357e+02
1.451642213566432815e+02
1.452163852087297471e+02
1.457539244532640055e+02
1.460544691447106231e+02
1.466408779239490343e+02
1.469503817413635147e+02
1.466569512539016671e+02
1.463605568221228737e+02
1.460207644667909790e+02
1.462431964311024046e+02
1.464678751829314649e+02
1.468564395787191188e+02
1.471681207865855185e+02
1.472809300874595237e+02
1.475160909974337073e+02
1.475112030277107920e+02
1.473446495229401876e+02
1.470956055787279126e+02
1.469248541199268629e+02
1.472372263837643800e+02
1.476739660442057414e+02
1.481959252971776380e+02
1.483191164617965967e+02
1.478374913755517923e+02
1.474722135106590883e+02
1.471032459703606889e+02
1.470133797680425118e+02
1.471650300687299762e+02
1.473990202714443569e+02
1.475949699711562175e+02
1.479141110819751646e+02
1.482768798807829853e+02
1.482796766472559113e+02
1.482825016638945499e+02
1.479217188524191613e+02
1.477593119721409494e+02
1.477972848203431795e+02
1.476740250710548139e+02
1.475899243141969635e+02
1.475453780951479246e+02
1.468539172678262901e+02
1.465191083513390993e+02
1.464637458094338740e+02
1.464886321307410810e+02
1.465541738694363687e+02
1.462163372418546032e+02
1.457134719614683434e+02
1.454479514762316512e+02
1.452605570466986649e+02
1.452732899461601619e+02
1.458922120668287050e+02
1.463153657240686982e+02
1.466215815394639037e+02
1.468096783226918944e+02
1.470400791138287389e+02
1.473536152664940460e+02
1.475895103701964786e+02
1.476257680507029306e+02
1.470563313643466188e+02
1.460366983478246254e+02
1.454916144927523476e+02
1.455066813058100763e+02
1.455219003088993190e+02
1.454160609180800350e+02
1.457131928465453825e+02
1.458921139864093277e+02
1.464364787741510838e+02
1.469055341153040786e+02
1.467732667831356537e+02
1.467608755385209349e+02
1.467079550894151225e+02
1.464120758478935329e+02
1.466384604524176893e+02
1.468671317701185330e+02
1.465324563334538936e+02
1.463560164984381800e+02
1.462181984832707258e+02
1.458365641245160305e+02
1.455722869944603417e+02
1.458709969641015505e+02
1.462939363273758033e+02
1.465595316438120221e+02
1.469894259028418730e+02
1.468580059624664784e+02
1.469272787499658648e+02
1.469164431817845298e+02
1.468650941230131934e+02
1.471768627505190921e+02
1.473705684348684883e+02
1.473642105402714435e+02
1.475194045861317136e+02
1.474741460465980936e+02
1.474688343905031900e+02
1.470190246368731550e+02
1.463626511483560648e+02
1.462249001498538519e+02
1.461665658079332104e+02
1.463500664726595915e+02
1.466162287602628282e+02
1.467234633942046855e+02
1.466297610042470012e+02
1.461310717214616943e+02
1.460717896176378190e+02
1.463351410279177571e+02
1.466011525534523230e+02
1.462233864176284612e+02
1.458822085026550610e+02
1.455375843461160343e+02
1.453106912587028035e+02
1.453643346047513774e+02
1.450952874795459593e+02
1.453487752318652326e+02
1.455644194261266193e+02
1.452973933597237988e+02
1.452700943027517724e+02
1.454849437401528576e+02
1.458231754951039534e+02
1.460436116112163916e+02
1.460238501123398294e+02
1.462867172851915711e+02
1.467946639244362075e+02
1.469441049741777761e+02
1.468930353274517984e+02
1.463970053812642789e+02
1.464616215972369275e+02
1.464460824214515640e+02
1.468748307287388855e+02
1.471462936653932445e+02
1.473800946115085537e+02
1.474950450621296909e+02
1.475303485476060530e+02
1.478488369167735641e+02
1.478069059765388431e+02
1.476029353298368676e+02
1.476797326564003470e+02
1.474744774307085606e+02
1.473883610411198504e+02
1.473013747890081220e+02
1.470114896858684119e+02
1.467590804907753181e+02
1.468677580714902717e+02
1.471795536075658219e+02
1.474944985935006230e+02
1.480146450439407602e+02
1.484188333777181015e+02
1.482614478562800002e+02
1.484257049053334754e+02
1.483491968740747495e+02
1.478274715899746354e+02
1.475024965555300298e+02
1.472146429853839322e+02
1.469642858438223243e+02
1.469942281250732208e+02
1.469840688132049422e+02
1.473374432456620582e+02
1.477751951976377711e+02
1.478537325228659256e+02
1.476906389119862695e+02
1.475663019312995061e+02
1.474407090215152039e+02
1.473542515368830834e+02
1.478325773099834635e+02
1.476692700100842615e+02
1.473426969798831578e+02
1.470936333130129583e+02
1.471248821343573638e+02
1.468736183175319923e+02
1.466198164823552759e+02
1.470099156387434789e+02
1.475251673118609972e+02
1.478436033453147331e+02
1.480440437831464351e+02
1.479232765486325718e+02
1.481245217662951745e+02
1.484490118851471152e+02
1.487767796819663033e+02
1.488250299817844677e+02
1.489949797795805750e+02
1.489242219995763037e+02
1.492971939389660179e+02
1.495123171100671868e+02
1.488811283940064527e+02
1.487284125191982866e+02
1.490590025446454945e+02
1.497161641865100421e+02
1.499759234207172369e+02
1.503595186067859402e+02
1.503025440472583512e+02
1.506894384315743878e+02
1.509994327591654155e+02
1.512721543021872890e+02
1.514668225274625684e+02
1.516230530580419043e+02
1.514980333919617408e+02
1.512101347393559934e+02
1.511617522619750957e+02
1.509108608706815460e+02
1.506574352229113174e+02
1.505226618413241226e+02
1.503057190316411322e+02
1.504098172036772780e+02
1.505957749532101957e+02
1.507432070234446542e+02
1.512153606297422357e+02
1.509246066967089916e+02
1.511157643401098198e+02
1.508240043839498696e+02
1.506101054383328233e+02
1.508788943821543569e+02
1.514736306890454500e+02
1.515087178677219981e+02
1.516249675431525930e+02
1.521868359021750052e+02
1.527543796991674014e+02
1.530448279789559649e+02
1.528533615949058628e+02
1.529427894898038289e+02
1.527098883735390302e+02
1.527978670439789539e+02
1.528867343878572456e+02
1.525320549372295034e+02
1.522141969062933811e+02
1.520951483901943675e+02
1.519748973638329801e+02
1.512473710745790072e+02
1.506337081561405284e+02
1.502966749051923330e+02
1.498754291971641806e+02
1.498135648456198226e+02
1.499530958036563675e+02
1.502556523269265085e+02
1.504400528554811558e+02
1.504242958136179311e+02
1.503679755693101470e+02
1.500686621912227281e+02
1.500087496881032223e+02
1.496249996849533090e+02
1.494797976615683979e+02
1.496563612743118767e+02
1.493094558326376387e+02
1.494438947804426334e+02
1.490948432125687475e+02
1.487422658712817167e+02
1.487901675467484495e+02
1.487981490371191171e+02
1.488870192294140793e+02
1.492596153832468246e+02
1.499592074578252152e+02
1.502214216745704789e+02
1.504054764389597096e+02
1.505105822615759905e+02
1.501723053147231894e+02
1.504366720350732862e+02
1.508249212475492413e+02
1.514595164116655894e+02
1.516156731430967000e+02
1.517734072152498186e+02
1.521751588032825850e+02
1.520557159629109663e+02
1.521774908716273558e+02
1.525833241127552640e+02
1.529932566795502566e+02
1.527608653328784385e+02
1.524453185180595653e+02
1.524498166849090524e+02
1.522927441261707315e+02
1.520936809355267201e+02
1.516501827631569483e+02
1.514446290536947402e+02
1.514390192461555387e+02
1.514737568142985253e+02
1.510644008225246182e+02
1.511357584065899857e+02
1.512886448551415981e+02
1.514026715708499751e+02
1.515582541119693758e+02
1.515537920322925629e+02
1.513472646790831959e+02
1.510174390697810054e+02
1.508458980502838074e+02
1.507938364144282843e+02
1.501755923378070747e+02
1.502379720583908522e+02
1.502605778367578466e+02
1.500813917543013361e+02
1.498599916710111870e+02
1.496363552232441521e+02
1.495720759830745124e+02
1.493455312960342667e+02
1.489146780768022040e+02
1.488835132088910029e+02
1.486500133423150203e+02
1.485757710528438906e+02
1.487432030836796457e+02
1.490335384683634175e+02
1.490843822912761709e+02
1.490549316073500279e+02
1.493888198054038980e+02
1.497260806115193361e+02
1.495010915267866380e+02
1.494354459866535478e+02
1.494095414006604017e+02
1.493429711117775582e+02
1.489929001129073356e+02
1.486796970837454239e+02
1.486057546300453396e+02
1.487330854848943318e+02
1.487404903887820069e+02
1.487883741300827012e+02
1.492407819495774959e+02
1.496169514642201932e+02
1.499565166305259254e+02
1.503399157884097690e+02
1.508079957458683111e+02
1.512403997433016798e+02
1.512731310538397622e+02
1.515082131856968886e+02
1.519476900865626874e+02
1.519067576631947816e+02
1.512997552153478011e+02
1.514542981973208668e+02
1.512871698962838991e+02
1.508355251477617287e+02
1.507833587351124436e+02
1.506498573081943562e+02
1.507978356648427791e+02
1.507048845099418486e+02
1.506513984948924474e+02
1.507993924190820394e+02
1.507468610293758218e+02
1.504917788175520457e+02
1.505169483005572602e+02
1.502595437379364967e+02
1.494742866039763101e+02
1.489235218221975856e+02
1.483671937597962938e+02
1.479668623836324741e+02
1.478049114986190489e+02
1.478837489885027026e+02
1.479633828166704461e+02
1.482458412289601881e+02
1.482887285141013365e+02
1.480492207213143843e+02
1.479285057791054214e+02
1.483722280597018255e+02
1.480123515754570462e+02
1.480528803792493306e+02
1.483362428073224919e+02
1.487436796033559574e+02
1.492764440437938731e+02
1.490469131755492924e+02
1.492999122985347640e+02
1.491514265641764041e+02
1.488802288527039082e+02
1.482830594471757024e+02
1.483263226739148593e+02
1.481680027009240348e+02
1.483313158595187531e+02
1.489003190500191067e+02
1.492326455050697689e+02
1.493259045505753022e+02
1.489352571217932280e+02
1.488638960826202151e+02
1.485493899824442394e+02
1.488377676590345402e+02
1.487250178374084726e+02
1.483283008458675170e+02
1.483720210564318620e+02
1.478101222792239184e+02
1.474445679588120868e+02
1.470753211705171850e+02
1.468639607782998837e+02
1.467716775538388561e+02
1.471633106604427894e+02
1.475184956166090444e+02
1.473520157743531911e+02
1.473050664387399422e+02
1.470960267057983231e+02
1.469656835412104670e+02
1.471976601426360673e+02
1.472299597400368896e+02
1.475454138788257410e+02
1.477832463422479066e+02
1.477810569113616168e+02
1.475768251629912413e+02
1.473301264272636786e+02
1.477678044719837374e+02
1.482503075474579646e+02
1.487780884317757000e+02
1.495132206381573212e+02
1.500941622607652732e+02
1.500749113745106911e+02
1.498938498732427718e+02
1.497513635083260226e+02
1.501730944528545422e+02
1.505182772251052370e+02
1.506245224496015851e+02
1.506914368177793904e+02
1.505570068866460360e+02
1.508252594814609324e+02
1.510154136176372504e+02
1.508438521390273195e+02
1.509129819586132726e+02
1.506595777359733006e+02
1.505652300363366294e+02
1.505911414508451287e+02
1.500112539907528912e+02
1.491830848391439872e+02
1.485485705445904330e+02
1.485541116612018300e+02
1.485597087486896157e+02
1.479593017663530077e+02
1.477568704710634790e+02
1.472695661323867569e+02
1.468177435680682095e+02
1.461593369374427311e+02
1.459791282196388522e+02
1.456354830501402091e+02
1.461772556062025501e+02
1.466840965719216570e+02
1.469132288605270560e+02
1.474679079399268744e+02
1.476241494342687588e+02
1.473375246810803674e+02
1.472500249303833755e+02
1.472424494246300242e+02
1.467903529541716239e+02
1.467377302567385868e+02
1.464421517744833636e+02
1.458607593681649917e+02
1.455563225941060921e+02
1.454508309031379554e+02
1.453038695991294844e+02
1.454382521203327769e+02
1.454123758791241983e+02
1.454266423021450407e+02
1.454814568708538900e+02
1.455772291624787158e+02
1.453103324873526674e+02
1.452427600882344336e+02
1.452149091800347378e+02
1.453079890707426216e+02
1.454020091623659425e+02
1.459010193559249160e+02
1.460414336928541843e+02
1.460216501948011114e+02
1.458804547422236340e+02
1.452125805477010090e+02
1.442551318663647919e+02
1.433688200670352444e+02
1.436048687545807638e+02
1.439645138935158570e+02
1.442873877712277988e+02
1.444923108800285263e+02
1.438104150303321376e+02
1.434044596265982250e+02
1.433176359864625340e+02
1.428662989762251243e+02
1.423295949254799950e+02
1.419086817429090956e+02
1.420491734776857697e+02
1.424335085633189806e+02
1.428621298619380298e+02
1.428506362241796239e+02
1.427178143678585513e+02
1.426240549170284453e+02
1.422061160778069393e+02
1.418647637149561263e+02
1.413987512272288427e+02
1.411704557850797528e+02
1.412630866515958132e+02
1.411546329814099181e+02
1.413683161428384949e+02
1.415437536796348752e+02
1.409936905854895599e+02
1.407208995813021772e+02
1.404453531124270853e+02
1.400862152650777261e+02
1.393194093586637621e+02
1.389084943016810314e+02
1.385338326279600665e+02
1.383574066949100825e+02
1.380983906009186626e+02
1.377559501019385095e+02
1.373696465676142111e+02
1.369794409773880659e+02
1.369489302801901260e+02
1.368373033133234173e+02
1.369265690033568319e+02
1.368147161650072974e+02
1.368229456212192474e+02
1.369120662840601028e+02
1.374465316000604389e+02
1.376631632323844769e+02
1.380435992246307251e+02
1.384278780046772113e+02
1.387756343481592864e+02
1.388036710587462608e+02
1.393572434936832849e+02
1.398760035289734276e+02
1.400363672009831078e+02
1.404407749504875937e+02
1.403240151015030790e+02
1.404889041429323981e+02
1.405746506494266725e+02
1.404996471206329147e+02
1.405046940612450328e+02
1.402269636982270242e+02
1.402696603012401511e+02
1.396663235366061997e+02
1.390972965016221394e+02
1.385629257592143233e+02
1.381443694537516649e+02
1.380448176300526484e+02
1.380250683131840788e+02
1.382071397102868389e+02
1.381890300103909510e+02
1.380091212226168977e+02
1.379082032551685018e+02
1.374830335910794474e+02
1.369727612031108492e+02
1.367401628314245841e+02
1.366264271024493837e+02
1.363499263661105942e+02
1.361110367334451041e+02
1.361525623570151708e+02
1.362753155121365012e+02
1.365205207193297383e+02
1.367277987063939690e+02
1.367755542488826279e+02
1.367025800493764223e+02
1.369521010599759450e+02
1.371637384444205736e+02
1.372158974186066303e+02
1.373897953723299565e+02
1.373230256286161932e+02
1.373363895238545354e+02
1.373902924483379024e+02
1.368790832811491498e+02
1.367667507890398895e+02
1.366936876656968138e+02
1.365390784501991277e+02
1.363020994446457053e+02
1.357394943885307157e+02
1.354136306954859492e+02
1.349632633287733654e+02
1.349931952815897205e+02
1.351446416985752421e+02
1.349743855541165658e+02
1.351660460142588818e+02
1.346323697113725757e+02
1.344165350619924766e+02
1.342389243050430707e+02
1.338170952576194281e+02
1.338354497551712257e+02
1.338135856112838837e+02
1.334682682942261351e+02
1.337255235295214391e+02
1.337833571005266151e+02
1.339629869702290250e+02
1.337403908790195430e+02
1.335559503828476977e+02
1.334504549321694356e+02
1.333438938708781052e+02
1.331554483544227594e+02
1.333691397519415887e+02
1.338678179312543648e+02
1.342099171022771884e+02
1.344342596992700862e+02
1.349032926255253813e+02
1.348518107328537496e+02
1.352442532655085472e+02
1.356002558237458686e+02
1.357174301249962411e+02
1.359570001262588619e+02
1.361181819457160600e+02
1.360385676219353286e+02
1.357561289110454652e+02
1.353900292030762955e+02
1.349394234374509551e+02
1.346458822600513656e+02
1.342685679394453757e+02
1.338470383226724891e+02
1.334212508309819896e+02
1.329911624555377898e+02
1.317082449045836654e+02
1.307760049541249145e+02
1.297131363172979377e+02
1.291243801184823496e+02
1.288529092105882512e+02
1.284170800106954857e+02
1.282596767784803546e+02
1.281006836146263765e+02
1.281421046612387897e+02
1.280223279406451695e+02
1.283861898390356373e+02
1.281880705444807234e+02
1.284323944893741327e+02
1.285175701912873194e+02
1.285632022134210786e+02
1.288921234479005875e+02
1.293455792403030671e+02
1.295611911518211912e+02
1.299405971230518162e+02
1.299197950737897997e+02
1.299391869432221540e+02
1.292315019628505013e+02
1.291631332958085068e+02
1.288516497937458780e+02
1.282541917108544567e+02
1.281759512230852067e+02
1.281777285081670641e+02
1.278966954627947814e+02
1.274512075381765470e+02
1.268396035739158094e+02
1.265450541150660797e+02
1.262879334495623027e+02
1.260282156056182998e+02
1.258870864703218047e+02
1.260677641114355509e+02
1.258058223347836844e+02
1.256624468028117434e+02
1.256792391947594325e+02
1.256557971664238380e+02
1.257129264307309739e+02
1.258110367987178932e+02
1.257081179785030542e+02
1.258061797762660348e+02
1.255819997740056664e+02
1.253959593676827353e+02
1.250868276441241704e+02
1.250978057011351865e+02
1.249068744455914555e+02
1.249160347935263644e+02
1.248848836298246852e+02
1.250150339695200614e+02
1.248636706762830499e+02
1.243875461376598821e+02
1.239470163006664336e+02
1.235020366673399650e+02
1.232949865326664138e+02
1.231666530632992362e+02
1.225925788518169242e+02
1.217298776280981087e+02
1.206968460889880248e+02
1.196937839282708467e+02
1.184381655841117151e+02
1.177759248324364449e+02
1.173494190226626728e+02
1.173226454774377316e+02
1.173360055327651565e+02
1.176323288209748057e+02
1.168811402232070265e+02
1.162031719426330199e+02
1.154779514572049948e+02
1.147050014719244615e+02
1.142474762342672108e+02
1.134620972063303412e+02
1.123859567740710617e+02
1.113393502768396530e+02
1.108074245220599323e+02
1.103105298202627438e+02
1.094449796164267354e+02
1.080050299155826679e+02
1.069949797127096787e+02
1.059343229421311605e+02
1.050245686284152953e+02
1.038632006347630039e+02
1.037810107421847761e+02
1.034151623658429315e+02
1.032072347129728911e+02
1.027143784979523815e+02
1.024993722201540578e+02
1.019185577981350406e+02
1.017763210082175078e+02
1.012690111194114451e+02
1.011202132519310197e+02
1.012123366181120758e+02
1.011437743617293421e+02
1.012361357189184901e+02
1.010466017362811755e+02
1.008551532689710086e+02
1.004597507767383320e+02
1.002623745219579234e+02
1.000630045676341808e+02
9.941717633094367557e+01
9.876482457671070847e+01
9.822709553203122823e+01
9.820918740609209863e+01
9.798907818797171387e+01
9.776674564441600523e+01
9.725933903476359887e+01
9.682761518662968570e+01
9.586627796629265674e+01
9.481442218817441869e+01
9.431759816987310785e+01
9.385615976754877465e+01
9.306682804802899511e+01
9.279477580608988774e+01
9.239876344049474710e+01
9.220077115201497975e+01
9.200077894142930290e+01
9.179876660750440465e+01
9.175632990657005905e+01
9.126902010764644047e+01
9.057476778550140750e+01
9.015633109646634580e+01
8.961245565299623195e+01
8.910349055858185352e+01
8.915504096826467162e+01
8.892428380632794926e+01
8.836796344073528076e+01
8.788683175831850747e+01
8.715841591749338590e+01
8.650345042171051091e+01
8.584186911283890709e+01
8.525441324529182907e+01
8.462061943968863886e+01
8.377840347443297730e+01
8.304889239841725157e+01
8.247362868527000046e+01
8.205417038916148442e+01
8.159007110016318620e+01
8.059603141430616802e+01
7.963235496394550239e+01
7.845692420600560979e+01
7.759285273333904343e+01
7.659884114478686001e+01
7.543317287352216738e+01
7.474057866012333307e+01
7.355614006073066946e+01
7.203650511184928007e+01
7.106717688065587879e+01
6.996684533399566419e+01
6.897661144848053993e+01
6.781475903886915546e+01
6.639874650390838440e+01
6.513004697364485196e+01
6.396974441782302989e+01
6.295933779578084000e+01
6.193872504624337694e+01
6.062497479418525614e+01
5.986361090321734224e+01
5.897334434668420755e+01
5.815489327947904030e+01
5.740898311058483472e+01
5.625149809149993274e+01
5.536514958737363656e+01
5.459106018926636494e+01
5.364753554471347030e+01
5.253286418657933865e+01
5.140693352179732045e+01
4.994639749676502305e+01
4.859232070380305402e+01
4.726497040788190418e+01
4.620704081604235114e+01
4.493640486468923001e+01
4.381455036837296291e+01
4.308540441249797226e+01
4.202566102272524518e+01
4.103602123507604915e+01
3.995557700512733135e+01
3.926825960113870906e+01
3.849319151630174218e+01
3.766989042050674641e+01
3.679786911162300100e+01
3.591703950668991752e+01
3.498690859261601815e+01
3.404738241678386146e+01
3.330038627957966924e+01
3.274786492886831013e+01
3.158370194835184463e+01
3.048858782661801925e+01
2.950362406729089670e+01
2.822588289625344871e+01
2.669281100631662795e+01
2.482102121850162746e+01
2.309194062474911391e+01
2.187064709570617538e+01
2.067742130879412343e+01
1.922971849373143272e+01
1.809062474114285379e+01
1.633396438499278602e+01
1.500400442928563649e+01
1.353939841341982486e+01
1.177717011456548590e+01
9.875929408652005748e+00
8.319120614799997426e+00
6.786990519999994476e+00
4.875747999999994420e+00
2.945199999999999818e+00
1.479999999999999982e+00
