1.294294674351428398e+02
1.300499671062055427e+02
1.304343102082877692e+02
1.307013234427151360e+02
1.309306297401168990e+02
1.308794239799151171e+02
1.307872969494096367e+02
1.309770676256659101e+02
1.315727955814805625e+02
1.318109046277589300e+02
1.318898026543014623e+02
1.319290935902039621e+02
1.323324177678819922e+02
1.324165836039211968e+02
1.320571551554757832e+02
1.318153082378557031e+02
1.317730386240956761e+02
1.320535743677733080e+02
1.320541155230043273e+02
1.319334500232371283e+02
1.322560101244820601e+02
1.321777880045268887e+02
1.325028161661883814e+02
1.325482991577657117e+02
1.327558577351172744e+02
1.326018765001182089e+02
1.323251277778973645e+02
1.327728563413103871e+02
1.324978346881923699e+02
1.319372067557499690e+02
1.310476835916664413e+02
1.309976601936022576e+02
1.312299597915185529e+02
1.312625856479975539e+02
1.314167531797953075e+02
1.315724779593903691e+02
1.314065433933224938e+02
1.312389327205283109e+02
1.315948815358864579e+02
1.319140217534215367e+02
1.319131532862838867e+02
1.319122760467519129e+02
1.319921980270217432e+02
1.314668666939608670e+02
1.312594613070322396e+02
1.314944053606381260e+02
1.315701064248865748e+02
1.318485923483715396e+02
1.319278710589600507e+02
1.313614859181413976e+02
1.313954403213546414e+02
1.319549902235908405e+02
1.317121113369610441e+02
1.317900114514751522e+02
1.315858701530061126e+02
1.317028991444499866e+02
1.315786860044953812e+02
1.314532181863593223e+02
1.315689072589480304e+02
1.317665729888368844e+02
1.320470434230675778e+02
1.324515590131993292e+02
1.329005646597970554e+02
1.332328935957543763e+02
1.330029228239946804e+02
1.329726493171662582e+02
1.328208578961281887e+02
1.329099574708361615e+02
1.329595530008446076e+02
1.332116696978234245e+02
1.334259289877003596e+02
1.331979080683839527e+02
1.328463717862458964e+02
1.325720927133801297e+02
1.324162552660409062e+02
1.326224800667076522e+02
1.328307879461697212e+02
1.330411999456256069e+02
1.330113130763899107e+02
1.333043566428175382e+02
1.331155117604220663e+02
1.329247593539615195e+02
1.326916761151128128e+02
1.329814910253652158e+02
1.330318091165316332e+02
1.333250597136679971e+02
1.336212724380492318e+02
1.334356287253016262e+02
1.332481098235368222e+02
1.334223331550880971e+02
1.334771041970585372e+02
1.339364688859183161e+02
1.341580493797150950e+02
1.342606559391064707e+02
1.344451070091982672e+02
1.344698050597959025e+02
1.342119243028237463e+02
1.339110346493181112e+02
1.335262976255727381e+02
1.334609066924980141e+02
1.336372794873728083e+02
1.336538176640130757e+02
1.337917350141542272e+02
1.336482171860132553e+02
1.339476941272868089e+02
1.340077718457437754e+02
1.340684564098424119e+02
1.344125822321642829e+02
1.346793759920847435e+02
1.348680565576602248e+02
1.349374308663247461e+02
1.346842736023479858e+02
1.344285591942915516e+02
1.340894537316069659e+02
1.341913674056639536e+02
1.344559266723879034e+02
1.345211380529163989e+02
1.342233717706239133e+02
1.343266381521445112e+02
1.347137759112577555e+02
1.350644201123801622e+02
1.350549698104854315e+02
1.350050200105912950e+02
1.348737575864567759e+02
1.349027854408647045e+02
1.350937226675401064e+02
1.349229521894347954e+02
1.347100527166006145e+02
1.347374269864655503e+02
1.347246737237024661e+02
1.350754280037398303e+02
1.351064929330702284e+02
1.352186797303738501e+02
1.350895754852265611e+02
1.352823994800262142e+02
1.349115146262898293e+02
1.348197117437267138e+02
1.343633451956833369e+02
1.336195406017011180e+02
1.337571117188894902e+02
1.340980926453436268e+02
1.339980733791342686e+02
1.339778518981156310e+02
1.343614665637527708e+02
1.343045116805588464e+02
1.344490016975337880e+02
1.343121229268021182e+02
1.340122453806076237e+02
1.338709549299065600e+02
1.337686413433404482e+02
1.339481225690322219e+02
1.341698207767991846e+02
1.341917381583831457e+02
1.346583213721046661e+02
1.349275973455595476e+02
1.354016134803636362e+02
1.354359732124883067e+02
1.357131042550383881e+02
1.361142467222605887e+02
1.358325724467271982e+02
1.357904772189174025e+02
1.356671487059777519e+02
1.359870188949263365e+02
1.363909281766929098e+02
1.363544729057513791e+02
1.365600736421727674e+02
1.364445188304778185e+02
1.363682008388663291e+02
1.365335362008747779e+02
1.371045820210862871e+02
1.372773555768541769e+02
1.375730864412668666e+02
1.377101883245122167e+02
1.383739276005180727e+02
1.386807349500180067e+02
1.385866009596144863e+02
1.388551524844577898e+02
1.385607600853116423e+02
1.383037980659704544e+02
1.381250485514861452e+02
1.379444934863487902e+02
1.373984782690397424e+02
1.370893719889290878e+02
1.368175474635648072e+02
1.365429772359238996e+02
1.363868456928526882e+02
1.359059047402546412e+02
1.357433381214700603e+02
1.358215536580505898e+02
1.359409632909601839e+02
1.359807710009699520e+02
1.355765363646159187e+02
1.355318549137539321e+02
1.352442978926805210e+02
1.353174726188699424e+02
1.353509824433021720e+02
1.354252347912153311e+02
1.355002371628426943e+02
1.352931688513567678e+02
1.354476453044007087e+02
1.347551972771729822e+02
1.340153507850236281e+02
1.333892432171950020e+02
1.332012557749447126e+02
1.334962179544896514e+02
1.335517353075652238e+02
1.340118538460255024e+02
1.339109634808334306e+02
1.338898621018524864e+02
1.339089516180328587e+02
1.340090420384165384e+02
1.342717596347646634e+02
1.342543026613781194e+02
1.340346491529080311e+02
1.339339890433402900e+02
1.335898879225666747e+02
1.338079675985526080e+02
1.340686541399512919e+02
1.342107617575269103e+02
1.341926886439663065e+02
1.344572612565317513e+02
1.348457184409407148e+02
1.349956751928701806e+02
1.354299749422930006e+02
1.357070453962551539e+02
1.358252983800557274e+02
1.358235337172281731e+02
1.357005391083120855e+02
1.354550900083955867e+02
1.351667575842384679e+02
1.354411692770081004e+02
1.358799689666747099e+02
1.360403726936114595e+02
1.363236087814250368e+02
1.365693017994185823e+02
1.365750523226454334e+02
1.365404568915615187e+02
1.359802594864257514e+02
1.358992520064897747e+02
1.355750020267581135e+02
1.354899010371291013e+02
1.356059606435647993e+02
1.357231925692577192e+02
1.359628207770280426e+02
1.359624452293213039e+02
1.361236820498193651e+02
1.360441232826453870e+02
1.362061851339860539e+02
1.361274597312975914e+02
1.362499593245439939e+02
1.364545043682261110e+02
1.365399034022485125e+02
1.363837408103526343e+02
1.365896371821743003e+02
1.365551890729027207e+02
1.361567566392959066e+02
1.361179359992886475e+02
1.363615515144332448e+02
1.358803550650842169e+02
1.358791465303872883e+02
1.358779257882699198e+02
1.355938644325969165e+02
1.352665297298965754e+02
1.349762926564600605e+02
1.351679723802625688e+02
1.353615882628916154e+02
1.353147356190834500e+02
1.353078137566495514e+02
1.349371856127770002e+02
1.350476622351287972e+02
1.348764265001295541e+02
1.350266934344741401e+02
1.352188822570447826e+02
1.350897800576202030e+02
1.348785657147680013e+02
1.347460259745140831e+02
1.347737636106199943e+02
1.343977410208278229e+02
1.345431727483113775e+02
1.343668411599101375e+02
1.345927688483947691e+02
1.348209786347414649e+02
1.352131097320624917e+02
1.352051613455179222e+02
1.349143043894117966e+02
1.347013175650623680e+02
1.346477955202643386e+02
1.343513086063282174e+02
1.340922309154833840e+02
1.339113443590744055e+02
1.340518629889640181e+02
1.342342050393571640e+02
1.340143485246024682e+02
1.340346954793971008e+02
1.340956519993909808e+02
1.343592444438295672e+02
1.345446913574031669e+02
1.343683751084883227e+02
1.343518940489772149e+02
1.347796909585633784e+02
1.346865565238016700e+02
1.343500570947495873e+02
1.341313708027774112e+02
1.340316876795726273e+02
1.341330178581548580e+02
1.341545634930848507e+02
1.337722863566518186e+02
1.330629155117689209e+02
1.326292075876455954e+02
1.321507147349951481e+02
1.320310249848438104e+02
1.317485100857011844e+02
1.318267778643455586e+02
1.319866443074185156e+02
1.321077215226459032e+02
1.323108298208535984e+02
1.327180099200544419e+02
1.331293029495498672e+02
1.330599019692429295e+02
1.327473757265080678e+02
1.329165411378865542e+02
1.329662031695823714e+02
1.327335385551339755e+02
1.326197359142774133e+02
1.326663999134106291e+02
1.327943433468799412e+02
1.329235791382627667e+02
1.328925041800629288e+02
1.328207112929935931e+02
1.328694053464575120e+02
1.326761670166234808e+02
1.327638050672965164e+02
1.330543485528243082e+02
1.330649985382070781e+02
1.328737358971789320e+02
1.328421574718980196e+02
1.326486439110079516e+02
1.324127716272809039e+02
1.324169410376578639e+02
1.323403444824820383e+02
1.321417621035176637e+02
1.321431940439566119e+02
1.317001960039967230e+02
1.317375717212085249e+02
1.318561330517269425e+02
1.321375081330566843e+02
1.316540486192495791e+02
1.310040895143933142e+02
1.309940298125176525e+02
1.309838684974936314e+02
1.311352207045382841e+02
1.307224451560994396e+02
1.300630759152526252e+02
1.299627029446986910e+02
1.298209120653534114e+02
1.296372849144977693e+02
1.295730150651494341e+02
1.297505202678281364e+02
1.300106265331593249e+02
1.303945722557170939e+02
1.306611840966832858e+02
1.311325091885683491e+02
1.312045547359290083e+02
1.310349037736652349e+02
1.310251553269342253e+02
1.310557124514490113e+02
1.312077903549986502e+02
1.313210003585840298e+02
1.307080811702870164e+02
1.305334153235229735e+02
1.304781972964873660e+02
1.305436336328151015e+02
1.303269026594099103e+02
1.299463663226357824e+02
1.298044104269050933e+02
1.296206165928333860e+02
1.302026430230644962e+02
1.304269121445097142e+02
1.303706183277870707e+02
1.305561801290778874e+02
1.309456364940182311e+02
1.309349863575946529e+02
1.307222084420145904e+02
1.307901095373882754e+02
1.308991005428173651e+02
1.309283843866830921e+02
1.308367519057411243e+02
1.305017696017590083e+02
1.302846157593520786e+02
1.301864805650027392e+02
1.304509904696986951e+02
1.307181721916146273e+02
1.307052244359750830e+02
1.304497216524999885e+02
1.304744663156570539e+02
1.306206730461184691e+02
1.302431040869879553e+02
1.300637415020077867e+02
1.300845873757661195e+02
1.304288761371367116e+02
1.304130061991287164e+02
1.305585921203314967e+02
1.306652445659911734e+02
1.308941864302937859e+02
1.306001883134290722e+02
1.306264528418474811e+02
1.304509624665120384e+02
1.302332954207199975e+02
1.298114095158783812e+02
1.295468782988676253e+02
1.300877558574410102e+02
1.303108645024662167e+02
1.302533984873395809e+02
1.303569681690300683e+02
1.302191597666959524e+02
1.299991512794915138e+02
1.299789406863547754e+02
1.299989299862172345e+02
1.294534646325429037e+02
1.293469339722651910e+02
1.293605393659240406e+02
1.286470094605296310e+02
1.285727368288177672e+02
1.287401382109272845e+02
1.286264022332605919e+02
1.288751537709692343e+02
1.290052058292626214e+02
1.289345513426893888e+02
1.291056074168576799e+02
1.290359670877342353e+02
1.291676435229648519e+02
1.293006500231967095e+02
1.294754040638354411e+02
1.295307111755907385e+02
1.297077890662531274e+02
1.300078677436903263e+02
1.297453209532225173e+02
1.295205262153766910e+02
1.293742689044204326e+02
1.294285544489105177e+02
1.297662166150612109e+02
1.297436531465257872e+02
1.299632860065918862e+02
1.297406929359514720e+02
1.295562554908602522e+02
1.296931873645051780e+02
1.297910983479842741e+02
1.298495942908934353e+02
1.294238326170643063e+02
1.291957905222871545e+02
1.292886772952400634e+02
1.288572497931714338e+02
1.291487371648196074e+02
1.294027648129480497e+02
1.293765301140907411e+02
1.296732627415052832e+02
1.300538007489953714e+02
1.304381825747427399e+02
1.303820026007503543e+02
1.302848511118684200e+02
1.298634859715839127e+02
1.295186726985701284e+02
1.294532047460311048e+02
1.295486916626573759e+02
1.295239309723809242e+02
1.295393242145269141e+02
1.295952769843696046e+02
1.298538151357271602e+02
1.294685001370979194e+02
1.294025253910083961e+02
1.295379044353618099e+02
1.295534388235977019e+02
1.291246856804020240e+02
1.291360461418199463e+02
1.288646930725462596e+02
1.287118111843893757e+02
1.284765769539284577e+02
1.284005827817464649e+02
1.286066492744910192e+02
1.290168174489807598e+02
1.289866842919001044e+02
1.288350346382825364e+02
1.289646814528105949e+02
1.292572539927380149e+02
1.294315696896344434e+02
1.297692623127618674e+02
1.303123861745072531e+02
1.302549355298045271e+02
1.300756924543487116e+02
1.299754469235834904e+02
1.295105524480654537e+02
1.292429822707721883e+02
1.294171538088611442e+02
1.298759129382434310e+02
1.300564777153973921e+02
1.304408865812101226e+02
1.307079662436461547e+02
1.309777436804502315e+02
1.309674178590409781e+02
1.311186038980215187e+02
1.312713170687082425e+02
1.313851687562717530e+02
1.315001704608799855e+02
1.315355257180603701e+02
1.314096219374347072e+02
1.312824464014496186e+02
1.312347943448985177e+02
1.313886811564633490e+02
1.318269506630937826e+02
1.317039905687821317e+02
1.318626167361431101e+02
1.315784007435794649e+02
1.313721219632110149e+02
1.317294161244562076e+02
1.320095112368237267e+02
1.319287992291145315e+02
1.315644436657725862e+02
1.314792360260328223e+02
1.317568040667004254e+02
1.318351556229289372e+02
1.319547026494237514e+02
1.320754572216391125e+02
1.321974315370097770e+02
1.325630621585955566e+02
1.326091536955515835e+02
1.327365188843954513e+02
1.325823423074702703e+02
1.322649922297678984e+02
1.324292850805736919e+02
1.322720051318922856e+02
1.322747526584770981e+02
1.319946996550278868e+02
1.321562622778056380e+02
1.323598608866726636e+02
1.323634958451234809e+02
1.323267634799231871e+02
1.315219833130537950e+02
1.313151346596500559e+02
1.313890249087375821e+02
1.314636615239773789e+02
1.312966278019971469e+02
1.316127553555519967e+02
1.316896518742952651e+02
1.317269210851468983e+02
1.312797182678251602e+02
1.317572911796214896e+02
1.317952436157789577e+02
1.317527713290697022e+02
1.317502740697676984e+02
1.317073475452203297e+02
1.315023712577977619e+02
1.314569406644418734e+02
1.315726673378203770e+02
1.315683508462827831e+02
1.314023745922052342e+02
1.312751258507121292e+02
1.310253796471844225e+02
1.308943228759433737e+02
1.310447705817612700e+02
1.313179500825879131e+02
1.318767172551387432e+02
1.317542598536756202e+02
1.312669291451264826e+02
1.306130597425517692e+02
1.298313734773254851e+02
1.295266398760859943e+02
1.296632726021075825e+02
1.293568410122296655e+02
1.294513545578072353e+02
1.295468227856642045e+02
1.296028512986508758e+02
1.299826780794457477e+02
1.304471495751973009e+02
1.303910601769669313e+02
1.306980405827951586e+02
1.306040813967627514e+02
1.305495771684470583e+02
1.305349264327749097e+02
1.304393196290650963e+02
1.303831511404703463e+02
1.300839910509797051e+02
1.297010010615959743e+02
1.292333344056526130e+02
1.288417519249014447e+02
1.288502544695980703e+02
1.288992469389878863e+02
1.283830777161492449e+02
1.280637148647971060e+02
1.277411261260574094e+02
1.276172991172299476e+02
1.272497970881112508e+02
1.274038354425365043e+02
1.276402378207433514e+02
1.278386240613571800e+02
1.277561859205626718e+02
1.279153393136994481e+02
1.281569083976762897e+02
1.283605135330068947e+02
1.285257712454614420e+02
1.286522941873345474e+02
1.289013072599342138e+02
1.290720275352865372e+02
1.293252803386733945e+02
1.292174548875489108e+02
1.292297524116655723e+02
1.291209620319855560e+02
1.290514767999851529e+02
1.289812896969548888e+02
1.290316057545003616e+02
1.294864704590909810e+02
1.299459297566572502e+02
1.300059896531891752e+02
1.299050400537267933e+02
1.297626667209360392e+02
1.295380471928650365e+02
1.297556032251159479e+02
1.299349527526422037e+02
1.300757098511543575e+02
1.300158685365192355e+02
1.304402712490094132e+02
1.307881527767769967e+02
1.309779320977549162e+02
1.309676081795501261e+02
1.308359678581319940e+02
1.307838059173046759e+02
1.307715211285909334e+02
1.305974960894856736e+02
1.303409051408950461e+02
1.296372779200953289e+02
1.292093716364604177e+02
1.290195673095557538e+02
1.291106740500562182e+02
1.292027010606631450e+02
1.286491929905680820e+02
1.284133262530998536e+02
1.289427537910096930e+02
1.293159129202120710e+02
1.290059726466781171e+02
1.289353259057359082e+02
1.289851776825611580e+02
1.291567451339009267e+02
1.294512577110109532e+02
1.290618764757682300e+02
1.286281580563310172e+02
1.283516748043756763e+02
1.283148230347225649e+02
1.281159828633562654e+02
1.283191746094506982e+02
1.289284592014649888e+02
1.289378375772378433e+02
1.289877147244827142e+02
1.289976916408914747e+02
1.288461531726176759e+02
1.285718718915327656e+02
1.288200726177103093e+02
1.288687602199092623e+02
1.289179396160699014e+02
1.290080198142121048e+02
1.288565856709212198e+02
1.291884703746676450e+02
1.290388589643107196e+02
1.291705646104151981e+02
1.290207723337525181e+02
1.291118912462153787e+02
1.291231224709240735e+02
1.294576994655797648e+02
1.293512115813938408e+02
1.292436480620140458e+02
1.293370182444589318e+02
1.292697153984429121e+02
1.292825408065083650e+02
1.291742836429373824e+02
1.289841248918561121e+02
1.291152776685417223e+02
1.290861390591326199e+02
1.290163020799322737e+02
1.290265677575069958e+02
1.291985532904112119e+02
1.294530841317286445e+02
1.295889738704330512e+02
1.300494685559931440e+02
1.301105742989831526e+02
1.303743174737203390e+02
1.307215328017373963e+02
1.310318513148866373e+02
1.312644962776630280e+02
1.313782790683464157e+02
1.312911909781275313e+02
1.307991828061894068e+02
1.307870533395856683e+02
1.310980336763485354e+02
1.308869027033829013e+02
1.307948512155381593e+02
1.303382335510484040e+02
1.299174076273218930e+02
1.299367753811330033e+02
1.296331064455890498e+02
1.293667741874638750e+02
1.291785597853166507e+02
1.289480401871884112e+02
1.283919597850392051e+02
1.284363230151912489e+02
1.284003262779709189e+02
1.282831578565362634e+02
1.287708665217533905e+02
1.288594611330848352e+02
1.291105668010955867e+02
1.288793604051474517e+02
1.282821822274214867e+02
1.280022042701224620e+02
1.280022265354770070e+02
1.282446732681590902e+02
1.282471447153114070e+02
1.286132774902139602e+02
1.291447247375899110e+02
1.292774997349393118e+02
1.291691916514538150e+02
1.293426178297512195e+02
1.298814321512638799e+02
1.298196284356204444e+02
1.296763923592127412e+02
1.290468609689016262e+02
1.288150110796983938e+02
1.287828394744434490e+02
1.290331711863059923e+02
1.286799708952586911e+02
1.285252231265239686e+02
1.284901243702258284e+02
1.286970953234608430e+02
1.290677730540004404e+02
1.290785586404047365e+02
1.294530895357621034e+02
1.297505954906691272e+02
1.296470661521908312e+02
1.297445112648393604e+02
1.290348598634743098e+02
1.281968281449233302e+02
1.278351799443670274e+02
1.275102827720876064e+02
1.273033159314019827e+02
1.274578948802042220e+02
1.275332271517210927e+02
1.274073001532536011e+02
1.276033334881352346e+02
1.274377105940757815e+02
1.272704147414909244e+02
1.268590047893842154e+02
1.268878836256411375e+02
1.269170541673139780e+02
1.271081355225394844e+02
1.268162985076157696e+02
1.266023217248644386e+02
1.265073956816810608e+02
1.264519148299809075e+02
1.262342574040214629e+02
1.258527852565869694e+02
1.253866517743303604e+02
1.247137896710409279e+02
1.243169592636776031e+02
1.239565245087652556e+02
1.237136611199647263e+02
1.233471324444089845e+02
1.229769014589990235e+02
1.227241428878779033e+02
1.222668109978565383e+02
1.216836474725820523e+02
1.215794418914972681e+02
1.219994362540379740e+02
1.221408447010482519e+02
1.222836815162101516e+02
1.222259409254648688e+02
1.222484251772374648e+02
1.222307325022598405e+02
1.220108409113738190e+02
1.218695362741149921e+02
1.217672083576917572e+02
1.217850589471637477e+02
1.216414736840033441e+02
1.214156299838418960e+02
1.211066969533755895e+02
1.209158555084606661e+02
1.208038944529901499e+02
1.205291863161516943e+02
1.200900871880319443e+02
1.197677648363955996e+02
1.190381462993898083e+02
1.187456023226158379e+02
1.184096993157734090e+02
1.177471710260338540e+02
1.175223949757914426e+02
1.173357525007999556e+02
1.171068207078784553e+02
1.169563845534127751e+02
1.164811965185985230e+02
1.162436328470691507e+02
1.159632655020900671e+02
1.151952176788787057e+02
1.149446643221001096e+02
1.143279437596969785e+02
1.142706502623204017e+02
1.143339901639598679e+02
1.145999900646059189e+02
1.143838283480867233e+02
1.144483114627140026e+02
1.142710216795089906e+02
1.141323451308171570e+02
1.140326718493101339e+02
1.134471432821314210e+02
1.129365083657896633e+02
1.124207155209992237e+02
1.118997126474741464e+02
1.115754673206805592e+02
1.110863306269501720e+02
1.111579097241921232e+02
1.109069795193861978e+02
1.109767469892788228e+02
1.110068151406857453e+02
1.105523385259449185e+02
1.100124631575204575e+02
1.093459223813335370e+02
1.089554771528624997e+02
1.084802799523859420e+02
1.086871514670565233e+02
1.083708600677337159e+02
1.081321818865999944e+02
1.076486685723230039e+02
1.072410793659832251e+02
1.071526054201847700e+02
1.072652580001866340e+02
1.076214727274613523e+02
1.076176492196578494e+02
1.079774234542001068e+02
1.074519428830302274e+02
1.067999423060911681e+02
1.061413558647384150e+02
1.057185412775135660e+02
1.050490315934481771e+02
1.046151834277254267e+02
1.037325085128539968e+02
1.034469782958119737e+02
1.030373518139517728e+02
1.028660119332844260e+02
1.024101130639236885e+02
1.017879929938623604e+02
1.014424171655174547e+02
1.011741587530479904e+02
1.007011704576244000e+02
1.002234045026505527e+02
1.000236409117684104e+02
9.986226354724087173e+01
9.961844802751609507e+01
9.876610911870301379e+01
9.778394860475053463e+01
9.715550364116214155e+01
9.680353903147688754e+01
9.648842326411801196e+01
9.596810430719004614e+01
9.572535788605031826e+01
9.572258372328333564e+01
9.576018557907396200e+01
9.559614704956969433e+01
9.571327984805019184e+01
9.558917156368676160e+01
9.542340561988585534e+01
9.525596527261208735e+01
9.476360128546639316e+01
9.406424372269364653e+01
9.315580174009451753e+01
9.211697145464097503e+01
9.171411258044554415e+01
9.142839654590441967e+01
9.081656216758014466e+01
9.031975976523266070e+01
9.010076743962900991e+01
8.975835094911990097e+01
8.969530398901015644e+01
8.922757978687891978e+01
8.855311089583723572e+01
8.807384938973459043e+01
8.754934281791379647e+01
8.689832607870077652e+01
8.672558189767754300e+01
8.610664838149249078e+01
8.544105897120456916e+01
8.501117067798440985e+01
8.453653603836806951e+01
8.417831923067470257e+01
8.405890831381286432e+01
8.317061445839682676e+01
8.243496409939076841e+01
8.213632737312211418e+01
8.211750239709280663e+01
8.201767918898282517e+01
8.167442342321500348e+01
8.116608426587372094e+01
8.065261036956941609e+01
8.057839431269644592e+01
8.026100435625882312e+01
7.990000440026146578e+01
7.937374181844603527e+01
7.880175941257174088e+01
7.838561556825433740e+01
7.808648037197416159e+01
7.742068724441821814e+01
7.690978509537201546e+01
7.607048999532530331e+01
7.562675757103555441e+01
7.505733087983394114e+01
7.464376856548871331e+01
7.406441269241285852e+01
7.376203302263935768e+01
7.357781113397932415e+01
7.318970821614064448e+01
7.291889718802089249e+01
7.199888604850596607e+01
7.102917782677363334e+01
6.996886649169056227e+01
6.962511766837427274e+01
6.927789663472145776e+01
6.876555215628428641e+01
6.877328500634784803e+01
6.845786364277550717e+01
6.809885216441983857e+01
6.729176986305036223e+01
6.688057561924269123e+01
6.650563193862899425e+01
6.608649690770606355e+01
6.558232010879413565e+01
6.479022233211532011e+01
6.419214376981339854e+01
6.326479168668022623e+01
6.269170877442437728e+01
6.199162502467113711e+01
6.156729800471827474e+01
6.097706869163457100e+01
6.034047342589366991e+01
6.010148830898339156e+01
5.945604879695295608e+01
5.860206949187173109e+01
5.769906009279974768e+01
5.662531322505024889e+01
5.622758911621237843e+01
5.578544355172964941e+01
5.517721570881777637e+01
5.436082394830084041e+01
5.309174136192012128e+01
5.253711248678792600e+01
5.173445705736155986e+01
5.088328995693086654e+01
4.994271712821299047e+01
4.866941124061924029e+01
4.811051640466592971e+01
4.770759232794538462e+01
4.717938618984383226e+01
4.640342039378170114e+01
4.545800039775930657e+01
4.438181858359527610e+01
4.329476624605587887e+01
4.247956186470285189e+01
4.222177966131607008e+01
4.151694915284454623e+01
4.064338298267120564e+01
3.976099291178915252e+01
3.878888172907991105e+01
3.796856740311103806e+01
3.730158323546567090e+01
3.626422549036937681e+01
3.566083382865598850e+01
3.468771093803630379e+01
3.382597064448113855e+01
3.291512186311224752e+01
3.203547662940630403e+01
3.110654204990537153e+01
3.024903237364175723e+01
2.914043674105226245e+01
2.781862297075987556e+01
2.656426562703018135e+01
2.509521780508097777e+01
2.344971495462723254e+01
2.239365146932043160e+01
2.124611259527315710e+01
2.004657837906378859e+01
1.936018018087251491e+01
1.826280826350760478e+01
1.743718006414908928e+01
1.644159602439300372e+01
1.567837982261920082e+01
1.490745436628202647e+01
1.384591350129497123e+01
1.277365000130805051e+01
1.124611111243235939e+01
9.945566780234715409e+00
8.631885636600706846e+00
7.062510744041125221e+00
5.962132064687998501e+00
5.052658651199995354e+00
4.376422879999993576e+00
3.248911999999998024e+00
1.988800000000000345e+00
1.120000000000000107e+00
