1.329195696120026753e+02
1.332520905171749348e+02
1.336283742597722721e+02
1.336852265250220171e+02
1.339850772980024658e+02
1.346515932303053091e+02
1.346783770003085579e+02
1.345438151518263226e+02
1.349735506584108577e+02
1.351652026852634947e+02
1.351163663487514555e+02
1.353498649987386386e+02
1.353837020189279770e+02
1.354178808272000367e+02
1.357352331587879064e+02
1.358537708674619466e+02
1.356906776439021769e+02
1.358895733776775785e+02
1.358884579572502673e+02
1.362509676335866402e+02
1.365363309430167078e+02
1.361377080232499850e+02
1.360582909325756589e+02
1.363821120531061695e+02
1.363859717708135690e+02
1.365918906775899302e+02
1.367190814925142206e+02
1.366859409015309268e+02
1.365312534358897381e+02
1.360113671069591419e+02
1.358498657646059371e+02
1.354039048127328613e+02
1.352766715280125993e+02
1.348653247757701763e+02
1.348538634098686657e+02
1.352463266766356469e+02
1.354003299763993482e+02
1.358387171478778441e+02
1.357158759069473604e+02
1.357534100070186582e+02
1.356701111181992587e+02
1.355859708264649157e+02
1.354605765923883212e+02
1.350510874670588350e+02
1.351627146131914401e+02
1.353158733466571277e+02
1.354705791380381754e+02
1.354652314525643249e+02
1.358638701541049159e+02
1.355796668223281358e+02
1.356562291134625866e+02
1.358547768822856483e+02
1.363785625073583390e+02
1.363015782902619151e+02
1.365470487780426936e+02
1.365929785636797362e+02
1.366393722865448694e+02
1.367266386732777050e+02
1.368147865386642081e+02
1.363381682208733139e+02
1.360991598190639138e+02
1.362213735546097553e+02
1.361832056107168967e+02
1.368719248593098996e+02
1.369211362215253587e+02
1.364051881025515911e+02
1.364496849520719763e+02
1.365754393455268030e+02
1.367832720661888857e+02
1.372356283496856975e+02
1.372885134845309381e+02
1.370995085702330698e+02
1.372318268386198667e+02
1.376887139784042802e+02
1.376249636145493014e+02
1.380050137520696865e+02
1.382676906586564201e+02
1.383310006653086077e+02
1.388797986518279401e+02
1.386664632846747054e+02
1.385721851360345056e+02
1.388405910465000375e+02
1.382632232792926459e+02
1.382860841204975486e+02
1.385920041621189682e+02
1.387393981435546948e+02
1.386862607510651628e+02
1.388346068192575444e+02
1.391056634537957564e+02
1.390562257109050393e+02
1.392487128392971556e+02
1.393219321609065844e+02
1.392746789504107880e+02
1.388229080307187076e+02
1.385281899300181294e+02
1.379880706363815364e+02
1.377657279155372407e+02
1.383088160763001611e+02
1.385341576528282701e+02
1.386001592452815885e+02
1.386264234800833322e+02
1.386933570505890145e+02
1.387609667177664505e+02
1.387484512300671042e+02
1.380893446768354522e+02
1.376660047240760889e+02
1.376020249738139967e+02
1.376586110846606346e+02
1.377561728127881793e+02
1.379355280937259636e+02
1.380762910037637710e+02
1.380164555593567286e+02
1.379560157165217333e+02
1.379353694106287094e+02
1.377528983945751406e+02
1.374473721157317812e+02
1.376640122381133722e+02
1.375192042809227928e+02
1.374537416979020179e+02
1.378724663615161035e+02
1.379721882439553156e+02
1.383961497413690438e+02
1.378951007488579421e+02
1.373081825746031939e+02
1.372001844187919062e+02
1.376163478977697423e+02
1.379155029270400519e+02
1.379348514414548106e+02
1.376311630721758661e+02
1.374860233052286560e+02
1.375010336416447956e+02
1.377990238804492265e+02
1.378980039196460723e+02
1.380383877976227893e+02
1.378165533309316686e+02
1.371480336676082743e+02
1.368768016844525732e+02
1.368452542267199306e+02
1.364093477037573621e+02
1.368175229330882985e+02
1.373106292253411880e+02
1.373642719447894933e+02
1.377012847927161090e+02
1.376780654471879188e+02
1.380586519668572407e+02
1.379986383503605794e+02
1.378976144953125242e+02
1.371087015104177169e+02
1.367158601115332317e+02
1.365614748601343251e+02
1.366479544041762040e+02
1.370181357617940137e+02
1.364627633957520914e+02
1.363058216118712664e+02
1.363493147594653010e+02
1.366760755146109432e+02
1.367233086006177416e+02
1.369730389905222694e+02
1.369424636267905839e+02
1.369923875018083947e+02
1.369620075775844441e+02
1.371333409874595191e+02
1.374680211994534034e+02
1.376040618176295709e+02
1.375394563814452056e+02
1.376358145267115276e+02
1.373695096229416492e+02
1.371409188110519892e+02
1.369908270818704921e+02
1.365967950321922331e+02
1.364412071032253095e+02
1.364052597002277594e+02
1.365305653537640183e+02
1.362126922765300776e+02
1.362552447237677313e+02
1.364598431553207547e+02
1.365857001568890041e+02
1.364704041988790664e+02
1.363135395948270627e+02
1.365187268634615521e+02
1.360391180438999754e+02
1.357162808524251432e+02
1.355517988408331576e+02
1.352644432735684177e+02
1.351762053268374757e+02
1.351678841685222210e+02
1.350382668368922907e+02
1.351093604413046023e+02
1.352215762033384294e+02
1.354965416195340140e+02
1.358954965853873489e+02
1.361368652377649653e+02
1.362998638765308783e+02
1.362220847237678356e+02
1.359010956805736043e+02
1.358192885662363096e+02
1.358982712790272274e+02
1.362204760394211291e+02
1.363439151913342471e+02
1.364686012033682232e+02
1.359884860640086401e+02
1.358671576404125290e+02
1.360274319600126773e+02
1.359064969293056322e+02
1.361883807366724000e+02
1.364731118552248859e+02
1.365182948032573904e+02
1.364831260638962078e+02
1.359627535998955068e+02
1.359623773736317105e+02
1.355983609834663923e+02
1.351498595792587878e+02
1.350604642214736941e+02
1.349701658802758004e+02
1.349597635154301258e+02
1.354341045610407832e+02
1.354687924859002237e+02
1.353826186726260232e+02
1.356592107804306977e+02
1.356153644246772956e+02
1.355710751764412407e+02
1.352839143196376881e+02
1.349534488077155459e+02
1.349832816239546389e+02
1.352154359837928155e+02
1.354095312967594964e+02
1.355247790876368583e+02
1.352775546339765640e+02
1.348662168019968988e+02
1.352588048505014058e+02
1.354937422732342327e+02
1.356906487608416398e+02
1.355259078392340655e+02
1.353595028679137044e+02
1.354742453211251529e+02
1.359941871930555521e+02
1.356708961546014791e+02
1.357079759137385224e+02
1.359474504179177075e+02
1.363509600180993857e+02
1.368393535536350498e+02
1.367670237915510540e+02
1.362495189813647016e+02
1.360500191730964730e+02
1.355252718920158941e+02
1.352780524161773315e+02
1.351899519355326902e+02
1.347777292278114487e+02
1.346037668967790069e+02
1.345088554512915948e+02
1.346150055063548336e+02
1.348838439458135667e+02
1.351149938846602083e+02
1.349040342269293831e+02
1.347717517443732334e+02
1.349209613579529901e+02
1.351524862201544295e+02
1.354267537577320297e+02
1.351381351088195686e+02
1.356546819281018372e+02
1.354895777051524135e+02
1.353632098031841338e+02
1.358820301042272831e+02
1.357192223275014840e+02
1.354739619469711158e+02
1.353878403504762105e+02
1.354624650004808188e+02
1.354570353540212011e+02
1.354515508626475935e+02
1.356480311743914058e+02
1.355636678529206733e+02
1.353976442958800703e+02
1.352299437332118828e+02
1.355049936699102489e+02
1.358636299696069045e+02
1.362258888581883980e+02
1.360261503618069412e+02
1.361880306684920185e+02
1.359475057257493802e+02
1.359873795209581999e+02
1.361084641625849656e+02
1.357863274369541102e+02
1.354205327646001251e+02
1.356571038026263807e+02
1.359364684875015428e+02
1.362994631186878109e+02
1.361812758774623262e+02
1.363447231085480666e+02
1.364694172813617570e+02
1.365549669508704369e+02
1.365605726776466895e+02
1.360005784622698002e+02
1.354349277396664490e+02
1.353484118582490794e+02
1.354226382406554023e+02
1.354976143845005652e+02
1.359369842267675494e+02
1.360979638654231110e+02
1.360585493590130568e+02
1.356146963222349768e+02
1.360956528507415157e+02
1.364198513643860906e+02
1.361008599640267960e+02
1.364251110747742928e+02
1.366314253280548598e+02
1.368802276040956087e+02
1.374143713172683476e+02
1.373074457750194028e+02
1.371994401767864531e+02
1.371711516937240560e+02
1.369405572663875432e+02
1.365864214811994373e+02
1.367943651325250300e+02
1.369236011439653566e+02
1.369733344888534248e+02
1.374276105948013083e+02
1.373612228230318522e+02
1.371729523464965723e+02
1.370635882287839991e+02
1.370339275038230085e+02
1.372059873775994561e+02
1.372585731086860505e+02
1.370692657663492469e+02
1.368780462286359807e+02
1.371697436652887632e+02
1.375855996619077928e+02
1.379652521837449797e+02
1.376214668522680711e+02
1.371529968204730494e+02
1.370838351721951369e+02
1.370947830022170706e+02
1.374694777800173426e+02
1.372418967474918077e+02
1.370928249974666926e+02
1.369826515125928665e+02
1.369521732450428146e+02
1.374466396414578924e+02
1.377036764055127378e+02
1.375592690964776921e+02
1.378174435317959023e+02
1.379166096280757756e+02
1.377339491192680612e+02
1.375898475952207889e+02
1.378079268638595920e+02
1.381494210746054137e+02
1.384539606814203410e+02
1.385191522034547518e+02
1.383425779832866738e+02
1.386490686699873720e+02
1.389990592626135992e+02
1.393929891541551171e+02
1.391040294486408300e+02
1.392969994430724228e+02
1.390070701445174279e+02
1.383101718631486392e+02
1.378082544072211704e+02
1.374224791992136261e+02
1.373560395951649582e+02
1.372485248436011602e+02
1.374227523672733184e+02
1.373159114820949753e+02
1.372483954364596741e+02
1.372610054913731688e+02
1.371121267589628587e+02
1.372041684433972364e+02
1.373375438822185686e+02
1.376742867497158045e+02
1.377316027774905365e+02
1.376278815934246609e+02
1.376847288822478106e+02
1.374189180628764859e+02
1.371908263261374259e+02
1.371220467940788410e+02
1.369313603980588994e+02
1.369003640384432288e+02
1.362629939782262340e+02
1.361848424022483357e+02
1.363887296992407130e+02
1.365542724234751688e+02
1.367618913368442577e+02
1.369312033705494116e+02
1.370618215864134299e+02
1.366281026125389246e+02
1.366344470833730611e+02
1.367620677609832001e+02
1.364869371323057692e+02
1.363302395275807157e+02
1.364951914420017260e+02
1.365405974161629956e+02
1.370713105213774554e+02
1.365568793145228028e+02
1.357140195096177706e+02
1.356707267773925594e+02
1.358290169468617705e+02
1.359485019665263508e+02
1.362712141076024182e+02
1.363143576844472022e+02
1.364791491762092903e+02
1.364435850264739258e+02
1.364884697237106366e+02
1.366146158825363273e+02
1.368228443257943638e+02
1.364675195210046184e+02
1.363914338596005393e+02
1.364761958177785175e+02
1.368042381997759662e+02
1.368123618179549794e+02
1.359316786039959482e+02
1.356077561656519492e+02
1.355633900663143265e+02
1.356397879457725537e+02
1.356361494401743357e+02
1.357940903436103213e+02
1.360344346905158659e+02
1.361963986772883857e+02
1.363599986639271719e+02
1.363232309736649199e+02
1.362456878521867338e+02
1.358441291436222969e+02
1.357617466097200065e+02
1.350724713229497809e+02
1.350631023464131886e+02
1.351748508549630117e+02
1.352877281363263933e+02
1.354825536730569979e+02
1.354773269424815965e+02
1.354316433762445513e+02
1.352238821982264483e+02
1.352968507052794962e+02
1.356937885911913781e+02
1.359331197890828662e+02
1.357708280697805208e+02
1.355664929997776937e+02
1.356429222219979351e+02
1.359625476989881747e+02
1.362854017161493232e+02
1.364094966829791247e+02
1.365348451343219551e+02
1.364190354892152186e+02
1.365444802921353471e+02
1.370348285779154196e+02
1.375301298766812295e+02
1.375859897744259399e+02
1.375212017923499843e+02
1.375769715074243322e+02
1.370676479872971640e+02
1.378057050376739880e+02
1.381067727653273209e+02
1.376836088538653371e+02
1.379430392463292492e+02
1.378010497437659865e+02
1.379404542866326437e+02
1.378388427137705321e+02
1.374533764785556684e+02
1.370236126046015954e+02
1.369935480854569221e+02
1.368823718034914521e+02
1.370124967712033310e+02
1.373863603749537958e+02
1.374003640151041452e+02
1.375761252677814355e+02
1.374708336038203242e+02
1.374452864685050599e+02
1.377831176449546149e+02
1.383667854999541760e+02
1.387139247474283366e+02
1.390241664115435754e+02
1.393375418298424790e+02
1.390076180099414103e+02
1.387955737474161992e+02
1.387430037852692806e+02
1.389323270558269598e+02
1.390427546018454450e+02
1.393967218200460820e+02
1.395522442626722750e+02
1.397901457198712762e+02
1.396264098180516271e+02
1.392994038566176869e+02
1.387266705622404004e+02
1.384309803658996429e+02
1.386575559251506604e+02
1.381995514395466387e+02
1.381409610500473093e+02
1.381221828788347068e+02
1.385072554331666197e+02
1.386133893264309052e+02
1.385589791176074641e+02
1.389484637551584001e+02
1.386550138940995396e+02
1.387626402970702486e+02
1.390329699970408512e+02
1.391444141384250486e+02
1.393377920590148733e+02
1.396139313727422575e+02
1.395292236088316429e+02
1.395648723321525608e+02
1.394392649819719168e+02
1.386659242242145922e+02
1.382080042668834778e+02
1.379070750170539270e+02
1.377647222394483890e+02
1.370552749893415125e+02
1.362982575649915020e+02
1.359376339040319692e+02
1.354117514182138393e+02
1.349209610284993630e+02
1.345868293217159817e+02
1.345725548704199639e+02
1.344369241115359728e+02
1.342595193045815449e+02
1.342823427319005418e+02
1.334973158908090340e+02
1.334720362533424236e+02
1.332040770235781508e+02
1.326505828520986370e+02
1.326571543960588428e+02
1.323001559556153097e+02
1.324243999551671322e+02
1.325094949042091059e+02
1.317065605093018235e+02
1.317035964740429108e+02
1.316601984586292247e+02
1.316567661198277790e+02
1.318957233533612907e+02
1.321370942963241646e+02
1.322596912084084124e+02
1.323431224327358962e+02
1.323869923562984923e+02
1.325929215720184118e+02
1.329221430020394337e+02
1.328102454566049460e+02
1.330608539965706427e+02
1.329907616126977814e+02
1.334856177906032713e+02
1.337026442329329541e+02
1.335582264979124147e+02
1.335335621191034647e+02
1.337106688071754945e+02
1.339299684920964069e+02
1.338282510021168719e+02
1.336446979819366732e+02
1.335400989716537197e+02
1.338384838097503859e+02
1.341802866765155784e+02
1.336366532086020698e+02
1.333299527359615126e+02
1.329393461979406936e+02
1.327872183817588052e+02
1.327547660421798810e+02
1.326411778203842857e+02
1.324052301216004253e+02
1.324093233551512014e+02
1.325346700557086024e+02
1.319340101572813637e+02
1.320545557144260727e+02
1.325399552670972412e+02
1.326262174415124946e+02
1.327537549914264332e+02
1.332058131226526427e+02
1.327735486087403558e+02
1.322157056653942959e+02
1.323390966317115272e+02
1.323425218502131600e+02
1.322651735860745532e+02
1.323486601879534703e+02
1.322309698868210717e+02
1.322333029159817386e+02
1.324780837535166995e+02
1.329273573267841755e+02
1.327751084108936084e+02
1.330657660716097723e+02
1.334401677491004534e+02
1.336567351001021109e+02
1.336330657576793328e+02
1.336495613713927071e+02
1.336662236074674581e+02
1.338446703105730080e+02
1.338633033440132465e+02
1.338417205495081248e+02
1.340623439894021942e+02
1.341639838276793171e+02
1.345090745734127040e+02
1.349384591650639322e+02
1.349681405707714532e+02
1.348365056270417597e+02
1.349055612394369916e+02
1.344500618580172215e+02
1.345152139979962271e+02
1.348638525232289567e+02
1.344887399224534192e+02
1.344330706287405519e+02
1.342960309381217883e+02
1.344404352910322302e+02
1.345458942333661128e+02
1.343695901347126096e+02
1.344339294290031148e+02
1.346605347767704473e+02
1.344449846230006642e+02
1.341464491141422002e+02
1.340469182971139332e+02
1.340271901991044388e+02
1.342900911102062764e+02
1.347576677880872182e+02
1.348259270586737557e+02
1.346524515744177677e+02
1.344368197721395291e+02
1.342594139112523521e+02
1.337973877891433574e+02
1.342195836253970356e+02
1.344440238640377174e+02
1.347919432970077196e+02
1.347393366636445364e+02
1.346457946097418130e+02
1.346321157674157405e+02
1.352243593610265577e+02
1.355801609707340276e+02
1.353738999704384014e+02
1.350847474448874266e+02
1.351967145907952670e+02
1.355522369603989432e+02
1.358709464246456662e+02
1.360716630551978596e+02
1.359511748032300318e+02
1.359102775790203452e+02
1.361921995747680683e+02
1.354668682573415310e+02
1.353806750074151068e+02
1.353744191994099140e+02
1.353276961610199294e+02
1.358461577384038605e+02
1.356829876145490630e+02
1.355181693076260956e+02
1.352708780885110968e+02
1.347786647358696257e+02
1.346855199352216061e+02
1.343894140759824154e+02
1.342923374504864000e+02
1.345579166166528466e+02
1.344221379966191989e+02
1.340425636329485144e+02
1.337399632656045583e+02
1.338787507733379698e+02
1.339381320942805189e+02
1.344829617113945801e+02
1.346292542539341355e+02
1.344941962160951334e+02
1.346810062788838707e+02
1.345060669483677032e+02
1.345313807559275006e+02
1.347993745009362385e+02
1.344236106070064807e+02
1.342056672798041177e+02
1.343087548280850854e+02
1.340492473010958463e+02
1.343931790920162825e+02
1.344577566586024489e+02
1.344825824834369143e+02
1.345884671549870006e+02
1.350186536919054561e+02
1.347663168605110400e+02
1.344306230914249909e+02
1.341319425165905272e+02
1.339918611278703224e+02
1.336887486140101373e+02
1.338674228424341948e+02
1.341287099418534012e+02
1.343926363049018846e+02
1.347400366716179860e+02
1.343232693652710168e+02
1.341043124901717647e+02
1.338427398890627842e+02
1.341037776657204859e+02
1.344078562279999005e+02
1.341897537656565191e+02
1.342522765309665544e+02
1.343558348797639610e+02
1.342584190704687899e+02
1.346852717883525088e+02
1.345911836245985853e+02
1.342941248733314978e+02
1.340344695690219794e+02
1.339338076454764916e+02
1.339129370156329344e+02
1.340938757733665341e+02
1.341554300741077270e+02
1.340559899738461525e+02
1.343999898725718367e+02
1.347070604773451805e+02
1.348960206841875049e+02
1.353697178628157474e+02
1.354441594573895031e+02
1.356405651084741351e+02
1.356773384934082856e+02
1.349468065589975652e+02
1.349765722818157485e+02
1.350874467493093221e+02
1.351994411609182407e+02
1.351105466271906153e+02
1.347379258860509310e+02
1.344423493798491620e+02
1.345478276564134035e+02
1.342907350064785419e+02
1.341118535418972044e+02
1.343756096382804515e+02
1.346420299376569574e+02
1.345071009471276966e+02
1.341687888354830136e+02
1.340694836722053083e+02
1.341307915880857990e+02
1.339502945334203048e+02
1.332427217509294621e+02
1.329724462130599250e+02
1.326590365788488270e+02
1.327869056352008954e+02
1.327140460961621500e+02
1.323172182789516000e+02
1.320375942211630047e+02
1.322399941627914188e+02
1.324040345078697385e+02
1.327313479877472560e+02
1.326983313007550862e+02
1.320185164654088794e+02
1.322207237024335029e+02
1.319805289923571081e+02
1.312530595882395517e+02
1.312859187759989652e+02
1.307938573494942887e+02
1.306604619691859170e+02
1.305661232011980530e+02
1.303496193951492899e+02
1.301713327223734780e+02
1.305164976993667381e+02
1.304207047468350140e+02
1.300815199462982434e+02
1.297389090366646371e+02
1.297564737744088745e+02
1.294913876509182558e+02
1.293852400514326177e+02
1.292780202539724712e+02
1.291697174282551259e+02
1.291411287154090246e+02
1.286678067832416446e+02
1.280684917002436407e+02
1.275439310103476771e+02
1.270948798084316564e+02
1.272473533418501148e+02
1.271185387291416333e+02
1.272712512415570956e+02
1.273851022641993467e+02
1.271768709739388186e+02
1.271685565393321156e+02
1.272005621609416579e+02
1.270712749100419927e+02
1.271831059697395716e+02
1.269324302724641029e+02
1.271236669418823624e+02
1.271148150928108720e+02
1.268230455482936350e+02
1.269727732811047503e+02
1.270028012940454545e+02
1.268715164586316320e+02
1.268601176349815489e+02
1.270102198333147356e+02
1.268386058922370978e+02
1.269076827194317190e+02
1.266542249691228932e+02
1.263173989587096173e+02
1.261791908673836815e+02
1.260395867347311452e+02
1.255753401360916115e+02
1.255912526627190573e+02
1.255669218815346113e+02
1.257443655369033451e+02
1.255195611483873961e+02
1.250500617660478326e+02
1.249394563293412830e+02
1.249893498276171186e+02
1.250801513410279284e+02
1.250506579202299378e+02
1.249400585052825789e+02
1.251919782881642078e+02
1.253252305941059035e+02
1.252578086809144366e+02
1.247452612938530336e+02
1.245103649432861630e+02
1.241518837810967852e+02
1.235877613950474370e+02
1.233411731263100819e+02
1.232537102285965176e+02
1.231249598268652221e+02
1.231161210372373915e+02
1.227839606436742343e+02
1.223676370138121570e+02
1.225127646604165363e+02
1.225381461216323089e+02
1.220789354763965235e+02
1.220191267438347182e+02
1.219991179230655263e+02
1.218576948717831669e+02
1.219572675472558672e+02
1.219366338861175052e+02
1.219561958445628136e+02
1.216123190349121188e+02
1.216690091261737905e+02
1.216858678042158743e+02
1.213392604082988129e+02
1.209083438467664422e+02
1.201902463098647900e+02
1.200305518281464288e+02
1.199904563920671734e+02
1.198287438303708541e+02
1.197866099296673781e+02
1.194612221511791006e+02
1.193345678294746506e+02
1.192874422519939230e+02
1.195630729818120699e+02
1.194374474563762334e+02
1.194317651074501043e+02
1.195068334418691620e+02
1.193402357998676564e+02
1.190911472725934033e+02
1.191223709824175927e+02
1.188710818004219760e+02
1.185364462630520990e+02
1.179156022859114756e+02
1.177329316019309005e+02
1.175080117191219671e+02
1.170383956758809632e+02
1.167256521978595032e+02
1.162481335331913783e+02
1.157253874072638098e+02
1.153185731386505921e+02
1.144228011501521536e+02
1.136795971213657737e+02
1.130500981023897111e+02
1.128182809115047149e+02
1.125033140520248764e+02
1.120235495474999539e+02
1.114177268156566356e+02
1.110886129451075135e+02
1.104733464091996069e+02
1.102963095042420321e+02
1.099962722265071164e+02
1.096123961883911164e+02
1.094670668569606420e+02
1.092394614716775152e+02
1.090903651229066185e+02
1.093438031544510096e+02
1.091149526812634605e+02
1.085201542234987926e+02
1.081617719429278850e+02
1.075169413564926941e+02
1.069060013701945593e+02
1.067333347173684359e+02
1.065993279973418311e+02
1.066255838356986771e+02
1.067733170057563825e+02
1.066801181876326865e+02
1.060203214016488857e+02
1.052730519208577249e+02
1.045182342634929000e+02
1.040790245085785131e+02
1.042010348571497644e+02
1.040818533910606902e+02
1.038402559505664016e+02
1.029497534854201888e+02
1.022926802883034725e+02
1.018309901902056112e+02
1.014050405961672539e+02
1.010151925213811239e+02
1.005001944660412363e+02
1.001416105717592444e+02
9.969859653713025693e+01
9.965514801730309102e+01
9.932843234071036420e+01
9.920043670778815681e+01
9.923276435130139816e+01
9.821491348616271466e+01
9.706556917794218009e+01
9.647027189691141302e+01
9.570734535041543722e+01
9.525994479839954465e+01
9.496964121050463348e+01
9.455519314192380875e+01
9.441938701204416873e+01
9.399938082024684149e+01
9.341351598004717971e+01
9.286213735358298038e+01
9.274963369048784045e+01
9.255518554594733871e+01
9.207594499590632608e+01
9.175347979384494579e+01
9.134694928671189018e+01
9.146156493607266214e+01
9.129451003643714557e+01
9.023687882468402677e+01
8.945139275220606123e+01
8.890039671939997845e+01
8.866706739333334042e+01
8.822936100336703191e+01
8.778723333673440266e+01
8.725983165326701396e+01
8.628265823562327341e+01
8.545723054103365257e+01
8.510831367781189272e+01
8.459425624021386625e+01
8.371136993961000883e+01
8.306198983798989843e+01
8.264847458382803325e+01
8.178633796346279894e+01
8.119832117521497139e+01
8.125082946991400945e+01
8.118265603021632160e+01
8.079056164668307360e+01
8.047531479462939785e+01
8.035890383295901529e+01
7.971606447773633874e+01
7.926875199771349401e+01
7.901894141183197462e+01
7.844337516346644179e+01
7.798320723582463643e+01
7.759919922810586002e+01
7.700929214960177660e+01
7.641342641373920230e+01
7.593275395327188448e+01
7.528561005381000371e+01
7.491475763011108313e+01
7.458056326273859327e+01
7.327329622498854178e+01
7.288211739897826646e+01
7.248698727169521305e+01
7.140099724413667559e+01
7.078888610518839641e+01
7.000897586382666304e+01
6.938280390285524390e+01
6.875030697258112866e+01
6.811142118442542426e+01
6.730446584285388667e+01
6.685299580086253002e+01
6.655858161703285703e+01
6.601876931013418925e+01
6.523108011124669758e+01
6.455664657701686338e+01
6.367338038082504426e+01
6.253876806143957623e+01
6.163511925397931890e+01
6.100517096361544844e+01
6.024764743799543965e+01
5.980570448282369966e+01
5.871283281093296580e+01
5.724528566760918125e+01
5.628816734101938835e+01
5.552340135456499581e+01
5.511454682279294559e+01
5.437833012403328325e+01
5.351346477175079741e+01
5.263986340580888168e+01
5.208067010687775422e+01
5.107138394634117162e+01
5.029432721852646182e+01
4.963063355406715971e+01
4.863700358996685935e+01
4.799697332319887266e+01
4.686562961939278438e+01
4.608649456504320341e+01
4.525908541923562467e+01
4.422129840326826411e+01
4.309222060936195930e+01
4.215375819127470436e+01
4.088258403159063192e+01
3.996220609251582800e+01
3.935576372981400795e+01
3.858157952506457633e+01
3.779957527784297611e+01
3.692886391701310345e+01
3.548370092627588690e+01
3.414515245078367656e+01
3.291429540483197513e+01
3.175181354023431624e+01
3.037556923255993269e+01
2.938946387127264259e+01
2.839339784977032721e+01
2.754888671693973734e+01
2.629180476458560989e+01
2.490081289352080063e+01
2.349577059951595714e+01
2.187451575708681162e+01
2.084294520917860538e+01
1.972014667593797199e+01
1.874762290498785688e+01
1.736123525756348585e+01
1.551639925006413456e+01
1.377414065663042564e+01
1.197387945114184227e+01
9.993817627416008875e+00
7.912947098399996548e+00
6.295906159999994145e+00
5.187783999999992623e+00
3.381599999999999717e+00
1.840000000000000080e+00
