1.297847013736667918e+02
1.299643448218851631e+02
1.304286311332176638e+02
1.306551829628461974e+02
1.309648312756021653e+02
1.311159911874771069e+02
1.308242335227035085e+02
1.303679126491956595e+02
1.298261743931273884e+02
1.295617923162904219e+02
1.296179720366569654e+02
1.297151232693499026e+02
1.296516396660101975e+02
1.295067067333438047e+02
1.288754613468118748e+02
1.286418801482942911e+02
1.286079597457524244e+02
1.286949088340940079e+02
1.284595038728211591e+02
1.283833372452741628e+02
1.286296335810850451e+02
1.287572056374593501e+02
1.290476824620802176e+02
1.290178610728090121e+02
1.287453142149584835e+02
1.283488022373322224e+02
1.283119214518495710e+02
1.283150721735861168e+02
1.286818910844307311e+02
1.289312031155858733e+02
1.286173768844298593e+02
1.285024008933635571e+02
1.283458594882462478e+02
1.275008681699456190e+02
1.278998668383286486e+02
1.277776432710392385e+02
1.275329730010488163e+02
1.276494676778284401e+02
1.274439067452814243e+02
1.276807138841216869e+02
1.280815291758816841e+02
1.282439688645262663e+02
1.282868372368953658e+02
1.284513507443392086e+02
1.288599502468073581e+02
1.288282325725325563e+02
1.287557904773053679e+02
1.287634247245503900e+02
1.285691158833847112e+02
1.287364806902879195e+02
1.288651320103916476e+02
1.287526585963556442e+02
1.288006652488441262e+02
1.288087527766099640e+02
1.291805583602123875e+02
1.296773316769814528e+02
1.298154865424061200e+02
1.300358449923286628e+02
1.297735808003321551e+02
1.294278593942747762e+02
1.294018781760357797e+02
1.294968466424604117e+02
1.296735824671314106e+02
1.296096792597296314e+02
1.294643224845744669e+02
1.293579014995705450e+02
1.292908095955254453e+02
1.295058682783081849e+02
1.295210790689986311e+02
1.294960394636347587e+02
1.293899388521563480e+02
1.295655948001578963e+02
1.294601967678360950e+02
1.293537341089247548e+02
1.297714485948743004e+02
1.301125743382571898e+02
1.302955296346029854e+02
1.305207370046493338e+02
1.311118555602530193e+02
1.311836924851023127e+02
1.308118105910133693e+02
1.304765763545590858e+02
1.302995720753118576e+02
1.302419919952659200e+02
1.299414060558228812e+02
1.297994000563866734e+02
1.296963636933203077e+02
1.295518825185052663e+02
1.292039217358639007e+02
1.288120421574379861e+02
1.285778203610487083e+02
1.286240609707562044e+02
1.285899605765211220e+02
1.283938995722443508e+02
1.283978783558019643e+02
1.288463417735372047e+02
1.286124664379161118e+02
1.282550166039562782e+02
1.281767844484403156e+02
1.282189741903439710e+02
1.286252264548933226e+02
1.288739661160535945e+02
1.292464304202557059e+02
1.294206367881378128e+02
1.293541785738763110e+02
1.295294733069455333e+02
1.295853265726721588e+02
1.291568955279518320e+02
1.290473692201525751e+02
1.288963325456088853e+02
1.289457904501107066e+02
1.292381721718284382e+02
1.296143153250801276e+02
1.296710255808887950e+02
1.293242682635245160e+02
1.292568366298220042e+02
1.289867036664875002e+02
1.291582865318046061e+02
1.293316025573795116e+02
1.296278813710897282e+02
1.299271529000911585e+02
1.299062150505966144e+02
1.297638535864611242e+02
1.299028824105665194e+02
1.300837196066327408e+02
1.301047672794271932e+02
1.301664315953816526e+02
1.305923551468495702e+02
1.307801567139901238e+02
1.307678350646365288e+02
1.311190253178140210e+02
1.311909346644592063e+02
1.311019542065233168e+02
1.314969234409331307e+02
1.317342661019527554e+02
1.314487536383358304e+02
1.314431854932682313e+02
1.314779651447157676e+02
1.314322880249656862e+02
1.316689778029953573e+02
1.318272503060553902e+02
1.315426770768239066e+02
1.315380576533576686e+02
1.318566238922808509e+02
1.316935594871519868e+02
1.319732924112652768e+02
1.322558509204696122e+02
1.324200514348175659e+02
1.323030822573916794e+02
1.322253356135264255e+02
1.323892278924513164e+02
1.323123514065167114e+02
1.326387387944611760e+02
1.327664028226882635e+02
1.330569725481695116e+02
1.330272449981508203e+02
1.331184292910623412e+02
1.334529588798612281e+02
1.336292513937983415e+02
1.334840923169681730e+02
1.330950427444122681e+02
1.327424674185987215e+02
1.323055226450497059e+02
1.315813360051003542e+02
1.315771070758585211e+02
1.316536435109682941e+02
1.316097409201704806e+02
1.311613544648184586e+02
1.310720752169882246e+02
1.313859345626141533e+02
1.317029642046611571e+02
1.319423880855160007e+02
1.320630182681977089e+02
1.322252709779778286e+02
1.321467383615934068e+02
1.323098367288829422e+02
1.322321583120029800e+02
1.321536952646489169e+02
1.319936315804534388e+02
1.318319510913671593e+02
1.317494455468361707e+02
1.315448944917535243e+02
1.309746409007611589e+02
1.308430716169307857e+02
1.310334056736666923e+02
1.309832380542098065e+02
1.309729677315244487e+02
1.305585532641658801e+02
1.306652053173395984e+02
1.308133387043831988e+02
1.308417562670542509e+02
1.309916729970246081e+02
1.308198717141663394e+02
1.307271431456227901e+02
1.307950940864871257e+02
1.312273677641285303e+02
1.312195633981101253e+02
1.311308721193035467e+02
1.309200728477813129e+02
1.311919927755361925e+02
1.313858512884206107e+02
1.312988396852736912e+02
1.312917572578520264e+02
1.304361184422756423e+02
1.302991095376513897e+02
1.305647571087379220e+02
1.309138960694328944e+02
1.310645414842756509e+02
1.313379206911873496e+02
1.312100209001893916e+02
1.314848695961507588e+02
1.313584541375268202e+02
1.313115698358853365e+02
1.313046159958439318e+02
1.314188040362055574e+02
1.314533374103083361e+02
1.317710478892008439e+02
1.315667150395963745e+02
1.316431465046431413e+02
1.316799459642861336e+02
1.313938848124103629e+02
1.313069543559704471e+02
1.313807619757268981e+02
1.314149110865926389e+02
1.314494051379722919e+02
1.312822274120939028e+02
1.313961893051447305e+02
1.315113023284291387e+02
1.318295983115444585e+02
1.317066649611564628e+02
1.317441060213706123e+02
1.318627333549192713e+02
1.319421549039588228e+02
1.318203584888474893e+02
1.317781398877251320e+02
1.317354948360847118e+02
1.319348432687742161e+02
1.318129729987609835e+02
1.319322959583447528e+02
1.322144403619645630e+02
1.320549902646097564e+02
1.323383740046564867e+02
1.324630040451079367e+02
1.325080848940480962e+02
1.326344291859071518e+02
1.324388173595021669e+02
1.325240579388912181e+02
1.321657150897894724e+02
1.321673889795852972e+02
1.324519080601868097e+02
1.323756647072598867e+02
1.327430956638986572e+02
1.329122178423220078e+02
1.325981998407297908e+02
1.323214139805347429e+02
1.320014282631658489e+02
1.317186144072381921e+02
1.313521357648882031e+02
1.311839755200888362e+02
1.308929045657460222e+02
1.303968732987333112e+02
1.304210841401353775e+02
1.303647314546816176e+02
1.303482135905869086e+02
1.300487005965516119e+02
1.293017177742949855e+02
1.288300179538343571e+02
1.285151696503371284e+02
1.286011814649877465e+02
1.287284661262502539e+02
1.287358243699492277e+02
1.289048731009591506e+02
1.286715889908682868e+02
1.284763525160281006e+02
1.284811641576036152e+02
1.281627920783876391e+02
1.283664566448359778e+02
1.285721784291276037e+02
1.287799782112399782e+02
1.285858365770094451e+02
1.283493298757675518e+02
1.283124544199673096e+02
1.285176307272392364e+02
1.288460916436763455e+02
1.286930218622988775e+02
1.287808301639383615e+02
1.282230607716545876e+02
1.284273341127824324e+02
1.285932667805885501e+02
1.287608755359487702e+02
1.286877530666145049e+02
1.286947000672867034e+02
1.282976768356436423e+02
1.282198755915590027e+02
1.283433086783426234e+02
1.288316249276193162e+02
1.292440655834541872e+02
1.293778440236909830e+02
1.293109535592838881e+02
1.295262157164476662e+02
1.297032481984324193e+02
1.299628769681132212e+02
1.303059363314276595e+02
1.304100366984116306e+02
1.302323603014263824e+02
1.300124851529553496e+02
1.297499850029853405e+02
1.299696818211972129e+02
1.299895775971692444e+02
1.299692703001711607e+02
1.301911821213844291e+02
1.301729112337216065e+02
1.304372840744666178e+02
1.305831152267338382e+02
1.303263790169024503e+02
1.299458373908111639e+02
1.297634721119308381e+02
1.297812849615468167e+02
1.295164494561071535e+02
1.297337873294014798e+02
1.300745326559605815e+02
1.297318511676374442e+02
1.292644961289265382e+02
1.287520162918458198e+02
1.289212285776220028e+02
1.286881096743651938e+02
1.277657673478434788e+02
1.275209771190342565e+02
1.273141183020548795e+02
1.274688063657117851e+02
1.272614205714261146e+02
1.273347682539651942e+02
1.276512810646115099e+02
1.277285667319308544e+02
1.274429966989199983e+02
1.273969663625464506e+02
1.275928953157032595e+02
1.279928235512147268e+02
1.284371955062777317e+02
1.285224197033109022e+02
1.289721411144560363e+02
1.289415566812676559e+02
1.287490471527956402e+02
1.288374213664604611e+02
1.284014357236978014e+02
1.281226623471690118e+02
1.282451134819891649e+02
1.283283974565548533e+02
1.286953509662168358e+02
1.288639908749667029e+02
1.287919099747131213e+02
1.288807171461749306e+02
1.288492092385612580e+02
1.285749588268296293e+02
1.280959180068981880e+02
1.276120383908062053e+02
1.270020589806124178e+02
1.269111706874874699e+02
1.273042128156440356e+02
1.276204169854989630e+02
1.278186030156552135e+02
1.278571747632881141e+02
1.272900755184724062e+02
1.271616924429018809e+02
1.273148408514161503e+02
1.271867079307231450e+02
1.272593009401247031e+02
1.277366676162874342e+02
1.277340076932198514e+02
1.278929370638576444e+02
1.280534717816752277e+02
1.282964361431058649e+02
1.285822587304106719e+02
1.287901603337476786e+02
1.286365255896443784e+02
1.281177026158021874e+02
1.277552551674769177e+02
1.271467223913908100e+02
1.270976993852436294e+02
1.271289892780239086e+02
1.272009992707315007e+02
1.272333325966978776e+02
1.274680127239376475e+02
1.275434471958967464e+02
1.276196436322186827e+02
1.271309531638573560e+02
1.266777304685425634e+02
1.265431620894374873e+02
1.263264263529667204e+02
1.263095215686533095e+02
1.260904258269226546e+02
1.261923493201242650e+02
1.264165144647717369e+02
1.265621358230023787e+02
1.266284200232346109e+02
1.264125454780144651e+02
1.263965105838525034e+02
1.260166773574268291e+02
1.252693710681076453e+02
1.255246172405136917e+02
1.254996133742557305e+02
1.253935488628846144e+02
1.256096453160451745e+02
1.251814599151972800e+02
1.253146059749462040e+02
1.254490969443903055e+02
1.257061585296872153e+02
1.257233924542294119e+02
1.257003964184143996e+02
1.257579761802161329e+02
1.257353294749652406e+02
1.256720499747131186e+02
1.258505555300129686e+02
1.258288439697096521e+02
1.262513575451620511e+02
1.266781389345062649e+02
1.269072110449556163e+02
1.267345566110669068e+02
1.268025824354215132e+02
1.265480630660819088e+02
1.264121849152346329e+02
1.266789746618526635e+02
1.271908834968211721e+02
1.266574580775973686e+02
1.262398566440366210e+02
1.258584410545825989e+02
1.257964051056399484e+02
1.257337425309492005e+02
1.256704470009584895e+02
1.256469161625846027e+02
1.254615314773580366e+02
1.258399307852109814e+02
1.261817482678895743e+02
1.267290386544333529e+02
1.267566047014482677e+02
1.267844491933820308e+02
1.267317668620014359e+02
1.264361281434359938e+02
1.264607354984206751e+02
1.265663994933537708e+02
1.266327267609638483e+02
1.268613401625892578e+02
1.271326668308978185e+02
1.270835018493928885e+02
1.270338402519119825e+02
1.272665053049617256e+02
1.269762679848096383e+02
1.271679474594030381e+02
1.272807550094984492e+02
1.271926818277765250e+02
1.273057392199759903e+02
1.271371103232079491e+02
1.273304144678871239e+02
1.274044590584711614e+02
1.276004636954259581e+02
1.274348118135608985e+02
1.273482947611729514e+02
1.270588835971443729e+02
1.272513975728737137e+02
1.271226238109833133e+02
1.267501250615984105e+02
1.267779041026254845e+02
1.268059637400262432e+02
1.269959229697228551e+02
1.271878009795184141e+02
1.274624252318365905e+02
1.279014396281175721e+02
1.281832723516335761e+02
1.283467397491252768e+02
1.281078179284095313e+02
1.281897150792015339e+02
1.283128435143447632e+02
1.285584277922672527e+02
1.287660886790588393e+02
1.287738269485435865e+02
1.288624514631749776e+02
1.289923752153289627e+02
1.283559345609378397e+02
1.281979136979166753e+02
1.279574885837541842e+02
1.280782712967211978e+02
1.286447184815365574e+02
1.289340590722593163e+02
1.293071303760197850e+02
1.293607377535556111e+02
1.292936744985413213e+02
1.288218934328698424e+02
1.288705994271406041e+02
1.286369691183237762e+02
1.287646152710341028e+02
1.292571871424593439e+02
1.296335223661204452e+02
1.298924468344648631e+02
1.293459058933985091e+02
1.291170766599993556e+02
1.286839158181804805e+02
1.292160765840205272e+02
1.292283601858801489e+02
1.294831921069486214e+02
1.299022142494437446e+02
1.295981962115594683e+02
1.294527234460193768e+02
1.296290135818380236e+02
1.298070844260987826e+02
1.297041256829280655e+02
1.298829552352811163e+02
1.296595507427078076e+02
1.299187381239470938e+02
1.298573112363108635e+02
1.301184961982936841e+02
1.301802991901951714e+02
1.300003022123183314e+02
1.299801032447662124e+02
1.301213164088549377e+02
1.304255721301563540e+02
1.307733051819758145e+02
1.310033385676526336e+02
1.313973116844973390e+02
1.319164764489871970e+02
1.319964408575631865e+02
1.320772129874378322e+02
1.325224373610473663e+02
1.320428660212602381e+02
1.319220868901621202e+02
1.318404918082449626e+02
1.319196886951964700e+02
1.319592815102994336e+02
1.321204863740397002e+02
1.321621074485254326e+02
1.319213206550763289e+02
1.320417380354303418e+02
1.321229677125559192e+02
1.324070380934906837e+02
1.324515536297882363e+02
1.325369228583720655e+02
1.324615382407801860e+02
1.325470083240207373e+02
1.324313215394148529e+02
1.323548702418329697e+02
1.326816871129628055e+02
1.328097849625880542e+02
1.332220050127157833e+02
1.330323282956721869e+02
1.328407356521942404e+02
1.325259956082770714e+02
1.325717127356332128e+02
1.324966795309421741e+02
1.323400803342856022e+02
1.322627074083694367e+02
1.324673812205750494e+02
1.329569507278538083e+02
1.331686370988421402e+02
1.334228657564059120e+02
1.331948138953596583e+02
1.330452665609689689e+02
1.328942086474434632e+02
1.325800087347916190e+02
1.325454633684766463e+02
1.321873367358349469e+02
1.317851886220550739e+02
1.317426147697528904e+02
1.316996108785381807e+02
1.315753645237764431e+02
1.312478429533091742e+02
1.310786292457665354e+02
1.311905345916833312e+02
1.308187218097816640e+02
1.308067897068501111e+02
1.310775653604543720e+02
1.311894599600549611e+02
1.313428888485407526e+02
1.314170594429703272e+02
1.315323832757269713e+02
1.315276598744724197e+02
1.316441008833054980e+02
1.317213140235400033e+02
1.314356707308493810e+02
1.310663340715648530e+02
1.309760950217821289e+02
1.304405000220028796e+02
1.299803030525278587e+02
1.297174778308364012e+02
1.294115937685218114e+02
1.291834280490118090e+02
1.287105333828403388e+02
1.287177104877177953e+02
1.284825358461789619e+02
1.281237735819995862e+02
1.278017914969684909e+02
1.276381732292614970e+02
1.278769426558192350e+02
1.276736794503225099e+02
1.273875550003257615e+02
1.274621767680058042e+02
1.273355320888946096e+02
1.270863960493891085e+02
1.266731273226150165e+02
1.265789164874900479e+02
1.267665823105959362e+02
1.270369518288843267e+02
1.273908604332171279e+02
1.276675357911282163e+02
1.276641775667964254e+02
1.277011894614103227e+02
1.277385752135455306e+02
1.274127022359048027e+02
1.272451537736408369e+02
1.272779331046878895e+02
1.271090233380687238e+02
1.272616397354228894e+02
1.273349896317408820e+02
1.274090804361012630e+02
1.272818994304058151e+02
1.272746458892985117e+02
1.275905514033315882e+02
1.280308600033660298e+02
1.279099595993590270e+02
1.280706662619796816e+02
1.283542083454337899e+02
1.282365740862968266e+02
1.275924990770671172e+02
1.279116152293613595e+02
1.279915305347082608e+02
1.280318490249578076e+02
1.280725747726844759e+02
1.279520957299845918e+02
1.277899956868527624e+02
1.278686825119730912e+02
1.281097803151237997e+02
1.271815962779025853e+02
1.268905012908114429e+02
1.266368699907179689e+02
1.268655252431499179e+02
1.273793184274240389e+02
1.276154731590141864e+02
1.275711850091053066e+02
1.274052373829352973e+02
1.272780175585199203e+02
1.269878965237574562e+02
1.269372692159164444e+02
1.271689588039560590e+02
1.274433927312689008e+02
1.275589825568377620e+02
1.271908914715524475e+02
1.269806984561143111e+02
1.272532307637511195e+02
1.274073038017691033e+02
1.278861654563325345e+02
1.275213792488206508e+02
1.271529083321422178e+02
1.271443518506484907e+02
1.270144968188374719e+02
1.268025220392290464e+02
1.268308303426564265e+02
1.264957882249046577e+02
1.263189780049539763e+02
1.267060383888430124e+02
1.264909478675180736e+02
1.264353008762808770e+02
1.265407079558396930e+02
1.262431393493329210e+02
1.265890296457904469e+02
1.268576057028183612e+02
1.270884906089078896e+02
1.272813036453613620e+02
1.273548521670314102e+02
1.271867193606380653e+02
1.266128478390286176e+02
1.261947957969982923e+02
1.255705008050487947e+02
1.249398998030795838e+02
1.247069694980598911e+02
1.244312823212728887e+02
1.244356387083562794e+02
1.246824633417742234e+02
1.246085488300749233e+02
1.248167159899747958e+02
1.245421373636110047e+02
1.247092296602131256e+02
1.245143733941546884e+02
1.246003771658129011e+02
1.246872496624369404e+02
1.250174239014514797e+02
1.252297211125774510e+02
1.253633546591693744e+02
1.251751057163320411e+02
1.251061673902351998e+02
1.251577448386212268e+02
1.250078230693139432e+02
1.250988111811252423e+02
1.249482941223489263e+02
1.248770647700495431e+02
1.250475401717675368e+02
1.250177173452192676e+02
1.249875932779986414e+02
1.249571649272719327e+02
1.248052170982543743e+02
1.244093102002571385e+02
1.237669800002599345e+02
1.240070505053130603e+02
1.236838893993062101e+02
1.238827165649554871e+02
1.240027440050057663e+02
1.239623676818238351e+02
1.240831996786099012e+02
1.237608077561715589e+02
1.231119270264361916e+02
1.227797242691276693e+02
1.222421457263912572e+02
1.220223694205971157e+02
1.219619893137347049e+02
1.218605952663986187e+02
1.220814093599985597e+02
1.223448579393928242e+02
1.223685433731236714e+02
1.223520640132566655e+02
1.220121858719759302e+02
1.221537231030060724e+02
1.223370940434407999e+02
1.221586808519603267e+02
1.224229099514748498e+02
1.224473837893681605e+02
1.224317007973420033e+02
1.224966674720629243e+02
1.221178459313762374e+02
1.221796423549254484e+02
1.220804468231573026e+02
1.223034816395527002e+02
1.226095774136897916e+02
1.226359367815044124e+02
1.225413502843480842e+02
1.226074245296444900e+02
1.225529540703482212e+02
1.222959132023719633e+02
1.219958719215879199e+02
1.218948201228155455e+02
1.217119395179958730e+02
1.213251914323189737e+02
1.213385772043625224e+02
1.211096739438006011e+02
1.211208827715158804e+02
1.212938209813292758e+02
1.213472939205346677e+02
1.213609029500349124e+02
1.214958615656916550e+02
1.215513753188806163e+02
1.216478538574553028e+02
1.215432867247021136e+02
1.215184714390929912e+02
1.214934054940334249e+02
1.217913186808421244e+02
1.218094128089312136e+02
1.221105179888196801e+02
1.221318363523428872e+02
1.220321579316597678e+02
1.221334928602622512e+02
1.222358513740020811e+02
1.225008599737392672e+02
1.226877373472120212e+02
1.228765023709208606e+02
1.232287902736570544e+02
1.233422123976337446e+02
1.230123357551855747e+02
1.227195310658444214e+02
1.228682131978226835e+02
1.227759729270937328e+02
1.228040130576705309e+02
1.229535485431008652e+02
1.227409581243443313e+02
1.229706647720651205e+02
1.232026916889545873e+02
1.230330219080351384e+02
1.227404261697324301e+02
1.221620466360934358e+02
1.218606531677714457e+02
1.216774274421934052e+02
1.212903307496896588e+02
1.212225563128183978e+02
1.215177336493117650e+02
1.213310440902132115e+02
1.206980243335489433e+02
1.200990144783323359e+02
1.194939540185173996e+02
1.194080343621394746e+02
1.193616508708471997e+02
1.193552028998458212e+02
1.186214170705511037e+02
1.181630475460109864e+02
1.180232803495060523e+02
1.173972528782891089e+02
1.171689423013022804e+02
1.164938811124261520e+02
1.156503849620467150e+02
1.159296817798451258e+02
1.161309916968133109e+02
1.165767592897107647e+02
1.160977366562733550e+02
1.157350875315894001e+02
1.157728156884739263e+02
1.153664804934079484e+02
1.147136166600077445e+02
1.143773905656648111e+02
1.143205965309743135e+02
1.140208045767417531e+02
1.140412167441835436e+02
1.142234512567511757e+02
1.140034861179304642e+02
1.140641273918490697e+02
1.141253812038873861e+02
1.144700820241292405e+02
1.143738202263929793e+02
1.138725456832249137e+02
1.136086320032578101e+02
1.134228606093514458e+02
1.130331925346983866e+02
1.125183762976748341e+02
1.120387639370454167e+02
1.117563272091368702e+02
1.121175022314508851e+02
1.125227295267185212e+02
1.125280096229477778e+02
1.123717268918662739e+02
1.120118453453199550e+02
1.120119649952722085e+02
1.119716818134064908e+02
1.117289715286934921e+02
1.109585570996902959e+02
1.108268253532221195e+02
1.106937629830532757e+02
1.106805686697503148e+02
1.102227966361115818e+02
1.098412087233452468e+02
1.094557663872171958e+02
1.091876428153711487e+02
1.093208513286577954e+02
1.093745973016743989e+02
1.091864619208833176e+02
1.089560221423062103e+02
1.086020425679859329e+02
1.082040834020063329e+02
1.081657408101072377e+02
1.079249907172801812e+02
1.074797886033133238e+02
1.073129177811242698e+02
1.071443613950753502e+02
1.069741024192681635e+02
1.068829317366345606e+02
1.066292239763981655e+02
1.067769939155536605e+02
1.062393877934886461e+02
1.058983715085741579e+02
1.054326984935092639e+02
1.048815136298075004e+02
1.044459733634419649e+02
1.042888619832744865e+02
1.040493555386615157e+02
1.035246015542032723e+02
1.033177793476803146e+02
1.029472518663438336e+02
1.022497493599430669e+02
1.016260094544880985e+02
1.015212216711996973e+02
1.015365875466664107e+02
1.016329167138045193e+02
1.016898148624290457e+02
1.008179948105341595e+02
1.003010048591256549e+02
9.981919682739945188e+01
9.937292608828218476e+01
9.912416776594182011e+01
9.846885632923400067e+01
9.784732962548878277e+01
9.717912083382688593e+01
9.642335437760331729e+01
9.594278219959910814e+01
9.533614363595866337e+01
9.472337741005917167e+01
9.418522970713088682e+01
9.335881788599050424e+01
9.308971503635405043e+01
9.253506569328699527e+01
9.189400575079481825e+01
9.116566237454034649e+01
9.123804280256567267e+01
9.062428565915746503e+01
9.024675319106815152e+01
9.018863958693762584e+01
8.996832281508845597e+01
8.954376041928128416e+01
8.931692971644551449e+01
8.876457547115724367e+01
8.743896512238104890e+01
8.702925769937480993e+01
8.625177545391404976e+01
8.583007621607490023e+01
8.572734971320670638e+01
8.566398960929979012e+01
8.547877738313123075e+01
8.480684584154653294e+01
8.404731903186522857e+01
8.295688791097499859e+01
8.221907869795454360e+01
8.187785727066103902e+01
8.169480532390016947e+01
8.155030840797986968e+01
8.095990748280796367e+01
8.020192675031127294e+01
7.988073409122334567e+01
7.943508494062953673e+01
7.906574236427255187e+01
7.828862865078042432e+01
7.714002894018210554e+01
7.642427165674958189e+01
7.549926429974696873e+01
7.484774171691623224e+01
7.435125425951137856e+01
7.352651945405179390e+01
7.333991864045624709e+01
7.323224105096615233e+01
7.288105156663237949e+01
7.240510259255800918e+01
7.180313393187678628e+01
7.143750902209768583e+01
7.094697881019982333e+01
7.016866546484833123e+01
6.950370248974567744e+01
6.931687120176336236e+01
6.912815272905397990e+01
6.849308356470096726e+01
6.756877127747571876e+01
6.687754674492502716e+01
6.597731994436863090e+01
6.486597974178650361e+01
6.354139367857221288e+01
6.256706432179017696e+01
6.142127709271730396e+01
6.070836069971447557e+01
5.942258656536809980e+01
5.877028945996787002e+01
5.831342369693729921e+01
5.769032696660333670e+01
5.698012824909427820e+01
5.654558408999429986e+01
5.610665059595365278e+01
5.566328343025632108e+01
5.509422568712765411e+01
5.338810675467431821e+01
5.227081490371145378e+01
5.142506555930449252e+01
5.004552076697425633e+01
4.865204117876191958e+01
4.797175876642621262e+01
4.728460481457194930e+01
4.671172203492115216e+01
4.601184043931437628e+01
4.514327317102458181e+01
4.458916481921677644e+01
4.406986345375439384e+01
4.354531661995399361e+01
4.253062284843832686e+01
4.166729580650338249e+01
4.083565232980138404e+01
4.019762861596100123e+01
3.935114001612226531e+01
3.857690910719418298e+01
3.791606980524657899e+01
3.676370687398648585e+01
3.580172411513790109e+01
3.507244860114940366e+01
3.433580666782761170e+01
3.347051178568448648e+01
3.275809271281263335e+01
3.179605324526525223e+01
3.062227600531846861e+01
2.971947071244283478e+01
2.892875829539681476e+01
2.804925080343112853e+01
2.720126343780922085e+01
2.565784185637291515e+01
2.413923419835647977e+01
2.325175171551158115e+01
2.223409264193089996e+01
2.120615418376857519e+01
1.992540826643291396e+01
1.903576592568980530e+01
1.837956154110080931e+01
1.727228438495030005e+01
1.623463069186901464e+01
1.518649564835252264e+01
1.404696530136618549e+01
1.289592454683452871e+01
1.136962075437830855e+01
9.787495711493233941e+00
8.391409809589122304e+00
6.981222029888003000e+00
5.758810131199997073e+00
4.766474879999993419e+00
3.723711999999995914e+00
2.508800000000000363e+00
1.120000000000000107e+00
