1.315515830818397944e+02
1.316682657392316003e+02
1.321901674133656570e+02
1.326769367811764084e+02
1.330070068496737861e+02
1.326535422723981412e+02
1.320944871438358632e+02
1.315701890341780427e+02
1.313234232668472146e+02
1.314378012796422865e+02
1.310684861410533699e+02
1.309782688293464048e+02
1.302406755851979483e+02
1.302633086719176845e+02
1.303669784564829683e+02
1.303908873297806110e+02
1.304150377068490911e+02
1.307222603099485241e+02
1.307901619292407531e+02
1.306567292214554925e+02
1.303199285065207107e+02
1.304645742490109797e+02
1.307722972212232548e+02
1.312043406274980271e+02
1.314387279065641110e+02
1.314330584914793008e+02
1.311445035267464050e+02
1.311358621482285116e+02
1.310059213618469585e+02
1.307938599614613508e+02
1.308220807691532457e+02
1.308909906759118655e+02
1.310010006827387485e+02
1.310717178613530223e+02
1.312643614761142317e+02
1.312973348243585576e+02
1.312902371963211579e+02
1.314446840366867377e+02
1.318835192289780593e+02
1.322055749787654406e+02
1.323288636149140416e+02
1.318877410251658944e+02
1.319270111365307230e+02
1.319666779156886207e+02
1.320471494097866412e+02
1.323304539492782510e+02
1.324145999487657548e+02
1.324591918674409499e+02
1.329082746135768502e+02
1.325134087005825450e+02
1.324377865662457339e+02
1.321997844103486557e+02
1.320805903134838672e+02
1.322834245590742910e+02
1.323266914738118203e+02
1.324512035089012443e+02
1.323749530392949509e+02
1.328635889285810947e+02
1.325086756854349801e+02
1.322309855408429939e+02
1.322333187281240612e+02
1.325589078061870509e+02
1.328473816224108361e+02
1.321690723458693242e+02
1.315243155008780604e+02
1.307518338392713986e+02
1.304563978174451222e+02
1.303195937549953669e+02
1.299389835909043143e+02
1.300393773645494662e+02
1.301407852167168357e+02
1.304048335522390403e+02
1.304695288406459497e+02
1.304944735764099448e+02
1.302368419963726183e+02
1.300978201983570841e+02
1.301190103013715031e+02
1.303424346478484779e+02
1.299620551998472990e+02
1.302242981816646363e+02
1.306104022037021650e+02
1.304751537411124218e+02
1.303385391324370346e+02
1.302005445782190236e+02
1.303035803820395984e+02
1.304076569515546851e+02
1.307552090419742967e+02
1.309850596383585355e+02
1.312172319579381963e+02
1.312901332908466827e+02
1.315657912028759995e+02
1.319250416190659791e+02
1.315606481000664587e+02
1.314349980808750900e+02
1.317525233140159173e+02
1.319924477919343815e+02
1.319923715070042078e+02
1.316690621282881750e+02
1.311000627558462952e+02
1.309697603594407269e+02
1.305149094539798114e+02
1.307019287413940276e+02
1.305272007488838710e+02
1.305123239887708166e+02
1.305377009987586803e+02
1.306845464633921665e+02
1.308328752155482562e+02
1.311039143591387131e+02
1.308928427870090161e+02
1.310028715020294214e+02
1.310736075778071381e+02
1.314278864422308573e+02
1.318261479214442602e+02
1.319860080014590551e+02
1.324707151529889302e+02
1.320714294474643680e+02
1.322741711590547879e+02
1.320345163222767724e+02
1.319540568911880030e+02
1.321152089809991423e+02
1.323992009909078718e+02
1.322416171625335437e+02
1.325268860227611185e+02
1.324918040633946532e+02
1.322947515791867090e+02
1.323381329082698983e+02
1.323819524325951704e+02
1.325070226591869584e+02
1.325929521809971163e+02
1.323161133141387893e+02
1.320364780950899615e+02
1.323196748435248367e+02
1.325653281247729183e+02
1.327730587118908261e+02
1.332253118301927657e+02
1.328336483133265915e+02
1.328420690033597680e+02
1.327293626296560660e+02
1.328579420501583002e+02
1.329878202526850259e+02
1.335230507602890384e+02
1.333364149093819719e+02
1.330670857670520206e+02
1.333606926939918935e+02
1.335360532262553761e+02
1.339152052790445282e+02
1.338537427061053222e+02
1.339936795011174127e+02
1.344986661627447688e+02
1.342006728916611848e+02
1.343037099915773069e+02
1.343673838298758483e+02
1.347145291210856328e+02
1.349843728495824280e+02
1.349741139894778712e+02
1.349233474641188195e+02
1.349528762263823296e+02
1.348614911377603960e+02
1.347691829674345456e+02
1.348779625933679824e+02
1.349878410034024228e+02
1.351796373771740321e+02
1.353329670476505271e+02
1.357302697451021629e+02
1.358487573182841572e+02
1.359684417356409654e+02
1.358469108440829416e+02
1.356433442869511623e+02
1.353569134211628011e+02
1.350675893143062467e+02
1.350177669841477552e+02
1.352098656405520387e+02
1.356059248894468965e+02
1.361271968580280429e+02
1.362900978363915669e+02
1.363738361983753009e+02
1.359331678771476390e+02
1.358112806839865812e+02
1.356073542262494698e+02
1.356437921477265149e+02
1.357210021694204727e+02
1.353949516862835765e+02
1.351464158447301998e+02
1.354206220653854018e+02
1.356167899650360198e+02
1.358957474394301812e+02
1.362987347873026067e+02
1.368674088760635357e+02
1.369973827030943596e+02
1.367650330334289492e+02
1.362475081145743161e+02
1.361692001157315701e+02
1.358072728441731556e+02
1.359265382264379980e+02
1.357641800267051622e+02
1.356809899259644112e+02
1.361222120464284444e+02
1.364466788347765203e+02
1.367744230654309092e+02
1.370650738034667313e+02
1.373586604075416062e+02
1.377360206136786758e+02
1.372687076905837102e+02
1.369582905965494604e+02
1.370487783803533546e+02
1.370189680609618108e+02
1.372716849100633567e+02
1.375269544546100917e+02
1.374615701561708931e+02
1.373551213698704316e+02
1.370455771412835304e+02
1.367733102437206583e+02
1.367811214583032893e+02
1.364657792508118916e+02
1.361068477280927311e+02
1.361079269980728270e+02
1.359069969677507572e+02
1.356636333007581641e+02
1.354582154553108921e+02
1.354931469245567826e+02
1.354880271965221255e+02
1.354020476732551970e+02
1.352343915891463553e+02
1.351458500900462241e+02
1.350564142323707415e+02
1.353297113458286276e+02
1.354845569149776452e+02
1.355197544595736758e+02
1.354340954137115887e+02
1.352263590037491099e+02
1.352185444482310288e+02
1.348066105537693318e+02
1.344309197512812659e+02
1.345766866174556640e+02
1.344410975933904524e+02
1.343445430236265281e+02
1.343682252763899498e+02
1.347961871478685509e+02
1.347840274220898493e+02
1.349737650728175993e+02
1.352866313866843768e+02
1.349965973602871827e+02
1.349056538992804235e+02
1.348945998982623848e+02
1.348834342406703399e+02
1.348317517582527501e+02
1.354260118770227450e+02
1.350565776535581506e+02
1.349258360136949761e+02
1.346725616299951014e+02
1.347399612424193265e+02
1.344444052953730022e+02
1.343882881771450855e+02
1.341699880577220370e+02
1.343131192502235081e+02
1.346193123739633393e+02
1.342417296706707646e+02
1.341027572431015074e+02
1.341239972152536097e+02
1.339838355709640609e+02
1.340846823949131590e+02
1.340653357524367095e+02
1.339649856085222268e+02
1.334191773823464757e+02
1.334335125074205166e+02
1.334883964721416021e+02
1.335842388607493092e+02
1.337618574351007794e+02
1.339412701364641407e+02
1.334356264004693742e+02
1.330460872732024029e+02
1.327334214880820866e+02
1.328216378667495690e+02
1.325067049159083012e+02
1.323502069857666470e+02
1.323941484704714924e+02
1.323577257277476633e+02
1.324017431593420326e+02
1.323249930902447602e+02
1.326515081719641103e+02
1.331429375474383221e+02
1.328312500479180471e+02
1.329204545938563911e+02
1.326065197917738487e+02
1.322894139310848232e+02
1.323731453849342472e+02
1.320940862474080575e+02
1.318122083307152081e+02
1.320123316471872101e+02
1.323760925729170026e+02
1.322182753261791106e+02
1.320184599254323530e+02
1.322610706317501581e+02
1.322233036684343404e+02
1.321447511802362555e+02
1.324694456366030977e+02
1.322317632692959535e+02
1.318704679487833005e+02
1.317075433826101403e+02
1.319066094773834834e+02
1.317036459367516841e+02
1.315794403401527575e+02
1.321408488284361624e+02
1.322634836650879890e+02
1.322257410758463152e+02
1.319855970463095503e+02
1.321470677235453479e+02
1.321889572965095851e+02
1.321504619156677336e+02
1.324752140562293619e+02
1.326820344002314016e+02
1.324869034345767034e+02
1.324110135702791240e+02
1.319303167376568808e+02
1.318488047855112768e+02
1.318472775611232919e+02
1.315225025869933404e+02
1.312752551383763375e+02
1.310659142811886966e+02
1.301271861426153862e+02
1.300678647905203889e+02
1.304523886772930155e+02
1.300327158356501229e+02
1.300128442784349261e+02
1.301947922004391387e+02
1.306614062630695230e+02
1.308499053162321673e+02
1.309190962790224830e+02
1.310293901808307453e+02
1.304539294755851699e+02
1.305191206824105450e+02
1.305849703862729143e+02
1.310151216022952667e+02
1.314092137396928308e+02
1.313224381209019498e+02
1.318812506271735856e+02
1.313547986133065422e+02
1.311058571851581576e+02
1.307735931163220755e+02
1.310440334508293176e+02
1.313980135866969761e+02
1.315939531178763957e+02
1.317918718362378740e+02
1.320725978143816519e+02
1.318713109236180685e+02
1.315063746703216339e+02
1.313397723942637469e+02
1.306058307012759485e+02
1.307533643447233374e+02
1.306599639845699983e+02
1.306868323076456306e+02
1.307543760683294636e+02
1.307821980488172358e+02
1.308507050998156842e+02
1.306370758583997826e+02
1.307849251094945373e+02
1.308938637469642572e+02
1.310847108555196314e+02
1.310754655106254631e+02
1.305812782935616951e+02
1.305669477712741013e+02
1.307544926982565983e+02
1.309843360588448604e+02
1.311356929887327567e+02
1.313693868573060115e+02
1.315650372296010744e+02
1.313990275046483589e+02
1.313121489945939118e+02
1.315072212066604322e+02
1.313810315218797484e+02
1.313343752746253017e+02
1.316104800753794564e+02
1.316873536114943590e+02
1.317650036479744244e+02
1.315606097454277972e+02
1.315561714600286223e+02
1.314708802626551289e+02
1.317483639016721213e+02
1.321094584865372781e+02
1.326358166530673088e+02
1.327230471243106820e+02
1.326495425498096381e+02
1.326156995452620038e+02
1.320562621669313330e+02
1.322184466332636532e+02
1.315337844780440264e+02
1.316502873515599958e+02
1.317679670217772809e+02
1.318464313351291537e+02
1.319660922577061513e+02
1.316425174320264659e+02
1.311944620525523248e+02
1.302570323763151521e+02
1.308454872488024989e+02
1.305509972210135459e+02
1.305767648697107006e+02
1.305623887572840545e+02
1.301842310679627133e+02
1.303275061292553971e+02
1.299873799285417988e+02
1.298862423520624816e+02
1.298648912647087741e+02
1.294392841057664043e+02
1.295346304098653434e+02
1.296309398079446282e+02
1.296070099070150263e+02
1.300676867747619951e+02
1.302097846209723286e+02
1.297876612333046751e+02
1.298057184174799943e+02
1.298239579974542721e+02
1.299635939368221500e+02
1.303874686230529107e+02
1.305732006293464735e+02
1.303567683124715018e+02
1.307442104166377987e+02
1.306911216329666559e+02
1.299910319524926763e+02
1.294858908611039681e+02
1.290968594556600237e+02
1.291079388441012554e+02
1.293615543879811298e+02
1.296177317050311899e+02
1.296340724293249593e+02
1.298525984134591909e+02
1.296288872863220831e+02
1.295241285720429119e+02
1.291758874465077440e+02
1.291877650974828100e+02
1.295633990883661397e+02
1.294983829175413348e+02
1.295135180985270722e+02
1.296096142409366792e+02
1.293430446878143130e+02
1.293970148361758561e+02
1.293707220567438583e+02
1.295057798552967370e+02
1.296422018740372835e+02
1.299012140141786062e+02
1.297183979941209486e+02
1.299377757516373322e+02
1.300785613652893744e+02
1.296147084497872584e+02
1.295906145957454783e+02
1.296066814098434463e+02
1.296229105149932934e+02
1.297605156717103227e+02
1.298187026986977912e+02
1.297966693926235848e+02
1.298552216087108491e+02
1.301567895037489961e+02
1.301785752563111771e+02
1.299581568245563972e+02
1.298567240652091925e+02
1.297946707729378488e+02
1.298532028009477699e+02
1.297103058595436664e+02
1.295255614742853822e+02
1.292177388629152972e+02
1.292704432958738607e+02
1.293236800968426792e+02
1.294986667644875524e+02
1.296754209742296666e+02
1.292883040143733240e+02
1.290992969842152434e+02
1.290699969537524794e+02
1.292020171250026692e+02
1.294161789141439840e+02
1.295920999132773659e+02
1.298910100134113179e+02
1.299101111246577318e+02
1.296869809339976314e+02
1.300272534686843358e+02
1.300477307764490718e+02
1.297047785620704872e+02
1.296815945071418241e+02
1.296581762698399984e+02
1.297153295654949261e+02
1.296518480459545799e+02
1.299109576221759710e+02
1.297282400223998877e+02
1.299881212347469841e+02
1.301698194290377728e+02
1.303533529586234465e+02
1.306195484430543274e+02
1.310500489323780187e+02
1.313232817498765144e+02
1.314780623736133123e+02
1.314323862359727570e+02
1.313458446828010437e+02
1.316220653361621942e+02
1.314970356930936646e+02
1.311283188819124916e+02
1.312407261433455687e+02
1.307078041851981425e+02
1.304119234193919397e+02
1.303958822418098009e+02
1.305816992341512446e+02
1.304865648829812130e+02
1.305924897807893217e+02
1.306590805866556479e+02
1.305647278653085550e+02
1.305906342073827489e+02
1.308996305125081960e+02
1.312925560732408314e+02
1.316894505790304493e+02
1.314438894737682233e+02
1.311554439128968568e+02
1.306620645584815463e+02
1.311738025843253581e+02
1.310038409942677617e+02
1.305089302972404539e+02
1.301706366638792360e+02
1.301521582463426228e+02
1.304163214609525312e+02
1.306831529908604637e+02
1.305486393847071724e+02
1.305339791764725419e+02
1.311252314913862165e+02
1.313184156478650095e+02
1.314327430786510433e+02
1.315078212915664437e+02
1.316644659510776592e+02
1.319035009606847382e+02
1.321045464249337726e+02
1.322268145706401015e+02
1.323907217885255818e+02
1.325158805944698770e+02
1.325210915095651956e+02
1.324859510197637746e+02
1.324504555755190722e+02
1.326974298742607346e+02
1.329468988628907482e+02
1.329564634978692652e+02
1.331277409069381861e+02
1.331391322292303130e+02
1.331910426557892606e+02
1.329202451068571520e+02
1.326871162695528596e+02
1.327344608783362787e+02
1.328226877558950889e+02
1.327501896524193796e+02
1.327577673256756725e+02
1.329270377027026484e+02
1.330980178815182455e+02
1.335939574560783285e+02
1.338928863192714971e+02
1.335483700194665744e+02
1.335640101206730606e+02
1.338222324451242002e+02
1.338810428738630378e+02
1.342232756301647214e+02
1.346901774042065654e+02
1.348385630345524646e+02
1.348672353884363417e+02
1.347345812004409140e+02
1.350046274751926774e+02
1.353582095709022042e+02
1.354729389605068377e+02
1.358716555156632353e+02
1.359511671875384309e+02
1.359102698864025172e+02
1.354649190771745566e+02
1.352978980577520929e+02
1.352908061189419584e+02
1.351220263827692349e+02
1.354767943260297329e+02
1.356331255818481907e+02
1.355486116988362255e+02
1.352612239382184498e+02
1.351325494325443799e+02
1.354066155884285365e+02
1.358046622105342180e+02
1.357218810207415061e+02
1.355170515361024854e+02
1.350677288243455507e+02
1.353411402266113441e+02
1.353344850773860628e+02
1.354489748256422956e+02
1.358474493188304564e+02
1.360883326452837139e+02
1.360892248942256799e+02
1.360093180749755675e+02
1.360902202777533319e+02
1.362931517957095764e+02
1.364981331269801785e+02
1.369880132595759221e+02
1.375232457167431335e+02
1.376194401179224656e+02
1.375549900181041494e+02
1.368434242607102078e+02
1.366903275360708392e+02
1.362124520566375452e+02
1.360529818753906000e+02
1.362151332074658683e+02
1.364193264721882883e+02
1.364639661335226322e+02
1.363070364985085803e+02
1.363101378772811358e+02
1.361516544214957207e+02
1.355067216378744206e+02
1.350572945837114958e+02
1.354518127108196381e+02
1.357291037483031459e+02
1.357263674225284547e+02
1.355619872954831919e+02
1.354767548439220093e+02
1.355118735797195484e+02
1.357897712926458382e+02
1.359492639319656746e+02
1.360699635676420201e+02
1.361514783511539690e+02
1.363146245971254302e+02
1.358329541385103312e+02
1.355080344833441188e+02
1.352202368518626656e+02
1.352931685372347488e+02
1.358920894315504597e+02
1.363354438702532150e+02
1.363792362325781937e+02
1.363022588207865056e+02
1.361032917381685650e+02
1.358619108466347427e+02
1.356180917642775512e+02
1.358970623881590711e+02
1.357344064526854481e+02
1.355701075279656891e+02
1.358889975029957782e+02
1.359282803060564504e+02
1.357255356626832565e+02
1.356015511744275841e+02
1.353955062367954554e+02
1.351065719563594030e+02
1.349359312690493766e+02
1.348847790596458651e+02
1.350755344036830365e+02
1.348237721249321055e+02
1.348522950756889145e+02
1.348811061370595894e+02
1.345869758960197657e+02
1.344918948444641273e+02
1.339918129742065105e+02
1.341735484587945848e+02
1.341146954129239077e+02
1.341764600130541965e+02
1.345216767808625491e+02
1.338198755362251973e+02
1.337170459961867266e+02
1.337747939355423625e+02
1.336715090258002760e+02
1.338096050765662142e+02
1.339895000773395850e+02
1.334439394720600376e+02
1.330948883556167175e+02
1.328231195511276894e+02
1.324273934859875510e+02
1.324317105919062669e+02
1.326784955473803223e+02
1.327257530781619437e+02
1.327330839173353638e+02
1.329021049670056414e+02
1.331132373404094835e+02
1.333265023640498441e+02
1.335823256202527602e+02
1.337195208285379522e+02
1.339793139682200263e+02
1.342417312810302406e+02
1.341027588697278361e+02
1.339623826966945046e+02
1.338205885825199175e+02
1.339197864469897468e+02
1.337775620676663948e+02
1.337551131996625031e+02
1.337324375754170660e+02
1.341135733085023958e+02
1.339733063722244140e+02
1.337104104769944115e+02
1.337680913909040896e+02
1.338263549403068851e+02
1.338852070104107099e+02
1.341062697074852679e+02
1.340063330378638682e+02
1.335821545837013673e+02
1.333961157411128227e+02
1.331677936778910976e+02
1.327351451291834508e+02
1.326617627567512727e+02
1.323452149058086036e+02
1.322274898038470781e+02
1.323509998018656120e+02
1.321929290927936904e+02
1.323968980735292007e+02
1.325221192661908844e+02
1.328102214810011503e+02
1.324547691727283620e+02
1.325805749219480276e+02
1.321419948706544574e+02
1.321030251218728324e+02
1.323868940624973902e+02
1.325524182449471198e+02
1.323963820656038308e+02
1.324003859248519177e+02
1.319599857826788707e+02
1.317979654370496974e+02
1.317555206434843171e+02
1.317126471146308972e+02
1.317097445602330197e+02
1.315856005658921504e+02
1.313389904705979916e+02
1.315343338086852327e+02
1.315296301097824028e+02
1.309592223331138712e+02
1.304234569021351149e+02
1.301651079819541792e+02
1.300253615979339941e+02
1.303286480787211303e+02
1.302309576552737553e+02
1.306979370255290007e+02
1.306847848742724523e+02
1.302674594689618175e+02
1.299671307767286521e+02
1.291789199764930629e+02
1.288675959358521368e+02
1.288763595311639563e+02
1.290872318496602702e+02
1.286941735855155571e+02
1.282163369550662821e+02
1.272892292475419822e+02
1.274840699470120455e+02
1.276000706535475331e+02
1.277576471247951844e+02
1.276743910351471243e+02
1.277923141769161504e+02
1.277498122999152628e+02
1.276664770706214256e+02
1.274610879501223621e+02
1.272536241920430626e+02
1.270844688808518868e+02
1.272368372533851613e+02
1.273907447003891917e+02
1.269805502024133972e+02
1.268086365680942862e+02
1.257460975435295154e+02
1.251172702459894168e+02
1.249669396424138341e+02
1.249363026691048191e+02
1.251881845142472258e+02
1.254426106204521574e+02
1.254167784044968954e+02
1.251886650550475650e+02
1.249178434899465913e+02
1.248867105959058108e+02
1.242492026221269015e+02
1.239688915375021310e+02
1.235645369065680086e+02
1.233985221278461353e+02
1.236752748766126757e+02
1.236315907844572166e+02
1.238702937216737752e+02
1.238285795168422396e+02
1.238268479968106135e+02
1.239059070674848897e+02
1.237433404722070946e+02
1.236195358305121061e+02
1.235752887176894177e+02
1.236922108259490045e+02
1.236891018443930221e+02
1.238879816610025273e+02
1.234828097585888145e+02
1.238008179379684606e+02
1.238392100383519505e+02
1.233931414528806982e+02
1.231445873261425419e+02
1.223682700264061651e+02
1.221093636630366603e+02
1.214438016798350759e+02
1.212967693735705836e+02
1.211078478520917514e+02
1.211998463152438603e+02
1.211715619345900592e+02
1.212642039743332276e+02
1.214789939134680878e+02
1.214131251651194958e+02
1.213869951162817244e+02
1.209161566831135275e+02
1.205617744273870073e+02
1.203654287145319017e+02
1.197630593076085290e+02
1.196394538460688608e+02
1.197974281273422150e+02
1.199165940680228175e+02
1.195117111798205656e+02
1.190623345250711651e+02
1.191336712374459665e+02
1.188420921590360990e+02
1.185879718778143115e+02
1.186949210887013351e+02
1.188433546350525347e+02
1.187912673081334276e+02
1.188598659678114160e+02
1.188483494624360901e+02
1.186751004671069438e+02
1.185001014819262366e+02
1.181213146282079975e+02
1.178195097254627370e+02
1.175954643691542572e+02
1.172479438072267612e+02
1.173817614214410980e+02
1.173957186075160877e+02
1.166017359671880484e+02
1.161633696638262450e+02
1.155589592563903381e+02
1.154736962185757392e+02
1.151451476955314348e+02
1.148132805005367061e+02
1.143972530308448086e+02
1.143002555867123249e+02
1.140810662492040706e+02
1.137788547971754269e+02
1.135543987850260947e+02
1.137721199848749194e+02
1.134263838231057377e+02
1.131983674980867676e+02
1.133316843415016990e+02
1.134663478196985267e+02
1.131175230502008873e+02
1.128863869193946385e+02
1.121276635549437799e+02
1.120481450049939696e+02
1.120890353585797641e+02
1.116858943015958658e+02
1.115615093955514681e+02
1.110318276722739341e+02
1.106180077497717633e+02
1.100383916664360981e+02
1.099781734004403688e+02
1.097961347479196377e+02
1.095718532807269412e+02
1.094261144249769160e+02
1.091576913383601521e+02
1.084825165033946490e+02
1.082853702054488565e+02
1.080054244499480802e+02
1.082074994443921270e+02
1.080075751963559014e+02
1.078864395922785633e+02
1.078044844366451400e+02
1.072772570067123752e+02
1.071891484916286146e+02
1.064940893854834769e+02
1.062364539247306539e+02
1.060974282067983836e+02
1.056741699058570134e+02
1.056102726321786349e+02
1.052224976082615058e+02
1.051136339477388759e+02
1.048016504522615833e+02
1.040420711639004168e+02
1.034364355190914893e+02
1.029458944637289051e+02
1.025716105694231146e+02
1.021935460297200677e+02
1.019732788178990432e+02
1.021144230483829745e+02
1.016509323721039948e+02
1.011423559314184786e+02
1.003458140721394187e+02
1.000664788607470257e+02
9.970351400075460901e+01
9.909445858662066087e+01
9.928733190567760403e+01
9.883568879361371273e+01
9.882392807435695659e+01
9.865043239834059818e+01
9.786912363468736942e+01
9.724153902493701196e+01
9.680963537872433733e+01
9.665619735224657916e+01
9.597595692146113322e+01
9.557167365804173187e+01
9.520371076569840341e+01
9.458960683403901726e+01
9.429253215559472778e+01
9.411366884403518895e+01
9.336734226670222370e+01
9.277509319868930504e+01
9.209605373604955503e+01
9.181419569297928263e+01
9.181231888179731015e+01
9.132557462807811532e+01
9.107633800815956704e+01
9.094579596783803765e+01
9.065231915943260788e+01
9.027506985801250039e+01
8.989400995758863644e+01
8.906465652281686118e+01
8.855015810385522457e+01
8.835369505439913951e+01
8.767039904484776969e+01
8.726302933822991292e+01
8.697275690730299402e+01
8.651793627000293441e+01
8.593730936363937190e+01
8.527000945822170763e+01
8.487879743254710263e+01
8.436242164903757157e+01
8.388123398892678040e+01
8.363761008982503142e+01
8.298748493921713987e+01
8.273483327193662262e+01
8.239882148680479190e+01
8.181699140081288135e+01
8.139090040486142641e+01
8.003121253016311698e+01
7.958708336380118453e+01
7.897685188262731515e+01
7.803722412386599672e+01
7.708810517562207565e+01
7.621020724810328772e+01
7.552546186677115259e+01
7.483379986542517770e+01
7.425636350042962874e+01
7.415794292972687174e+01
7.377569992901698015e+01
7.302595952425960490e+01
7.226864598410061546e+01
7.138247069101066700e+01
7.097219261718265670e+01
7.063857840119464981e+01
6.993795798100458683e+01
6.898783634444903612e+01
6.802811751964549103e+01
6.709910860570251145e+01
6.648394808656819066e+01
6.557974554198807482e+01
6.470681367877593004e+01
6.426950876644036725e+01
6.342374622872749512e+01
6.228661235225006720e+01
6.166324480025258481e+01
6.091236848510359891e+01
6.047713988394313844e+01
5.975468675145771158e+01
5.898453207217946925e+01
5.792376976987832649e+01
5.705431289886711710e+01
5.629728575643132160e+01
5.569422803679926659e+01
5.447901821898917518e+01
5.361516991817083522e+01
5.294461607896050737e+01
5.210567280703084236e+01
5.129865940104127731e+01
5.064511050610229859e+01
5.018698030919422592e+01
4.940099021130740198e+01
4.893029314273476160e+01
4.801039711387351616e+01
4.732363344835708574e+01
4.630670045288596981e+01
4.511787924533937399e+01
4.395745378317112539e+01
4.302773109411224084e+01
4.229063746880022023e+01
4.122286613010129486e+01
4.042713750515277837e+01
3.986579545975029504e+01
3.909676309065689992e+01
3.819875059662312111e+01
3.725126322891222941e+01
3.617299316051741442e+01
3.504342743486609635e+01
3.361962367158185572e+01
3.278749865816349995e+01
3.198737238198329891e+01
3.117916402220536298e+01
3.003955961838926569e+01
2.876723193776691545e+01
2.723962821996655848e+01
2.569659416158238940e+01
2.393595369856804922e+01
2.316762999855359340e+01
2.235114141268040910e+01
2.140519334614181446e+01
2.032847812741597338e+01
1.932169507819794774e+01
1.765827785676560424e+01
1.674573520885415689e+01
1.537953051399408722e+01
1.379750556969099229e+01
1.316919754514241703e+01
1.204969449004284598e+01
1.087847928287155064e+01
9.008564932193490193e+00
7.927843365852005775e+00
6.310952894799997992e+00
5.000962519999993638e+00
3.758547999999996225e+00
2.665200000000000458e+00
1.479999999999999982e+00
