1.287246602196788956e+02
1.291360204239178131e+02
1.296323438625432516e+02
1.295276200631746804e+02
1.295026465284590813e+02
1.297602490186463626e+02
1.296164131501481052e+02
1.291882961112611383e+02
1.287962586982428661e+02
1.286426855537798701e+02
1.286087732866466808e+02
1.286149225117640640e+02
1.287827500118834223e+02
1.290734848604877243e+02
1.291651362227148923e+02
1.292173093158746155e+02
1.291083932483575438e+02
1.289579729781389119e+02
1.290888615940794750e+02
1.292614763576567327e+02
1.293550266238963502e+02
1.296111380039345136e+02
1.293041798019544615e+02
1.291557371736913069e+02
1.294098355289813753e+02
1.294644803323038502e+02
1.291560407397016093e+02
1.288444855956578863e+02
1.288126117127863495e+02
1.284975875886723315e+02
1.284218056451241807e+02
1.285472784294179576e+02
1.287952307367863227e+02
1.286012431684705462e+02
1.286477203721920830e+02
1.291795155274664637e+02
1.291106217449160454e+02
1.291218401463801513e+02
1.291331718650301355e+02
1.291042140050807063e+02
1.292769838435158363e+02
1.290474584277941688e+02
1.285731903311053657e+02
1.287810003344501411e+02
1.288696973075250298e+02
1.289188861692180126e+02
1.290897840093108755e+02
1.288179636457679464e+02
1.290686501472405894e+02
1.293622728760013558e+02
1.294164372484853516e+02
1.291883204530146259e+02
1.292811317707226237e+02
1.296173048189127144e+02
1.297548533524368395e+02
1.294089427802388741e+02
1.288171139194334387e+02
1.290273877974075845e+02
1.289973614115229736e+02
1.286033953651742650e+02
1.283266619850250265e+02
1.281683454394191131e+02
1.283316620600191129e+02
1.284562243030494813e+02
1.283396205081313326e+02
1.282218388971015770e+02
1.284260998960622828e+02
1.285112120162252438e+02
1.285971838547723110e+02
1.288860442977507432e+02
1.292990346441918916e+02
1.293525602466588964e+02
1.293662224713723106e+02
1.295416388599711865e+02
1.296784230908807558e+02
1.295741647382637609e+02
1.293072371093568051e+02
1.290376132417744657e+02
1.289672861028032003e+02
1.292194809119228012e+02
1.295550312241641109e+02
1.294091224486506917e+02
1.293425479279291608e+02
1.293965130585143868e+02
1.294914273318329947e+02
1.299913407392252793e+02
1.303750916557825974e+02
1.303990824805889588e+02
1.303425075561501956e+02
1.299621288445960374e+02
1.299819483278753296e+02
1.301635841695725730e+02
1.306298829995672293e+02
1.306968515147136713e+02
1.306836883987015483e+02
1.301451397966680190e+02
1.299243836329972339e+02
1.299034178111081985e+02
1.295994119304130265e+02
1.296559716468814543e+02
1.297535067140215403e+02
1.293267744586085826e+02
1.294613883420283003e+02
1.294357458000290535e+02
1.290462078788167730e+02
1.292183917967845446e+02
1.291094866634188350e+02
1.292419057206249704e+02
1.296584906268940927e+02
1.297560511382757795e+02
1.296929809477538527e+02
1.300333140886413901e+02
1.304174889784255527e+02
1.302802918973988824e+02
1.296972645428275825e+02
1.297548126695222379e+02
1.299745582520419873e+02
1.299540992444889582e+02
1.302162618631191719e+02
1.303194564273923675e+02
1.305045014418111577e+02
1.306914155977889322e+02
1.310822379775645743e+02
1.312345838157209528e+02
1.312268523391125825e+02
1.313806589283965423e+02
1.313744029579763435e+02
1.316105080383598818e+02
1.315257656953134813e+02
1.316017835306196275e+02
1.316785692228477558e+02
1.315137062857048136e+02
1.314683901875803826e+02
1.309377678662431492e+02
1.310482503699422523e+02
1.313618690605484289e+02
1.314362313742903439e+02
1.313093246204954880e+02
1.310599238590868936e+02
1.309292160192801759e+02
1.314840565851308440e+02
1.316808652375052304e+02
1.319200658964703337e+02
1.317980463600712255e+02
1.313515619798703540e+02
1.313854161412823771e+02
1.315408243851338455e+02
1.317382064496300416e+02
1.319375822723539500e+02
1.320985679518731502e+02
1.323823918705785445e+02
1.326690826975541597e+02
1.327970532298529349e+02
1.323202557877294510e+02
1.320002583714451987e+02
1.319598569408537969e+02
1.323634918594469809e+02
1.323671634943920878e+02
1.319264277721128167e+02
1.318852805778907680e+02
1.318033137150424068e+02
1.320033471869116113e+02
1.320033809968799403e+02
1.316801828251312827e+02
1.319597806314450850e+02
1.321209905368143609e+02
1.321222126634483800e+02
1.323254673368163594e+02
1.324499670068850605e+02
1.329393606130165324e+02
1.329892531444605197e+02
1.330396496408691860e+02
1.331309592332011675e+02
1.330615749830314201e+02
1.331935100838703079e+02
1.336904142261318214e+02
1.338287012385164871e+02
1.337663648873903242e+02
1.334205705933229353e+02
1.335965359528519514e+02
1.337742787402548572e+02
1.339538169093482054e+02
1.339331483932807885e+02
1.341142913063450521e+02
1.345396881882270748e+02
1.344441294830579636e+02
1.344284136192507617e+02
1.344933470901520423e+02
1.345589364546985678e+02
1.339787236916142774e+02
1.333926501935505087e+02
1.332855052460103025e+02
1.339045507535462889e+02
1.338025765187334173e+02
1.341036126451856205e+02
1.341652652981672134e+02
1.336214800991587310e+02
1.335166465648065923e+02
1.334915621866733204e+02
1.334662244309839139e+02
1.334002266979637170e+02
1.339396229272352912e+02
1.343228514416519772e+02
1.335382337794468981e+02
1.335133674539866888e+02
1.330438055090776288e+02
1.334179853627047407e+02
1.337151367300044740e+02
1.332880168989946412e+02
1.337858756555504556e+02
1.342483592480308516e+02
1.345943022707377850e+02
1.347013154249876266e+02
1.347286014393817197e+02
1.351197994337179580e+02
1.354341408421397261e+02
1.356708493354943812e+02
1.354655043792880349e+02
1.354601054336243351e+02
1.353334398319431671e+02
1.352054947797412865e+02
1.348338331108495538e+02
1.345796294048984407e+02
1.344440701059577350e+02
1.346303738444021576e+02
1.347377513579824608e+02
1.346441932908913373e+02
1.346709023140310819e+02
1.346170730444756884e+02
1.345222960045215075e+02
1.348710060651729350e+02
1.345767738032053558e+02
1.348048220234398968e+02
1.345907293166049499e+02
1.353037669864698955e+02
1.353775424105759271e+02
1.354520630409858768e+02
1.355273364050357827e+02
1.349569054596324520e+02
1.348251570299310060e+02
1.349345020504364356e+02
1.347217192428647365e+02
1.344259790331969384e+02
1.340464434678756049e+02
1.339054984523997689e+02
1.338843418711111610e+02
1.337417594657679842e+02
1.337189489553213093e+02
1.336959080356784852e+02
1.337130384198770230e+02
1.337303418382593065e+02
1.340710523618789409e+02
1.343343963251298590e+02
1.342771680051817498e+02
1.344213818234159135e+02
1.345670523468849922e+02
1.344313660069547893e+02
1.340518848555101386e+02
1.341938230863738397e+02
1.346200233195697251e+02
1.346464882015853561e+02
1.349964527288734359e+02
1.350671239685590308e+02
1.349768928975341282e+02
1.350473665631662925e+02
1.348761278415815354e+02
1.353092200420022664e+02
1.354234545878817642e+02
1.354984389776574858e+02
1.354125646238958609e+02
1.352854188120163315e+02
1.351973927394108159e+02
1.349872653933437050e+02
1.349770357508519112e+02
1.350475108594467883e+02
1.346742533933808090e+02
1.346204579731121953e+02
1.346065232051633700e+02
1.345924476819831455e+02
1.346590380626095680e+02
1.343626647097074169e+02
1.345077421310169541e+02
1.342098405363807672e+02
1.342321621579598059e+02
1.339718809676372189e+02
1.342342231996334192e+02
1.343780032319525333e+02
1.343212153858102340e+02
1.339810256422328223e+02
1.338394198406392093e+02
1.336559796370097501e+02
1.341979592293024837e+02
1.340989487164673619e+02
1.342009582994615187e+02
1.345868265651116644e+02
1.348957844092046514e+02
1.350058428375812127e+02
1.350766089268494454e+02
1.347440494210590600e+02
1.346101509303630337e+02
1.344748999296606655e+02
1.342978787168285919e+02
1.347251300169977242e+02
1.349142727444430250e+02
1.348224977216589764e+02
1.348106037592508812e+02
1.347985896558100478e+02
1.350288784402110878e+02
1.352210893335474111e+02
1.350516053874215174e+02
1.352036418054762521e+02
1.349935775812891450e+02
1.350642197790797070e+02
1.352163836152321323e+02
1.348852359749822369e+02
1.345103393686689799e+02
1.345761003723936255e+02
1.344405054266604509e+02
1.346671771986467263e+02
1.340880577764103805e+02
1.331798563398088504e+02
1.326665215553617827e+02
1.326732540963257350e+02
1.328012667639655149e+02
1.326477442060254930e+02
1.325734789959861075e+02
1.327812919151368760e+02
1.329912039546832716e+02
1.330012161158424533e+02
1.331325415311534641e+02
1.332651934658118762e+02
1.331163570361739517e+02
1.330468252890641452e+02
1.328553790798629848e+02
1.330660394746093971e+02
1.331172115905144153e+02
1.330880925156710077e+02
1.324122146622933087e+02
1.323355703659538847e+02
1.325005761272257985e+02
1.327076526537630059e+02
1.329168208623874250e+02
1.333705261236235629e+02
1.331823496198210819e+02
1.331538885048701673e+02
1.329231197018888793e+02
1.326900199008977950e+02
1.328182019200987156e+02
1.332305069899987018e+02
1.333641484747462300e+02
1.332163115906534472e+02
1.333498096875281362e+02
1.334038481692206801e+02
1.335392405749702789e+02
1.335951924999696985e+02
1.338537297979493133e+02
1.341148785837871458e+02
1.340150288725124881e+02
1.338737665378912425e+02
1.343371379170616251e+02
1.341183211283454284e+02
1.344225465942892583e+02
1.343662086810994651e+02
1.342688976576768880e+02
1.346554521794713537e+02
1.349651032115866371e+02
1.347930335470572629e+02
1.347404379263204532e+02
1.346873110366877597e+02
1.344316273097851706e+02
1.345369972826109688e+02
1.342393911945566174e+02
1.342216072672289613e+02
1.345268760275048692e+02
1.345119959873786399e+02
1.348201979670484718e+02
1.346870686535844754e+02
1.343909784379644066e+02
1.341727054928932148e+02
1.339522277705992792e+02
1.342951795662617087e+02
1.343991712790523820e+02
1.344638093727800765e+02
1.347715246189699485e+02
1.350823480999691526e+02
1.352346950504740164e+02
1.348633283338126887e+02
1.348922508422350290e+02
1.350022735780153198e+02
1.348709834121367805e+02
1.348595792041782317e+02
1.347268476809885271e+02
1.348351996777660702e+02
1.348234340179456865e+02
1.348519535534808256e+02
1.347595490439194066e+02
1.351510596403227566e+02
1.351020804447703938e+02
1.346889701462325206e+02
1.349181516628617032e+02
1.351496481443047344e+02
1.354642910548532484e+02
1.356609000554075237e+02
1.355362626822297898e+02
1.352891542244742880e+02
1.348375295196711932e+02
1.341389187067387354e+02
1.336756754613520286e+02
1.331269449104562455e+02
1.331787322327840002e+02
1.333926588209937165e+02
1.335683422434283329e+02
1.338670123670995054e+02
1.342091034011105819e+02
1.340293973748589735e+02
1.340498963382416377e+02
1.345958548871125515e+02
1.344200554415283762e+02
1.337576317591195618e+02
1.332097290496155324e+02
1.328987162117324488e+02
1.330290062744782631e+02
1.330798043176538101e+02
1.332523275935894844e+02
1.327801288824137487e+02
1.328688170529435695e+02
1.329584010635793447e+02
1.334125263268479955e+02
1.333459861887352247e+02
1.327939254431668985e+02
1.331251772153205195e+02
1.333385628437574439e+02
1.337965281250079670e+02
1.340570991161697521e+02
1.332293930466354936e+02
1.335246394410467303e+02
1.337016560010567332e+02
1.340016727283401110e+02
1.343047199276173274e+02
1.344896160885019469e+02
1.345551677661634358e+02
1.341365330971344463e+02
1.339964980779139125e+02
1.338954526039537143e+02
1.340762147514683136e+02
1.342992068196647324e+02
1.344436432521866891e+02
1.349127709618042843e+02
1.353462332947523237e+02
1.348951851462144020e+02
1.348032173194087306e+02
1.339830477973827954e+02
1.340434826236183596e+02
1.339025077006249376e+02
1.337601087885100526e+02
1.338586957459692712e+02
1.340390866120900455e+02
1.337364511233241444e+02
1.337539910336602702e+02
1.339333242764240595e+02
1.344377012893174879e+02
1.347855568578965233e+02
1.346924816746432612e+02
1.348004865400424421e+02
1.347479662020642195e+02
1.346949153556207648e+02
1.348433488440603298e+02
1.350336857010714198e+02
1.352663491930019291e+02
1.353397466595972674e+02
1.351714612723205846e+02
1.353651123962838483e+02
1.356819317134186349e+02
1.357999310236546364e+02
1.353130616400553379e+02
1.351849107475310063e+02
1.352978896439701089e+02
1.358160501454239295e+02
1.362990405509334266e+02
1.360192328797306516e+02
1.358578109896270973e+02
1.361796070602288751e+02
1.360602091517463350e+02
1.360204132845931326e+02
1.361418316005983513e+02
1.359008400006043473e+02
1.359806464652574789e+02
1.356168146113712396e+02
1.353301157690615355e+02
1.353233492616784872e+02
1.351953022845231374e+02
1.348235376611347647e+02
1.344884218799334690e+02
1.347963857373070766e+02
1.348650360982907728e+02
1.346111475740305821e+02
1.345163106808390694e+02
1.343397077584233443e+02
1.344845532913362831e+02
1.349136901932692183e+02
1.353875658517873717e+02
1.351389554058454507e+02
1.351302579857025705e+02
1.352022807936388631e+02
1.349922028218569778e+02
1.352244472948055716e+02
1.352570174695002834e+02
1.358151691611118110e+02
1.359749183445578353e+02
1.362574932773304113e+02
1.360176699771012352e+02
1.361390605829309379e+02
1.363020813968997516e+02
1.360627084817178627e+02
1.358209176583002602e+02
1.360615329881819662e+02
1.363449828163452935e+02
1.363888715316614366e+02
1.367968399309716006e+02
1.364816564959306220e+02
1.369713701979097777e+02
1.366983537352628844e+02
1.359377310457196870e+02
1.357754859047678053e+02
1.356520059644118419e+02
1.350828343074859959e+02
1.354372063711988403e+02
1.355527337082810391e+02
1.357906401093748912e+02
1.357077172821974500e+02
1.355431487698956232e+02
1.356597462322176852e+02
1.358987335678976649e+02
1.356148823918148594e+02
1.356109923149650172e+02
1.355666589040052656e+02
1.356026857616214158e+02
1.357602886481028577e+02
1.357174632809116019e+02
1.354317810918299756e+02
1.351432132240706210e+02
1.348113264889598497e+02
1.345568954433937279e+02
1.343402984276709446e+02
1.341619176037080194e+02
1.343453713168765091e+02
1.345710821382589870e+02
1.343950324628877979e+02
1.341768004675639077e+02
1.344008085530949757e+02
1.345058672253489078e+02
1.344099668942907897e+02
1.346363301962533114e+02
1.343801315113671819e+02
1.343233651629969359e+02
1.339427930939365865e+02
1.331139324181174857e+02
1.326403357758763661e+02
1.321619553291682223e+02
1.320827831607755911e+02
1.321240233947236788e+02
1.323677003987103262e+02
1.322097983825355811e+02
1.321715135177131515e+02
1.322944580987000904e+02
1.321762203017171089e+02
1.323800205067848879e+02
1.327070914209945443e+02
1.327142337585805194e+02
1.327214482409904406e+02
1.326479275161517251e+02
1.325736641577293824e+02
1.328622870280090069e+02
1.329518050787967525e+02
1.329614192715123977e+02
1.330519386580936896e+02
1.329817562202967736e+02
1.332340971922191670e+02
1.336506032244627704e+02
1.336268719439017616e+02
1.333604767110124385e+02
1.336974512232452810e+02
1.333509608315600303e+02
1.331625866985457094e+02
1.331339259581276622e+02
1.330645716748760776e+02
1.331157289645210540e+02
1.329249787520418806e+02
1.327727058101432931e+02
1.327401068789322380e+02
1.330304109888208757e+02
1.332024353422428362e+02
1.334166013558013901e+02
1.336329306624256503e+02
1.332453845075002334e+02
1.332983681893941537e+02
1.328266345347414017e+02
1.320269035704457110e+02
1.318655591620666314e+02
1.318642011738044175e+02
1.319032335088934360e+02
1.319830641503974675e+02
1.321445092428253929e+02
1.322671810533595931e+02
1.323506879326866965e+02
1.327986746794810813e+02
1.330491663429098139e+02
1.326153195382930505e+02
1.328235550891854189e+02
1.327914697870559166e+02
1.324762321081367702e+02
1.327234667758959858e+02
1.326903704807028817e+02
1.322933035158615098e+02
1.321750540564265179e+02
1.321768222792180438e+02
1.321382043224429026e+02
1.319375801236797372e+02
1.318965455794743775e+02
1.318550965449239527e+02
1.320960571160849213e+02
1.323394516324085828e+02
1.321408602347565022e+02
1.318594547825818211e+02
1.312115704874564130e+02
1.310823944317751284e+02
1.313963580118929428e+02
1.315922808200943450e+02
1.318709907273685076e+02
1.314656471993617117e+02
1.312986335347085571e+02
1.310491247825343351e+02
1.311607321035697282e+02
1.308290223268380998e+02
1.309384063907458540e+02
1.310488953441876561e+02
1.312817124688763784e+02
1.309512247160361369e+02
1.303345704202386628e+02
1.304389600204435453e+02
1.303423838590339869e+02
1.302448321808423373e+02
1.303483153341843490e+02
1.307356720547321061e+02
1.309249212674055798e+02
1.310756780478841108e+02
1.314703818665501274e+02
1.316670523904544723e+02
1.315020731216706338e+02
1.313758314360316319e+02
1.312887186222536684e+02
1.311603218406607709e+02
1.316366887279395712e+02
1.322794835635756385e+02
1.324439227914908486e+02
1.324888109004955652e+02
1.318472837378740792e+02
1.313608926645191275e+02
1.314756491560799816e+02
1.312279284404855275e+02
1.314221499398837807e+02
1.313759090301859658e+02
1.313696050809958535e+02
1.312016212939355455e+02
1.311935568625612802e+02
1.312258150126877467e+02
1.312179949623112236e+02
1.308868635982942124e+02
1.305523874730241971e+02
1.306589772454789511e+02
1.307666436823016056e+02
1.309966097801026876e+02
1.311884947273764510e+02
1.310590855832087414e+02
1.314940258416250174e+02
1.316909351935605059e+02
1.314049850440005969e+02
1.310757424686875936e+02
1.309047903724117248e+02
1.310553438105172006e+02
1.306013573843607389e+02
1.302639973579400703e+02
1.304888862201419499e+02
1.305544305253957873e+02
1.310246772983790891e+02
1.309340174731103446e+02
1.308020378516268352e+02
1.305879170218445893e+02
1.304120373958029404e+02
1.298303408038411249e+02
1.298084250543848555e+02
1.294226515700864297e+02
1.292350015859454686e+02
1.287222238241874379e+02
1.281638624486743083e+02
1.277614772208828811e+02
1.277994719402860540e+02
1.281206787275616534e+02
1.280006855833956081e+02
1.280410965488846102e+02
1.278798955039240752e+02
1.279998944484079004e+02
1.277978731802100754e+02
1.274321951315249066e+02
1.275476718500255515e+02
1.271390624747735103e+02
1.268071338129016254e+02
1.268354886999014326e+02
1.266217057574756666e+02
1.263249553105815295e+02
1.262676316268505445e+02
1.264925571988387816e+02
1.268005628271094736e+02
1.267480432597069182e+02
1.268970133936432347e+02
1.266434478723672186e+02
1.263873210831988558e+02
1.262902233163625709e+02
1.259901245619825261e+02
1.256869945070529013e+02
1.255020146535885459e+02
1.255575905591805395e+02
1.255733237971519998e+02
1.258316401991432372e+02
1.259713537365084335e+02
1.259508623601094399e+02
1.259301640001108780e+02
1.253031959597075939e+02
1.251143393532400410e+02
1.248831710638792316e+02
1.248112839029081869e+02
1.246578625281903498e+02
1.247453156850405804e+02
1.249548643283235094e+02
1.252473377053778307e+02
1.256235734397748587e+02
1.252763368078538520e+02
1.250064008160139224e+02
1.245721220363772375e+02
1.245374970064419244e+02
1.243409060671131527e+02
1.247483899667805360e+02
1.247155454209912904e+02
1.247227731525160266e+02
1.248108819722383345e+02
1.245362444164025817e+02
1.244204489054569933e+02
1.243842918236945678e+02
1.239437291148424123e+02
1.241451809240834763e+02
1.243486676000839566e+02
1.245946137374589426e+02
1.241157714519790289e+02
1.235108802545236841e+02
1.235463436914384658e+02
1.237033774660994823e+02
1.237407853192922573e+02
1.241826114336287219e+02
1.241844559935646970e+02
1.243479353470341806e+02
1.241494296434693609e+02
1.233832622661310268e+02
1.231346083496269586e+02
1.230046548986129125e+02
1.232774291905186743e+02
1.231893224146650141e+02
1.229387095097626883e+02
1.228875853633963686e+02
1.230783690539358162e+02
1.232710798524606588e+02
1.229000806590515111e+02
1.227677582414660122e+02
1.228361194358242585e+02
1.229859792281049380e+02
1.228141204324292204e+02
1.226809297297267562e+02
1.226272017471985265e+02
1.226537391385845552e+02
1.221552920591763183e+02
1.217326182415923910e+02
1.216289073147398057e+02
1.214837447623633864e+02
1.210542876387510773e+02
1.209033208472231706e+02
1.205892129769931245e+02
1.205547605828208475e+02
1.203179399826478431e+02
1.202403434168155769e+02
1.204447913301167006e+02
1.204896882122389457e+02
1.201714022345851447e+02
1.204559618531160652e+02
1.205817796496122583e+02
1.203048279289013465e+02
1.198634625544457464e+02
1.198620833883287702e+02
1.196990741296250178e+02
1.196960344743690428e+02
1.196525600751200784e+02
1.197702627021419346e+02
1.192426895981225812e+02
1.186289793920428224e+02
1.185343226182254455e+02
1.185599218365912151e+02
1.188686079157489814e+02
1.188167756724735824e+02
1.181179552247206033e+02
1.175332881057785812e+02
1.170639273795743946e+02
1.169938660399744066e+02
1.168422889292667435e+02
1.166891807366327214e+02
1.168173542794273629e+02
1.169872265448760231e+02
1.168355823685613188e+02
1.169652347157185233e+02
1.171770047633522580e+02
1.168656613771231605e+02
1.163087488657811690e+02
1.163118675411931804e+02
1.160321894355489576e+02
1.160729186217662772e+02
1.161948672947134895e+02
1.156715831259730862e+02
1.149005890161343615e+02
1.146470596122570953e+02
1.146737975881382567e+02
1.140947450385233424e+02
1.139138838772962998e+02
1.134483675528249478e+02
1.128973409624492916e+02
1.125831726893429163e+02
1.127102754437806169e+02
1.127174499432129409e+02
1.126438888315281162e+02
1.126099887187150728e+02
1.123333219380960486e+02
1.117710322607033646e+02
1.110414467279828585e+02
1.107489360888714032e+02
1.103322586756279975e+02
1.099517764400285387e+02
1.098906832727559078e+02
1.099905891644000064e+02
1.099298880448484681e+02
1.094241293382309266e+02
1.089536659982129834e+02
1.081956222204170928e+02
1.075107295155726916e+02
1.075865954702751282e+02
1.074612075457327762e+02
1.074153611573055400e+02
1.073286476336422481e+02
1.073218662966081922e+02
1.073958245420287625e+02
1.071472975172005846e+02
1.062497954719198816e+02
1.058684802746667089e+02
1.060893740148148225e+02
1.060296707220350214e+02
1.054441118404394615e+02
1.050546584246861812e+02
1.046208670956424811e+02
1.038594617127706243e+02
1.036964259724951063e+02
1.031277030025204482e+02
1.022704070732528976e+02
1.015256637103564259e+02
1.014602663740973014e+02
1.012325922970680523e+02
1.006793861586546512e+02
1.003630163218735447e+02
9.976062254734701185e+01
9.886931570439081440e+01
9.849425828726344889e+01
9.860026089622566303e+01
9.842450595578343098e+01
9.768131914725603338e+01
9.733466580530895840e+01
9.678249071243341461e+01
9.642675829538735854e+01
9.578460433877511093e+01
9.517636801896470899e+01
9.460239193834804894e+01
9.438625448317978339e+01
9.412752978098991719e+01
9.414901998079793088e+01
9.352426260686655723e+01
9.329723495643079900e+01
9.270427773376859193e+01
9.234775528663507771e+01
9.210884372387350538e+01
9.227155931704415082e+01
9.158743365357992161e+01
9.101760975109071694e+01
9.104809065766768583e+01
9.095766733097713086e+01
9.070471447573432044e+01
9.065122674316619111e+01
9.011235024562229512e+01
8.924479822790139849e+01
8.816646285646616832e+01
8.760248773380403975e+01
8.711362397353960318e+01
8.682184239751464361e+01
8.628468929041893887e+01
8.554009019234224809e+01
8.470716181044686266e+01
8.378501192974422906e+01
8.321718376741843315e+01
8.280523612870538841e+01
8.210629911990454843e+01
8.144070618172173681e+01
8.125323856739569806e+01
8.053862481555121633e+01
7.977638870257715098e+01
7.949130171977483883e+01
7.924373911088359534e+01
7.879165566755924033e+01
7.809258148238308195e+01
7.738644594180100000e+01
7.683479388060710846e+01
7.575231705111833946e+01
7.473971419304885444e+01
7.424213554853419339e+01
7.386074297831746094e+01
7.331388179628018520e+01
7.243826444068702131e+01
7.191743882897687001e+01
7.139135235250185474e+01
7.102156803283025965e+01
7.052683639679820260e+01
6.986549130989702405e+01
6.891463768676472057e+01
6.807539160279266355e+01
6.678322384120478716e+01
6.612446852646945672e+01
6.553986719845391917e+01
6.527259312975147054e+01
6.439655871692076516e+01
6.335005931002104518e+01
6.281824172729393752e+01
6.248307245181203484e+01
6.210411358768888590e+01
6.123647837140296701e+01
5.963280643576057827e+01
5.817455195531371714e+01
5.682277975284210925e+01
5.602300985135565270e+01
5.521516146601584296e+01
5.423753683435947437e+01
5.357326952965606637e+01
5.237703992894550709e+01
5.137074740297531150e+01
5.067752262926800455e+01
4.977527538309905708e+01
4.918714685161526035e+01
4.814863318344970367e+01
4.742286180146444252e+01
4.656854727420645901e+01
4.578641138808732336e+01
4.447112261422967805e+01
4.407184102447448737e+01
4.350691012573172856e+01
4.265344457144627910e+01
4.179135815297600942e+01
4.075894762926871095e+01
3.987772487804920019e+01
3.894719684651435898e+01
3.776484529950946012e+01
3.616651040354495450e+01
3.483485899347971326e+01
3.308571615502995655e+01
3.216739005558585518e+01
3.128019197533918927e+01
3.054564845993861155e+01
2.948045298983696583e+01
2.828328584832014769e+01
2.719523823062640489e+01
2.637902851578424901e+01
2.539295809675175519e+01
2.423531120884014456e+01
2.338920324125267314e+01
2.221131640530573392e+01
2.114274384374316540e+01
2.014418570075065062e+01
1.889311686944510882e+01
1.791223926206577488e+01
1.671943359804623341e+01
1.507013494752144211e+01
1.380821711870852830e+01
1.229112840273588603e+01
1.124356404316754343e+01
9.862185902189450459e+00
8.466854446656000732e+00
7.097832774399995159e+00
5.674578559999991612e+00
4.196543999999994057e+00
2.905600000000000627e+00
1.439999999999999947e+00
