1.417315284375878264e+02
1.421934630682708587e+02
1.422964273416879450e+02
1.426428559006943999e+02
1.431139958592877690e+02
1.435494907669577742e+02
1.436257482494522151e+02
1.436623719691438055e+02
1.436589615849929658e+02
1.436959207929223510e+02
1.434504250433552670e+02
1.436468939831869704e+02
1.437241353365518250e+02
1.437617528652055512e+02
1.441229826921258734e+02
1.442050330223496530e+02
1.442071040629796244e+02
1.440475798615954375e+02
1.442096766278739324e+02
1.442117945736106321e+02
1.440927217915265715e+02
1.445381028197233491e+02
1.445839422421455822e+02
1.445090325678226577e+02
1.441505379472957884e+02
1.441520585326221635e+02
1.444364227602248718e+02
1.444408310709335126e+02
1.449301323948826621e+02
1.455051842372553210e+02
1.456416002396510976e+02
1.458197982218710536e+02
1.462018163857280513e+02
1.466280973593206625e+02
1.469374720801227454e+02
1.471691637172953335e+02
1.477668320376720033e+02
1.478452848865374563e+02
1.475608938247856941e+02
1.473544382068537288e+02
1.474691295018729704e+02
1.476657873756283834e+02
1.480260478541701730e+02
1.479050988425970843e+02
1.482273725682797192e+02
1.487953258265448540e+02
1.488033594207521446e+02
1.488922822431836437e+02
1.489012951951359582e+02
1.491124193890252627e+02
1.491236559485101907e+02
1.494178342914256348e+02
1.495937720115406933e+02
1.497310828399401998e+02
1.496273564039804000e+02
1.494821781858379666e+02
1.493355335210490580e+02
1.491874075970195861e+02
1.490781894919386161e+02
1.494931206989274131e+02
1.494677986857858798e+02
1.491997966523082368e+02
1.487674713659681629e+02
1.484923953191595558e+02
1.486589851708690162e+02
1.487060456271405826e+02
1.489151976031718334e+02
1.491668662658304640e+02
1.491786527937678954e+02
1.494329826199684703e+02
1.495686693130987237e+02
1.495037063768679388e+02
1.493976832089568347e+02
1.494118012211682753e+02
1.497896982032001745e+02
1.498885840436370529e+02
1.500692768117548326e+02
1.500901785977320060e+02
1.496668470684159900e+02
1.498048960287030980e+02
1.500251475037410387e+02
1.500051994987277624e+02
1.497830297966945921e+02
1.502454846431256783e+02
1.502681663061888457e+02
1.498870366729187253e+02
1.500273097706239582e+02
1.500477876470950491e+02
1.499068562091863726e+02
1.498453093022088751e+02
1.498639487901107827e+02
1.501252007980907877e+02
1.497426270687780629e+02
1.495178051199781066e+02
1.494119243636140766e+02
1.495878023874893188e+02
1.496846488762515719e+02
1.498228776527793116e+02
1.495584622755347368e+02
1.496146083591265494e+02
1.499541498577028733e+02
1.502163129875787604e+02
1.500366797854339040e+02
1.498552321064985620e+02
1.499143758651498217e+02
1.499741170355049746e+02
1.501152697328328998e+02
1.504194643765990236e+02
1.504843074511098848e+02
1.508326337890004822e+02
1.511844785747470894e+02
1.515802813886339493e+02
1.521012943319539374e+02
1.523043377090440913e+02
1.527518562717619091e+02
1.527190467391532991e+02
1.530091381203569654e+02
1.531405435559164800e+02
1.533136803595108120e+02
1.537309902621325080e+02
1.532636265274069274e+02
1.535188146741478477e+02
1.540998128021693105e+02
1.539998109112822817e+02
1.541008191023045413e+02
1.542836556588953272e+02
1.542663188473690070e+02
1.548952715629978911e+02
1.548033046090885421e+02
1.545487925344327493e+02
1.548169621559934512e+02
1.552494567232259897e+02
1.557671280032585912e+02
1.559667959628861809e+02
1.559260565281688571e+02
1.557232894223923836e+02
1.559225145680740070e+02
1.561237520889636414e+02
1.564078303928912987e+02
1.564119498918103091e+02
1.564565150422325814e+02
1.566227424669012862e+02
1.566694368352536628e+02
1.566761988234885337e+02
1.568850493166551701e+02
1.566111609259143052e+02
1.564961221473878084e+02
1.560566890377662048e+02
1.562188778159254241e+02
1.560190685009350204e+02
1.558172409100358209e+02
1.558557988990258423e+02
1.560967665646730040e+02
1.558957238026989955e+02
1.556522462653529431e+02
1.552042891569224139e+02
1.549538274312341457e+02
1.547816438699336175e+02
1.540824685554883899e+02
1.536994631873620278e+02
1.529489527145072429e+02
1.519888411257646794e+02
1.511402435613784974e+02
1.500810541024028453e+02
1.494556102044475949e+02
1.492682931358054077e+02
1.489982758947533341e+02
1.485235110048022023e+02
1.481247585907083817e+02
1.477623824148577114e+02
1.477599822372302185e+02
1.480403860982111723e+02
1.482832182810213340e+02
1.483668871525468376e+02
1.484918052045924526e+02
1.484967729339318225e+02
1.487038110443763230e+02
1.490341525700763725e+02
1.492466187576534935e+02
1.494612310683370140e+02
1.497184152205423686e+02
1.494125406268112499e+02
1.493460006331419265e+02
1.496828289223653030e+02
1.498210393155204372e+02
1.497182215308293110e+02
1.493315368998276540e+02
1.490621584846739154e+02
1.488708671562362440e+02
1.485968355113494397e+02
1.488048843548992863e+02
1.488938225807060292e+02
1.488624470512180551e+02
1.486287343951704543e+02
1.487158933284551381e+02
1.482382760893481191e+02
1.479982586761096854e+02
1.477962208849586148e+02
1.475113342272310604e+02
1.468195295224562358e+02
1.466863934570266963e+02
1.467539327848751896e+02
1.468625583685606273e+02
1.470530892611725164e+02
1.473263527890639750e+02
1.472791442313771881e+02
1.473930749811895851e+02
1.474273484658472171e+02
1.479872206725727892e+02
1.486335562349224801e+02
1.488015719544661124e+02
1.490520928832998209e+02
1.488202958417178650e+02
1.491518139815330812e+02
1.492442565470020668e+02
1.490144005525273769e+02
1.493882833863913788e+02
1.495639226125166772e+02
1.498221440530472535e+02
1.502041859121691232e+02
1.504688746587564196e+02
1.509382572310682917e+02
1.508871285162300637e+02
1.511183116325559013e+02
1.513922339722782908e+02
1.508608423962399456e+02
1.504048913093344879e+02
1.499039306154889459e+02
1.498827581974636018e+02
1.496189476742057423e+02
1.494332804789960392e+02
1.492457378575722657e+02
1.490563008662342952e+02
1.489053544103367415e+02
1.487528832427650798e+02
1.480332153967319186e+02
1.476295105017498770e+02
1.475853641431819483e+02
1.474195597405870899e+02
1.469692522632189764e+02
1.464335881446665439e+02
1.454884728733998145e+02
1.446146190640407667e+02
1.439339586505456339e+02
1.431656147985311236e+02
1.423491058571033818e+02
1.422112180374761294e+02
1.419103212499769597e+02
1.418892133838141945e+02
1.418274882664803158e+02
1.422095841075550027e+02
1.426763475833893153e+02
1.429054015993828273e+02
1.430155571710944855e+02
1.434500577485797237e+02
1.439293512611914991e+02
1.443326780416080055e+02
1.445784626682914507e+02
1.451095582507984716e+02
1.455248063139378303e+02
1.458634407211501411e+02
1.464075158799488179e+02
1.470378948282322256e+02
1.472706008365975663e+02
1.476268695319171229e+02
1.476231005372894742e+02
1.474576773103931657e+02
1.474926033438318598e+02
1.473662660038711181e+02
1.469962282867378178e+02
1.471073012997355249e+02
1.475831326259957734e+02
1.478617501272682944e+02
1.479411617447157425e+02
1.478597593380965804e+02
1.477775346849460334e+02
1.471692269544905116e+02
1.467971989439299989e+02
1.465426251958888031e+02
1.464470961574634487e+02
1.466334304620836235e+02
1.468620509718028302e+02
1.471333848200028456e+02
1.473266513333347802e+02
1.475218700336723998e+02
1.468705757915879531e+02
1.469399755470587365e+02
1.471716924717763106e+02
1.472845378502791789e+02
1.471560988386664519e+02
1.471879786249146207e+02
1.472605844696111603e+02
1.474955398682936618e+02
1.476924645134282059e+02
1.480125904176049403e+02
1.481743337551558284e+02
1.483781149041978153e+02
1.486647625294929185e+02
1.488734975045387614e+02
1.493671691965037098e+02
1.495829991883871628e+02
1.496393931195832749e+02
1.498579728480632127e+02
1.499575483313779216e+02
1.496540892236129991e+02
1.495495850743574238e+02
1.495652374488455223e+02
1.496618560089345920e+02
1.492341979888236665e+02
1.489234323119425483e+02
1.490943760726693768e+02
1.488630061340095949e+02
1.487101072060705462e+02
1.484748557637077511e+02
1.486412684481898339e+02
1.490113822708981957e+02
1.492640224958573185e+02
1.489131540362191117e+02
1.489627818547670870e+02
1.493361432876431252e+02
1.496728720077209118e+02
1.501342141492130793e+02
1.507618324739524951e+02
1.506685176504571757e+02
1.508166844954112094e+02
1.512087722175873807e+02
1.515644163814014291e+02
1.519236529105065756e+02
1.522461140510168889e+02
1.518849636878952083e+02
1.517625895837326766e+02
1.514369591754877433e+02
1.513100597732198480e+02
1.508182421951717629e+02
1.507659012072436155e+02
1.510362638457012281e+02
1.513093574199006923e+02
1.511811691110108313e+02
1.505264334454650168e+02
1.503095287327934386e+02
1.506964936694876371e+02
1.511277713833203791e+02
1.517250215993135782e+02
1.519646682821360173e+02
1.520855235173083315e+02
1.519247712296050565e+02
1.520452234642475844e+02
1.520052762265125921e+02
1.520457335621340462e+02
1.520865995577106560e+02
1.520470702603140580e+02
1.520071416770844053e+02
1.519264057344287266e+02
1.516024300347777682e+02
1.510731616512898370e+02
1.509425875265551724e+02
1.511339267945003542e+02
1.509231583782833752e+02
1.507506650285684486e+02
1.510208737662315173e+02
1.511725997638697834e+02
1.511642421857277725e+02
1.511153961471992773e+02
1.514700971183837055e+02
1.513435324428120055e+02
1.511752852957688162e+02
1.510861467634030078e+02
1.506728755185891657e+02
1.506190661803933608e+02
1.509283496771657553e+02
1.509579289668334354e+02
1.507453827947802836e+02
1.503690735300816925e+02
1.501101752829107738e+02
1.496062376595058367e+02
1.496224622823292236e+02
1.496388507902312597e+02
1.496554048386176419e+02
1.497125301400176909e+02
1.497298284242604325e+02
1.497068973982427167e+02
1.499261589881239729e+02
1.500264232203266204e+02
1.499660840609373622e+02
1.500263475362996246e+02
1.497235833700000285e+02
1.496601852222213438e+02
1.496365507295172677e+02
1.494914653833503451e+02
1.493449145286369628e+02
1.495605197258956878e+02
1.496974946726223266e+02
1.498762572450725088e+02
1.498952093384579882e+02
1.500355649883417755e+02
1.498541060488299763e+02
1.502768747967980119e+02
1.506635098957546006e+02
1.503671817128841326e+02
1.500274562756412990e+02
1.503711679551917939e+02
1.507991595506994429e+02
1.513122823744437824e+02
1.516285680549937069e+02
1.519884525808014075e+02
1.518671238189908763e+02
1.519061856757483611e+02
1.518244299755044153e+02
1.514590201772768978e+02
1.506454749265426756e+02
1.499045201278207742e+02
1.493985051796170183e+02
1.491298032117346111e+02
1.490200032441763085e+02
1.486666699436122769e+02
1.483501716602144143e+02
1.481516885456704529e+02
1.480724126723951315e+02
1.483155683559546105e+02
1.485611801575304298e+02
1.488900809672017829e+02
1.489394757244464245e+02
1.493530057822689514e+02
1.495686927093628356e+02
1.497461542518811370e+02
1.498041962140213741e+02
1.494183800141631764e+02
1.491498788021851851e+02
1.487574533355409301e+02
1.483206599348894486e+02
1.481622827625145931e+02
1.479619017803179872e+02
1.478403048286036494e+02
1.478386917460641996e+02
1.480390825717824441e+02
1.477566490624060975e+02
1.477541909721278159e+02
1.477113040122497978e+02
1.475063676891412570e+02
1.473801693829716157e+02
1.473335044272437813e+02
1.480540448760038146e+02
1.483374190666703782e+02
1.485832515824955635e+02
1.485487389722177340e+02
1.486350898709266346e+02
1.490051412837644875e+02
1.489748901856204668e+02
1.491463537228499661e+02
1.496023774978278027e+02
1.496589671695230948e+02
1.497969365348719748e+02
1.497342793281530362e+02
1.500346255839931757e+02
1.506208339232254900e+02
1.509705393163894200e+02
1.512429690064532508e+02
1.510737060671253005e+02
1.506603091587121241e+02
1.503639486451636458e+02
1.501858067122865918e+02
1.503290976891784396e+02
1.505546441304829841e+02
1.502572162934171445e+02
1.499163800943603064e+02
1.494912930246067049e+02
1.489002959844513612e+02
1.487477737216678406e+02
1.489573471936047042e+02
1.494922698925293503e+02
1.497497675682116096e+02
1.504139066345570370e+02
1.506403097318761297e+02
1.508689997291677969e+02
1.514636360900689454e+02
1.514178142323921463e+02
1.515735497296896312e+02
1.515692421512014221e+02
1.513224668193953164e+02
1.511540068882777632e+02
1.507818251396747371e+02
1.505270961006812342e+02
1.504314102027082356e+02
1.504559699017264052e+02
1.503191615168946953e+02
1.499385469867621907e+02
1.494328757442045799e+02
1.488816926709137363e+02
1.484865582534481234e+02
1.486934931853018043e+02
1.488621143285868982e+02
1.493556710389768227e+02
1.493693646858354214e+02
1.494236006927630740e+02
1.495995966593565925e+02
1.497369663225819068e+02
1.498353195177597286e+02
1.496518378967273009e+02
1.495069069663905452e+02
1.493201080468597297e+02
1.492930384311716523e+02
1.491848873042128787e+02
1.489544316204178074e+02
1.487620521418348574e+02
1.487293455978141594e+02
1.489387329270851978e+02
1.493522554819043648e+02
1.488810661433370228e+02
1.488495617609466990e+02
1.485753149100472683e+02
1.486215302121689206e+02
1.488298284971407668e+02
1.491614429264042485e+02
1.492135787135399028e+02
1.493470492055956811e+02
1.493606557632278111e+02
1.489703593567960240e+02
1.488993528856520925e+02
1.489488412986383707e+02
1.488372134329682410e+02
1.484012256898663225e+02
1.478800259493600038e+02
1.471515413629902582e+02
1.465369104676667575e+02
1.455524348158259897e+02
1.448408432483085733e+02
1.442028719679886422e+02
1.439220928969577074e+02
1.438000938353110598e+02
1.433536301366785608e+02
1.424986162996751773e+02
1.423622386865398823e+02
1.417800390773144272e+02
1.414343829063778628e+02
1.414084675821995347e+02
1.412206743254537855e+02
1.413946205307614434e+02
1.413683035664261354e+02
1.412609126933595292e+02
1.411524370639991446e+02
1.408004414787872065e+02
1.407681227058456273e+02
1.412607300059047475e+02
1.414754848544491495e+02
1.416520049034839701e+02
1.417494999025096831e+02
1.416055554570797312e+02
1.420258135930102412e+02
1.420058723161714909e+02
1.420665376931027311e+02
1.422490279728316978e+02
1.427161898715463337e+02
1.429456463348951445e+02
1.427733801362579698e+02
1.426397779154123100e+02
1.424644221367805699e+02
1.425297193300816900e+02
1.421916356869496383e+02
1.419309451383339251e+02
1.413847930690238570e+02
1.413179727969934447e+02
1.412908816131255776e+02
1.410210925385102314e+02
1.409101944833433038e+02
1.404749439225695369e+02
1.407221655783523317e+02
1.409718844225788530e+02
1.414665499217965134e+02
1.416429797189867372e+02
1.418615956757442689e+02
1.421228239148925070e+02
1.426291150655486035e+02
1.428576919854022833e+02
1.428865575610132339e+02
1.432793510717301899e+02
1.431912637088182123e+02
1.430618825341591105e+02
1.435372550850100311e+02
1.435325808939485910e+02
1.442955362565138842e+02
1.446217537944586411e+02
1.449512664590494069e+02
1.450820873323729359e+02
1.452950377094678061e+02
1.456313512216844686e+02
1.454862133552370267e+02
1.458244579345832506e+02
1.456812706409933469e+02
1.453750208494880098e+02
1.453485059085731450e+02
1.453621271803775414e+02
1.455375022024014697e+02
1.453106082852534655e+02
1.445965740255087724e+02
1.444813879045547367e+02
1.441226140450043829e+02
1.442450646919239148e+02
1.441667320120440081e+02
1.431987192040852221e+02
1.425037567718026423e+02
1.411957139109121897e+02
1.402784988999110851e+02
1.394732312120308677e+02
1.387406375879102143e+02
1.385663005938491210e+02
1.387538389836856254e+02
1.387816555390768656e+02
1.386885409485626042e+02
1.386752938874370500e+02
1.384598928155930935e+02
1.374746392076696111e+02
1.368834739471411979e+02
1.368923979264055504e+02
1.370630282084897544e+02
1.370333618267575844e+02
1.369629917441995985e+02
1.370131229739388914e+02
1.373465888625648859e+02
1.375218069318838729e+02
1.374967746786703060e+02
1.374310855340106912e+02
1.375263490242534203e+02
1.377437868931843923e+02
1.378422089830155244e+02
1.377800090737526375e+02
1.379192010845984555e+02
1.380193950349490422e+02
1.382014091262102227e+02
1.382236455820308834e+02
1.384077228101318440e+02
1.387148715253860871e+02
1.386614863892783944e+02
1.386883700901809675e+02
1.389175455456368979e+02
1.392702480258954552e+02
1.392224727534298836e+02
1.388913866196263314e+02
1.390418046662891527e+02
1.389917218851404641e+02
1.387391130152933840e+02
1.386051646619122550e+02
1.387930956180937869e+02
1.388213087051452135e+02
1.392942512173185605e+02
1.387214658760797192e+02
1.384257231071509580e+02
1.382482051587383012e+02
1.379072779381190514e+02
1.377245231698173598e+02
1.374591143129471220e+02
1.375546609221686367e+02
1.379340009314834390e+02
1.381151524560437736e+02
1.382981337939829700e+02
1.384829634282657196e+02
1.381040034628952640e+02
1.377212156190858252e+02
1.374961773930162963e+02
1.374304822151675296e+02
1.376873557728972344e+02
1.375831876493907941e+02
1.368315026761526951e+02
1.361126289658110124e+02
1.361137666321318420e+02
1.362361279112446084e+02
1.366829574861057779e+02
1.369322802889952300e+02
1.372245255444397571e+02
1.374793187317568197e+02
1.379387057896536533e+02
1.379986927168223190e+02
1.385441340573957802e+02
1.388122566236319528e+02
1.385174309329619291e+02
1.387044756898602884e+02
1.382065411008687477e+02
1.379460011119891192e+02
1.381272738504941913e+02
1.382699735863575086e+02
1.384949228145026723e+02
1.383585078934370074e+02
1.381399069630676024e+02
1.379999060233010368e+02
1.380605111346475269e+02
1.385661728632801157e+02
1.389153261245249382e+02
1.387831577015410289e+02
1.390132906076170229e+02
1.390033238460775920e+02
1.391952766121995069e+02
1.389851278911104373e+02
1.386920483748596098e+02
1.385576246210700901e+02
1.386642672940100738e+02
1.386507750444549458e+02
1.385967424691461645e+02
1.386633762314608873e+02
1.390135113449101993e+02
1.392055670150604669e+02
1.390359262778387972e+02
1.389857841190294607e+02
1.389755395141710039e+02
1.391268075900715360e+02
1.395220278687596362e+02
1.397192200694538542e+02
1.396759798681350162e+02
1.400767473415511120e+02
1.403603508500511055e+02
1.403639907576277324e+02
1.399232229875024984e+02
1.395992151388913101e+02
1.392315304433249992e+02
1.396278085286108137e+02
1.400684934632428167e+02
1.399075691547910480e+02
1.397046153078697444e+02
1.397420356645145887e+02
1.392949855197121281e+02
1.388838237572848016e+02
1.387917411689749656e+02
1.383754961302776678e+02
1.381974708386639747e+02
1.377752230693574802e+02
1.376719424943008505e+02
1.380120631255558976e+02
1.379919829551074599e+02
1.382949322778860619e+02
1.384797295736222793e+02
1.390300298723458070e+02
1.386565958306520940e+02
1.388046422531837436e+02
1.391158002557413909e+02
1.395109093492336001e+02
1.398696054032664620e+02
1.395854600032994597e+02
1.393388484881811848e+02
1.386857055436178427e+02
1.385512177208260880e+02
1.383749673947734493e+02
1.383585529240141057e+02
1.380995484080948472e+02
1.380399478869645691e+02
1.378181291787522014e+02
1.375132617967190640e+02
1.376901634310294753e+02
1.378284479101305635e+02
1.384125736465963996e+02
1.386793673197943804e+02
1.386660275957521549e+02
1.392182096926789256e+02
1.391295047400800229e+02
1.391207118586673062e+02
1.391522342006732060e+02
1.391032668693677010e+02
1.392558251205724957e+02
1.390058839601748275e+02
1.382281656163380887e+02
1.378870359760992983e+02
1.374212484607063800e+02
1.373143923845516099e+02
1.374084771561131788e+02
1.374631082384972842e+02
1.377607153924221848e+02
1.379805205984054339e+02
1.382025460589960346e+02
1.379419657161571990e+02
1.383656219355127917e+02
1.383895171065781824e+02
1.381712294005841670e+02
1.376275044450348162e+02
1.369166711566006427e+02
1.362794658147482778e+02
1.360398644593413451e+02
1.352725903629714708e+02
1.348612023868394942e+02
1.346476791786263050e+02
1.342703830087133383e+02
1.340104878875891927e+02
1.335863514016050146e+02
1.334811630319245239e+02
1.335769323554793004e+02
1.334312448035144598e+02
1.338093381853682615e+02
1.336255941266347236e+02
1.338844385117519948e+02
1.339842813250020868e+02
1.339235164899006918e+02
1.337409257473746322e+02
1.337181068155298362e+02
1.334526331469999718e+02
1.334673062090908502e+02
1.334821274839298724e+02
1.332142701857881946e+02
1.333073436220077497e+02
1.337245895171800498e+02
1.338632217345247000e+02
1.339224461964896875e+02
1.340630769661513568e+02
1.340435120870216394e+02
1.344277899868903603e+02
1.344523131180711459e+02
1.335073869879508095e+02
1.322700878666168762e+02
1.309394826935526623e+02
1.306863461551030809e+02
1.306730769243469297e+02
1.308212898225724814e+02
1.311730200228005572e+02
1.310030505280815873e+02
1.310333843717993147e+02
1.309428124967669760e+02
1.311341540371384440e+02
1.314486404415540335e+02
1.312814549914684221e+02
1.311125807994635011e+02
1.309824048479424903e+02
1.309721261090332973e+02
1.302344708172047945e+02
1.294893644618231292e+02
1.284539034967909572e+02
1.276908116129201858e+02
1.268796076898182150e+02
1.263026340301193358e+02
1.259622565960804934e+02
1.254568248445257268e+02
1.251079038833592705e+02
1.246342463468276094e+02
1.241962084311386150e+02
1.234709176072109358e+02
1.231019369769807952e+02
1.226888252292740020e+02
1.225543689184578398e+02
1.225397665843011623e+02
1.219593601861630248e+02
1.220195557435985876e+02
1.222015714581806662e+02
1.219005772304855810e+02
1.217581588186719159e+02
1.217355139582546002e+02
1.219146605638938183e+02
1.218935965291854302e+02
1.219935318476625810e+02
1.222156887350120655e+02
1.223996855909213934e+02
1.225047329201228905e+02
1.225704372930530042e+02
1.225559972657104595e+02
1.228646437027374816e+02
1.232976199017549845e+02
1.236945655573285450e+02
1.235298641993214801e+02
1.231614789892137765e+02
1.230317969588018485e+02
1.225775726856583105e+02
1.223611845309680177e+02
1.218597823545134133e+02
1.219189720752661401e+02
1.218171435103696609e+02
1.218354984953229945e+02
1.214904025205283489e+02
1.208589924449780995e+02
1.200595883282603182e+02
1.196561498265258763e+02
1.194506563904299554e+02
1.192834913034646291e+02
1.190338295994595512e+02
1.180543733327872786e+02
1.173074478108962495e+02
1.169166139504001478e+02
1.163198120711115138e+02
1.156361738092029867e+02
1.151072462719227048e+02
1.142093396686084219e+02
1.139084239076856164e+02
1.132812362703893143e+02
1.128497336064538246e+02
1.123734682893471586e+02
1.122560285750981137e+02
1.118545743182808678e+02
1.117722972911928423e+02
1.113255528193868429e+02
1.112379321407946406e+02
1.113514466068635045e+02
1.113044915220840068e+02
1.110146379010949573e+02
1.101157958596921134e+02
1.092886826865574079e+02
1.082511946328866230e+02
1.074456511443298439e+02
1.068339910548784388e+02
1.060545364190691373e+02
1.051864004233022740e+02
1.041882832558607106e+02
1.030992760160209514e+02
1.021204808242636801e+02
1.013742230548121057e+02
1.004588111664764085e+02
9.969576885502681307e+01
9.920784732831003794e+01
9.851297709930310020e+01
9.809391626192214630e+01
9.718577400194160987e+01
9.606643838579954320e+01
9.517822059171678006e+01
9.432143494112806081e+01
9.325397468800818501e+01
9.245856029091726214e+01
9.193793968779522174e+01
9.104842392706572696e+01
9.035194336067264942e+01
9.001206400067934510e+01
8.962834747543386982e+01
8.903873482367039571e+01
8.868559073098023759e+01
8.812685932422259327e+01
8.752208012547727378e+01
8.711321224795690910e+01
8.670021439187557633e+01
8.612142867866226936e+01
8.549639260470941338e+01
8.486504303505995495e+01
8.410610407581816617e+01
8.313747886446277846e+01
8.232068572167958109e+01
8.125321790068636574e+01
8.009415949564281334e+01
7.908500959155843191e+01
7.774243393086709375e+01
7.654791306148190699e+01
7.574536672876963905e+01
7.481350174623193539e+01
7.399343610730510079e+01
7.336710717909592461e+01
7.253243149403628820e+01
7.213376918589528941e+01
7.120582746050025946e+01
7.043012874798017720e+01
6.936376641210109995e+01
6.812501657787989018e+01
6.695456219987873681e+01
6.577228505038264927e+01
6.490129803068950309e+01
6.394070508150456789e+01
6.288960109242876229e+01
6.154505160851402934e+01
5.978288041264038810e+01
5.780088930569740313e+01
5.608170636939141218e+01
5.474919835292050152e+01
5.340323065951567827e+01
5.212447541365225590e+01
5.067118728651740867e+01
4.956685584496710106e+01
4.849177358077488265e+01
4.756744806138875248e+01
4.663378592059471828e+01
4.597352113191393386e+01
4.571062740597367480e+01
4.532386606664007900e+01
4.452915764307081048e+01
4.291834105360687346e+01
4.197812227637063387e+01
4.102840633976830986e+01
4.027111751491751335e+01
3.950617930799742794e+01
3.857189829090655309e+01
3.750696797061271326e+01
3.590602825314410040e+01
3.469295783145872747e+01
3.358884629440269265e+01
3.283721847919468217e+01
3.143153381736833296e+01
3.057730688623067294e+01
2.931041099619257650e+01
2.855597070322480846e+01
2.763229363962100749e+01
2.657807438345558637e+01
2.571522664995511320e+01
2.476285520197483336e+01
2.396248000199484096e+01
2.291159596161089596e+01
2.172888480970797787e+01
2.061503516132119174e+01
1.908589410234464623e+01
1.725847889125721935e+01
1.601866554672445275e+01
1.460471267345904423e+01
1.354011381157480187e+01
1.234354930462100342e+01
1.101368616628383812e+01
1.003402643058973531e+01
9.125279222817916036e+00
7.520484063452427037e+00
6.788367740861041000e+00
6.008452263495999368e+00
5.059042690399996545e+00
3.938426959999996591e+00
2.927703999999998086e+00
2.189600000000000435e+00
1.040000000000000036e+00
