1.573596596362770867e+02
1.577370299356326768e+02
1.584414443794269118e+02
1.592337822014426933e+02
1.596300830317595398e+02
1.596667505371310938e+02
1.597845965021519135e+02
1.602268651536899711e+02
1.603907728825140566e+02
1.607179524065805936e+02
1.608868206127072256e+02
1.610977985986949363e+02
1.613109076754483340e+02
1.616069774499476353e+02
1.619868459090385215e+02
1.623705514232708822e+02
1.623136883063345124e+02
1.620542306124590937e+02
1.622365965782421711e+02
1.621783803820610501e+02
1.622003842243056226e+02
1.621418022467733238e+02
1.620826285320947875e+02
1.619016449819138472e+02
1.615168131130440941e+02
1.612089021343878130e+02
1.607362647822104122e+02
1.605416815981922696e+02
1.603047288870626517e+02
1.602269988758211241e+02
1.600272715917394919e+02
1.601083551431693479e+02
1.602710658011819476e+02
1.604354200011935916e+02
1.607226464658525344e+02
1.608511580463156747e+02
1.606981394407230539e+02
1.610284236774976137e+02
1.614024481590879532e+02
1.617398466253424658e+02
1.618786329548907190e+02
1.620188211665570179e+02
1.619988092591488282e+02
1.623422315748971698e+02
1.625275066413106515e+02
1.626338450922331447e+02
1.628624697901339573e+02
1.633358280708422399e+02
1.636523515867093295e+02
1.641740925118281780e+02
1.646606995068958952e+02
1.649502015221175668e+02
1.653234358809275477e+02
1.654984200817449391e+02
1.656347677593378478e+02
1.659745128882207155e+02
1.661560736244658187e+02
1.661778521459249589e+02
1.663210627736618790e+02
1.663041038117799815e+02
1.660041452644240678e+02
1.659435810751755014e+02
1.658015970456319792e+02
1.655369667127596074e+02
1.654716835482422823e+02
1.656481652002451312e+02
1.655031971719641888e+02
1.658416133050144765e+02
1.662238518232467186e+02
1.662867190133790416e+02
1.665522414276575489e+02
1.665780216440979018e+02
1.669272945899989509e+02
1.668760551414125359e+02
1.665414698398109863e+02
1.661631008482935385e+02
1.661849503518112670e+02
1.663282326785971463e+02
1.665133663420181165e+02
1.667003700424426142e+02
1.669700707499416126e+02
1.672424957070122673e+02
1.675984805121330226e+02
1.674328085981148888e+02
1.679119278768833112e+02
1.679514422998821885e+02
1.683549922221027657e+02
1.684797901233359596e+02
1.684038284074096339e+02
1.684079074822328437e+02
1.680887954365985308e+02
1.678876721581804929e+02
1.675633052102839429e+02
1.676397022326096931e+02
1.676360628612216601e+02
1.675515786476985909e+02
1.674662410582820371e+02
1.678648899578603562e+02
1.677019090483437935e+02
1.678605141902461639e+02
1.676166810002492866e+02
1.675724050507558900e+02
1.674468737886433019e+02
1.675220947360034813e+02
1.677596916525280619e+02
1.677572642954828837e+02
1.677548124196799790e+02
1.678735478986666578e+02
1.678722706047142879e+02
1.679517884896110616e+02
1.681129176662725513e+02
1.684372905719930600e+02
1.687245359313056952e+02
1.688934706376824124e+02
1.687408794320022594e+02
1.687483630626290960e+02
1.689983465279078985e+02
1.690084308362707191e+02
1.687761927639099042e+02
1.687032250140502185e+02
1.684275000141916223e+02
1.686338383981741913e+02
1.688422610082560880e+02
1.687295565739962342e+02
1.687369258323198267e+02
1.689059856892114908e+02
1.690363491810219330e+02
1.689256052333552702e+02
1.688945507407640889e+02
1.689439906472357222e+02
1.692767582295303157e+02
1.695320790197282861e+02
1.699515949694223025e+02
1.700521161307294733e+02
1.700324405360908600e+02
1.700933742788798497e+02
1.699933073524024678e+02
1.701346538913160487e+02
1.699137918094104407e+02
1.699735270802121931e+02
1.699934616971839603e+02
1.693671330274587774e+02
1.688556899267258302e+02
1.688239292189155947e+02
1.688322517362786641e+02
1.685982340770482892e+02
1.684830647242920918e+02
1.683263280043351244e+02
1.683700282872080720e+02
1.685757861486942488e+02
1.687836223724182503e+02
1.687915377499178362e+02
1.685571088383004792e+02
1.681990998366676422e+02
1.679990907441085710e+02
1.679182734788982145e+02
1.677558317968660049e+02
1.676321533301689044e+02
1.680324781112820460e+02
1.683560384962432011e+02
1.688444833295386331e+02
1.689742255853927020e+02
1.691456824094885008e+02
1.691976589994824565e+02
1.691289484843260027e+02
1.695847964488153536e+02
1.697624206553680324e+02
1.700630511670383669e+02
1.702455062293314541e+02
1.704702083124566059e+02
1.711012205176315319e+02
1.712537580986186470e+02
1.714078364632514422e+02
1.715230671345983069e+02
1.716798657925222926e+02
1.717978442348720307e+02
1.719978224594669598e+02
1.719573964237031305e+02
1.720377741653567512e+02
1.720785597629873394e+02
1.724025856191784669e+02
1.723662481001798028e+02
1.723699475759399604e+02
1.725353005817574115e+02
1.724194955371283129e+02
1.721813086233627814e+02
1.722235440640020272e+02
1.719025697616182242e+02
1.723056260218374405e+02
1.723491171937758963e+02
1.727162799937121918e+02
1.729255353471831995e+02
1.733389245931158484e+02
1.736756814071867439e+02
1.734097791991793258e+02
1.733836153527054478e+02
1.731551670229359559e+02
1.729648151746825135e+02
1.731765809845284423e+02
1.733500818025544561e+02
1.734849311136908341e+02
1.731362940542337014e+02
1.731073677315492034e+02
1.729165330621700889e+02
1.728449828910813721e+02
1.724494776677590551e+02
1.722519976442009408e+02
1.720121188325261130e+02
1.719314331641688227e+02
1.718095284486555556e+02
1.716055842915712049e+02
1.713995800924954267e+02
1.713127071641373504e+02
1.714673809738755210e+02
1.719064454281574115e+02
1.723499448769262301e+02
1.726767119968956479e+02
1.731279919160550662e+02
1.731797898141981307e+02
1.732725149638367270e+02
1.734469848119566677e+02
1.733403886989457874e+02
1.730306956555011482e+02
1.732431269247488217e+02
1.731748756815647425e+02
1.731059350318826660e+02
1.731979141736196937e+02
1.734120345188074737e+02
1.736283176957649914e+02
1.734427451472382700e+02
1.734169142901385214e+02
1.733504184748877606e+02
1.732428469443311485e+02
1.731341888326577418e+02
1.731860493259160307e+02
1.734808579049659158e+02
1.736574322272386723e+02
1.738761941689272987e+02
1.741779739080074876e+02
1.744019938464730046e+02
1.745474685317906847e+02
1.746944126583744890e+02
1.747216289478529632e+02
1.739814433816689814e+02
1.738398417996664023e+02
1.737776179794599614e+02
1.734319373529902464e+02
1.733655932858495419e+02
1.731369629149994580e+02
1.734716797121204479e+02
1.734865451637579952e+02
1.735015607714730095e+02
1.737187482540135193e+02
1.738169174282964491e+02
1.738352701295928000e+02
1.739750203329217868e+02
1.741161821544662303e+02
1.742183658125927082e+02
1.744427937500932160e+02
1.744674684344381888e+02
1.748156246812493180e+02
1.748440653345964222e+02
1.751556215500972655e+02
1.753491126768650759e+02
1.753829420978442784e+02
1.752554970685291380e+02
1.750459566348783085e+02
1.744706632675536468e+02
1.738087507753071179e+02
1.733825765407138988e+02
1.729520975158731346e+02
1.726788863796700753e+02
1.722817034138081453e+02
1.718805084987955070e+02
1.722833419179754912e+02
1.722862039575512654e+02
1.728951555126776896e+02
1.731466217299770562e+02
1.735622441716946582e+02
1.737800446178733296e+02
1.743636814321952215e+02
1.747107893254495536e+02
1.750614033590400993e+02
1.752943468273127223e+02
1.750851988154680328e+02
1.749143422378461139e+02
1.753074164018649697e+02
1.753812286887522305e+02
1.756982107967197919e+02
1.759375866633525334e+02
1.761793804680333153e+02
1.764236166343772254e+02
1.769127440751279892e+02
1.771643879546743392e+02
1.776609979340158247e+02
1.777989878121369145e+02
1.781807957698354983e+02
1.782432280503387005e+02
1.781850788387259286e+02
1.781263422613392322e+02
1.777437800619585744e+02
1.776401818807670452e+02
1.773739210916822913e+02
1.773473950421044094e+02
1.769973687293988860e+02
1.769670391206030331e+02
1.766535748692971595e+02
1.763369443124219060e+02
1.759767114266881549e+02
1.758552640673620147e+02
1.759750142094569583e+02
1.754091052620774747e+02
1.749182881435128252e+02
1.744629173166797500e+02
1.740433508249293766e+02
1.736599503282119201e+02
1.738787377052645411e+02
1.738169067729952815e+02
1.739160674474684356e+02
1.741374418661307288e+02
1.744418604708388045e+02
1.743049095665050174e+02
1.740049591580853701e+02
1.739444031899859056e+02
1.740852557474597688e+02
1.741063189368275914e+02
1.740871908452804178e+02
1.739062533790720693e+02
1.738042963424964853e+02
1.737821175176734982e+02
1.740021389067417772e+02
1.744668069765061489e+02
1.746937444207129602e+02
1.747613580007200369e+02
1.744660181825459517e+02
1.739252708914605989e+02
1.735406776681422230e+02
1.731521996647894071e+02
1.726789895603937168e+02
1.722009995559539561e+02
1.719202015716714982e+02
1.716365672441117454e+02
1.715116840849611890e+02
1.712239233181429654e+02
1.707716397152954642e+02
1.705976158740356254e+02
1.699773897717537636e+02
1.695529189613672543e+02
1.691241605670380181e+02
1.689334955222603014e+02
1.687409045679392250e+02
1.687483884524643258e+02
1.689579681338021260e+02
1.694120890240427855e+02
1.699920091151953727e+02
1.706181910254498177e+02
1.707254454802524606e+02
1.707529752325778531e+02
1.702555305379573838e+02
1.701166975130883543e+02
1.699360580940290220e+02
1.700768263576042898e+02
1.701786124824295143e+02
1.704026388711405957e+02
1.707501402738792535e+02
1.707779194685651873e+02
1.705231509783489230e+02
1.701850009882306267e+02
1.698434353416471367e+02
1.693772074158057990e+02
1.694315226422270655e+02
1.690419420628560658e+02
1.689716586493498767e+02
1.688198572215656839e+02
1.689089466884501860e+02
1.691201481701517366e+02
1.693334830001527109e+02
1.695489727274273264e+02
1.695646189165929911e+02
1.693784029460546208e+02
1.689478817636912140e+02
1.684322038017082264e+02
1.680325290926344053e+02
1.674672011036712433e+02
1.670173748521926314e+02
1.672902776284789184e+02
1.674043208368472051e+02
1.676407281180274254e+02
1.681219475939668087e+02
1.682039874686533096e+02
1.680848358269230687e+02
1.681665008352760537e+02
1.680469705406830201e+02
1.676838086269527537e+02
1.678018268959111197e+02
1.678806332281926075e+02
1.678390234628213875e+02
1.680394176392136103e+02
1.681610279183978776e+02
1.676374019377755076e+02
1.668256585230055578e+02
1.666521803262681658e+02
1.664769498245131842e+02
1.663403533580947169e+02
1.660003569273688981e+02
1.663437948761294649e+02
1.664482776526562020e+02
1.669174521744006654e+02
1.673509617923228632e+02
1.678292543356795932e+02
1.677871255915966344e+02
1.679465915066623438e+02
1.679460520269320227e+02
1.682687394211430956e+02
1.685946862839832363e+02
1.687219053373565032e+02
1.689716215528855798e+02
1.691026480332185713e+02
1.692754020537561246e+02
1.690458606603592386e+02
1.689352127882422678e+02
1.687022351396379349e+02
1.690729647875131150e+02
1.688817826136501310e+02
1.689310935491411385e+02
1.687384783324657178e+02
1.687863417499653167e+02
1.688346886363286501e+02
1.690047359962921973e+02
1.691765010063552381e+02
1.695520212185404318e+02
1.695676982005463742e+02
1.694219173742892224e+02
1.693150680548373543e+02
1.691263313685225569e+02
1.692993246146697857e+02
1.690700248633031890e+02
1.691212372356600326e+02
1.690921588238985294e+02
1.687799584079786541e+02
1.690706650585638613e+02
1.689198636955190977e+02
1.690907714096154848e+02
1.688997691006209152e+02
1.688280495965870784e+02
1.690788379763505134e+02
1.693321595720712196e+02
1.690627874465369018e+02
1.687502903500371758e+02
1.684346367172094006e+02
1.681157946638478222e+02
1.679957521857047595e+02
1.679553052380857139e+02
1.681972780182686620e+02
1.682396747659280720e+02
1.684037118847760439e+02
1.686502140250262869e+02
1.688992060858849129e+02
1.688678849352369866e+02
1.689978635709463219e+02
1.692907712837840393e+02
1.695462336199842923e+02
1.693598319393775569e+02
1.693331635751293902e+02
1.697102662375042996e+02
1.696063295328326035e+02
1.697841712452859042e+02
1.699234052982675394e+02
1.701044497962302842e+02
1.701257068648790778e+02
1.701067746109889640e+02
1.702088632434237923e+02
1.704331951953776638e+02
1.706193890862394369e+02
1.707266556426658894e+02
1.707541976188547892e+02
1.710244420392470772e+02
1.709337798376228363e+02
1.710038180178018195e+02
1.710745636543447574e+02
1.713076400548934259e+02
1.715026667221148102e+02
1.716188552748631366e+02
1.716554093685491296e+02
1.714095044126755170e+02
1.712419236491674042e+02
1.707898218678455748e+02
1.708988099675210037e+02
1.707664747146669129e+02
1.707944189037052638e+02
1.701357766704086600e+02
1.697129057276856372e+02
1.691645512400866096e+02
1.687318699394811858e+02
1.686584544843245794e+02
1.683822772568929622e+02
1.681033103604983694e+02
1.680639498590890355e+02
1.679837877364539622e+02
1.678220078145994876e+02
1.677394018329288770e+02
1.678175776090196791e+02
1.680177551606260522e+02
1.679371264248749185e+02
1.676536630554290639e+02
1.674077404600293448e+02
1.674017580404336343e+02
1.675977353943768264e+02
1.677552882771492193e+02
1.677528164415645335e+02
1.678715317591561700e+02
1.677086179385416074e+02
1.678268868066084281e+02
1.677443301076849593e+02
1.679437677855403592e+02
1.678219876621617459e+02
1.681434218809708909e+02
1.682256786676474860e+02
1.682279582501489017e+02
1.681494527779282748e+02
1.681913664423512387e+02
1.682741075175261471e+02
1.683172803207351080e+02
1.686437174956905096e+02
1.690138560562537862e+02
1.692665212689434782e+02
1.690368901706494285e+02
1.688049395663135215e+02
1.685706460265789701e+02
1.682531778046244995e+02
1.681345230349749613e+02
1.683379020555303214e+02
1.685837394500309188e+02
1.691956964141724598e+02
1.693289862769418619e+02
1.692616022999413588e+02
1.693147497979211096e+02
1.692068179776979377e+02
1.687341595734317252e+02
1.679334945186182892e+02
1.677308025440589745e+02
1.668795985293521653e+02
1.664238368983353098e+02
1.661654918165005483e+02
1.661873654712120469e+02
1.662094600719323978e+02
1.661105657292243336e+02
1.660914805345698255e+02
1.659105863985550116e+02
1.657682690894503992e+02
1.653820899893434841e+02
1.651132222114578099e+02
1.652052749610690512e+02
1.651770454152207321e+02
1.653909549648693371e+02
1.654454090554241077e+02
1.653792010660845619e+02
1.655547485516011648e+02
1.658532813652533378e+02
1.661952337022769655e+02
1.664194279820969768e+02
1.663226545273705312e+02
1.664673278054249863e+02
1.664518462681058111e+02
1.663958043112179723e+02
1.664200043547655241e+02
1.662424286411776961e+02
1.660630592335124618e+02
1.663263224580929318e+02
1.666326489475696917e+02
1.669824736844132076e+02
1.672550239236493042e+02
1.676515393168178321e+02
1.678096356735538848e+02
1.681713491652054984e+02
1.683751001668746312e+02
1.688233335018934440e+02
1.689124580827208320e+02
1.692449071542638137e+02
1.692978860144074815e+02
1.695938242569767453e+02
1.696907315727044363e+02
1.701926581542475390e+02
1.701744021760073622e+02
1.697519213899064994e+02
1.693655771615218555e+02
1.691369466277998299e+02
1.688656026543434336e+02
1.684703057114579394e+02
1.680306118297550597e+02
1.673036483128844623e+02
1.667309578918019781e+02
1.659504625169719247e+02
1.649196591080516328e+02
1.641612718263152715e+02
1.637184563902172272e+02
1.639984407981997094e+02
1.639580210082820884e+02
1.635939606144268907e+02
1.633070309236630919e+02
1.632192231552152748e+02
1.630497203588030573e+02
1.632017377361650006e+02
1.632340785213787342e+02
1.635495742640188155e+02
1.639894689535548480e+02
1.644338070237923546e+02
1.645189969937296439e+02
1.648070676704343782e+02
1.646536037075096033e+02
1.649430340479892720e+02
1.648717515636255371e+02
1.652037894582077797e+02
1.653775651093010026e+02
1.654722879891931484e+02
1.658103919082759603e+02
1.659902948568447414e+02
1.662932271281253236e+02
1.665992193213391772e+02
1.668274942639783376e+02
1.670580750141194812e+02
1.670485606203234283e+02
1.666349097174980898e+02
1.665403128459576294e+02
1.665255685312705225e+02
1.664298672033035018e+02
1.664544113164678834e+02
1.666408195115842545e+02
1.668695146581661675e+02
1.671813279375415107e+02
1.674962908460013296e+02
1.676528190363654289e+02
1.677705242791570015e+02
1.678086103829869842e+02
1.676046569525116183e+02
1.672370272247598280e+02
1.668252800250087944e+02
1.664901818434439065e+02
1.664345271145893150e+02
1.666611384995857463e+02
1.670112510096824963e+02
1.670012636461442526e+02
1.673144077233779399e+02
1.676307148720986788e+02
1.681522372445444944e+02
1.682345830752974791e+02
1.682369526013106338e+02
1.687241945467777384e+02
1.689739338856347217e+02
1.692665998844793194e+02
1.692793938227063393e+02
1.691307008310163269e+02
1.690209099303198172e+02
1.685867777073934803e+02
1.683098764721152918e+02
1.682726024970857850e+02
1.681945479768540110e+02
1.683985333099543027e+02
1.681601346565191477e+02
1.676769036934534256e+02
1.672291956499534251e+02
1.670597935858108656e+02
1.672523167533448998e+02
1.669619361144899869e+02
1.669110465802926058e+02
1.668192389699927958e+02
1.666052918888812542e+02
1.662679716049312901e+02
1.660080521261924105e+02
1.663515678042353159e+02
1.666581492972065917e+02
1.671294437345519555e+02
1.673630744793456415e+02
1.672758328074198175e+02
1.672281139468887829e+02
1.671395090372612913e+02
1.673328374113751238e+02
1.674877145569446384e+02
1.674421359161065936e+02
1.673152888041477127e+02
1.675912008122708414e+02
1.677082836487581972e+02
1.680689733825845167e+02
1.679484579622057083e+02
1.678267252143494375e+02
1.675825507215650134e+02
1.674167179005708306e+02
1.673704221217886072e+02
1.673640627492817430e+02
1.675192553023047992e+02
1.680396518205095617e+02
1.680400523439489859e+02
1.677576286302511903e+02
1.677551804345975768e+02
1.676718994288860358e+02
1.677089893221078114e+02
1.676252417395032808e+02
1.677022643833361428e+02
1.674972367508448201e+02
1.670881179301464954e+02
1.667960787173191761e+02
1.667031098154742494e+02
1.668920301166407683e+02
1.662747778955965998e+02
1.654896746420172065e+02
1.645754289313310323e+02
1.639347766983133852e+02
1.633684613114280921e+02
1.625135972842703893e+02
1.622157548325962750e+02
1.623189442753497076e+02
1.625443881569196947e+02
1.626913011686051789e+02
1.627184860288943469e+02
1.622206929584790771e+02
1.617178716752311232e+02
1.612503754295263150e+02
1.610609852823499750e+02
1.607484699821719687e+02
1.601903737193654536e+02
1.604751249690559689e+02
1.600354797667233697e+02
1.603186664310337335e+02
1.602006731626608484e+02
1.597178516794547534e+02
1.594321734135905047e+02
1.593456297106974660e+02
1.589753835461589517e+02
1.584801854001607921e+02
1.583032175759202858e+02
1.580436541170912221e+02
1.580238930475669292e+02
1.579231242904720318e+02
1.577405295863347305e+02
1.576368985720553155e+02
1.575322207798542422e+02
1.573860815958121009e+02
1.574404864604163947e+02
1.574146327882991727e+02
1.576713462508075168e+02
1.577690366169774734e+02
1.579485218353305527e+02
1.581298200356878567e+02
1.580705252885730374e+02
1.582530558470438677e+02
1.583566220677211902e+02
1.584612344118395981e+02
1.585669034463022342e+02
1.587948519659625219e+02
1.585806585514770859e+02
1.584451096479565706e+02
1.585910198464211476e+02
1.587384038852734705e+02
1.588064685709833839e+02
1.588348167383671523e+02
1.588230472104716000e+02
1.582859062732035227e+02
1.581877841143469823e+02
1.577654384993407177e+02
1.575004429286267680e+02
1.571519625541685912e+02
1.565171338931002651e+02
1.558758928213131583e+02
1.551877705265789302e+02
1.544926975015951882e+02
1.535885833349446727e+02
1.527561447827720542e+02
1.518344896795679233e+02
1.510651410904727641e+02
1.501264051418913823e+02
1.494206112544357552e+02
1.489905164186222351e+02
1.486368852713353590e+02
1.489261467387230482e+02
1.493395421603262321e+02
1.494742850104306910e+02
1.496911969802326610e+02
1.495062595759929422e+02
1.491982419959523440e+02
1.489679212080323794e+02
1.483716375838711485e+02
1.478501389736077272e+02
1.470405444177851564e+02
1.466268125432174827e+02
1.455220328719370002e+02
1.453353867393298913e+02
1.450256431710402012e+02
1.449551951222627508e+02
1.450456516386490762e+02
1.446925774127765862e+02
1.446187650634109616e+02
1.442613788519299192e+02
1.443448271231618207e+02
1.445503304274365348e+02
1.443942731590263975e+02
1.438730031909360036e+02
1.434272759504403325e+02
1.430982585357983510e+02
1.430487459957557519e+02
1.426350969654100709e+02
1.427021181468789450e+02
1.425677961079585998e+02
1.424725213211700066e+02
1.425379003244142098e+02
1.426443437620343673e+02
1.426306502646816057e+02
1.426976265299809654e+02
1.427248752828091085e+02
1.425907831139482198e+02
1.422533162767156227e+02
1.420336528047633351e+02
1.412461139442053195e+02
1.404910241860659994e+02
1.398899234202685591e+02
1.397675994144125866e+02
1.398460600145582475e+02
1.397232929439982740e+02
1.400033262060584889e+02
1.399629557636958168e+02
1.399221775390866469e+02
1.396789672111981986e+02
1.397161284961600529e+02
1.397536651476361556e+02
1.393067324723603235e+02
1.389764974468280627e+02
1.383600984311397610e+02
1.377374731627671167e+02
1.375934072351178941e+02
1.376903103385035934e+02
1.371821316550538654e+02
1.368708400556098184e+02
1.366372121773838160e+02
1.365628405832161718e+02
1.364069096800158434e+02
1.362494037171881018e+02
1.362115189062503191e+02
1.358904231376268115e+02
1.356872960986130749e+02
1.356841374733466807e+02
1.355597348215621594e+02
1.349896311328910770e+02
1.347370011443346982e+02
1.346030314589237378e+02
1.344677085443676390e+02
1.344522308528965482e+02
1.343153846998958159e+02
1.338135198988844081e+02
1.333469897968532223e+02
1.330777674715685635e+02
1.326442095672406651e+02
1.320446561285257587e+02
1.320047031601275194e+02
1.320047506667953030e+02
1.316007582492881056e+02
1.311522810598869455e+02
1.305780616766534763e+02
1.303212744208624372e+02
1.301427014352144340e+02
1.299219206416309191e+02
1.294968895370009250e+02
1.289463530676776202e+02
1.281882354218965645e+02
1.278265004261579492e+02
1.275419196223814851e+02
1.272140602246283407e+02
1.272061214390184460e+02
1.273597186252708866e+02
1.269896147730009801e+02
1.267369846191927962e+02
1.264413986052451264e+02
1.261024228335808601e+02
1.255580028622028408e+02
1.252909119820232604e+02
1.248191030121446090e+02
1.243829323354995608e+02
1.241847801368686106e+02
1.239038183200690924e+02
1.232967861818880948e+02
1.226028143251395761e+02
1.220230447728677916e+02
1.215990351241092071e+02
1.212111465900091218e+02
1.208193399899080731e+02
1.200599393837455295e+02
1.193332721047935365e+02
1.182760324290842959e+02
1.174101337667516987e+02
1.168587209765167643e+02
1.164229504813303322e+02
1.160231823043737904e+02
1.154577599034081317e+02
1.148462221246545170e+02
1.140668910350046303e+02
1.138453444798029039e+02
1.136215600806089583e+02
1.135571313945544318e+02
1.131688195904590941e+02
1.128573935257165033e+02
1.124216096219356587e+02
1.116985955777125810e+02
1.104834298764775440e+02
1.094984140166437498e+02
1.086246606228726392e+02
1.077016773968408927e+02
1.069713913099404579e+02
1.062741326363033352e+02
1.057718511477812058e+02
1.052240920684659073e+02
1.047516081499655769e+02
1.042743516666319152e+02
1.032266178450827852e+02
1.022087048940231426e+02
1.009784897919424509e+02
1.001398886787297471e+02
9.937362492800991731e+01
9.851881305859595273e+01
9.773617480666241875e+01
9.698603515824487431e+01
9.634953046287365908e+01
9.570659642714507243e+01
9.505716810822742957e+01
9.440117990730038855e+01
9.349614132050547255e+01
9.233953668737915166e+01
9.141367342159512077e+01
9.051886204201515795e+01
8.981703236567209103e+01
8.890609329865856125e+01
8.798595282692787123e+01
8.737975033022998161e+01
8.664621245477799505e+01
8.598607318664424781e+01
8.560209412792353589e+01
8.464857992719542779e+01
8.360462618908624677e+01
8.315618806978415023e+01
8.237998794927688095e+01
8.151513934270394657e+01
8.092438317444845097e+01
8.016604361055398442e+01
7.879398344500405926e+01
7.769089236869096737e+01
7.657665895827379643e+01
7.553197874573105253e+01
7.439593812700105957e+01
7.324842235050617489e+01
7.221052762677388159e+01
7.091972487552924065e+01
6.993911603588804837e+01
6.890819801604857275e+01
6.790727072328139968e+01
6.701744517503179566e+01
6.587620724750682655e+01
6.440020934091602101e+01
6.278809024334954358e+01
6.152332347813091218e+01
6.036699341225349258e+01
5.911817516389250926e+01
5.789714663019442042e+01
5.686580467696414587e+01
5.606646937067097269e+01
5.489542360673836185e+01
5.391456929973574574e+01
5.264097909064216907e+01
5.196058494004261519e+01
5.078846963640665990e+01
4.980653498626938358e+01
4.897629796592865148e+01
4.805686663225121436e+01
4.704734003257703279e+01
4.590640407331014927e+01
4.499636775081831530e+01
4.355188661698820596e+01
4.233523900705877452e+01
4.070226162329170450e+01
3.885076931645623688e+01
3.710178718833965661e+01
3.533513857408041758e+01
3.375266522634385069e+01
3.215420729933723010e+01
3.070121949428000363e+01
2.967799948917174291e+01
2.856363584764821439e+01
2.739761196732143134e+01
2.605819390638528077e+01
2.442241808725785646e+01
2.289133140127054489e+01
2.102154686997024768e+01
1.945610794946489008e+01
1.771324035299483057e+01
1.603357611413619210e+01
1.429654152943049716e+01
1.290559750447523335e+01
1.093494697421741257e+01
9.065603004260003317e+00
7.379396973999996945e+00
5.716562599999992500e+00
4.117739999999995071e+00
2.826000000000000068e+00
1.399999999999999911e+00
