1.380308135257151889e+02
1.383341550764799877e+02
1.386405606833136233e+02
1.389904653366798186e+02
1.392226922592730034e+02
1.390936285447196497e+02
1.389632611562828970e+02
1.390740011679624217e+02
1.392262638060218194e+02
1.393396604101243668e+02
1.397370307172968182e+02
1.398959906235318726e+02
1.398949400237696921e+02
1.399342828522920286e+02
1.397720028811037594e+02
1.398909120011152822e+02
1.396877899001161722e+02
1.394422120203198858e+02
1.393557697174937573e+02
1.394704744621154759e+02
1.395055297597132267e+02
1.398641714744570947e+02
1.395799711863202504e+02
1.395353244306266163e+02
1.397730549804315103e+02
1.399323787681120166e+02
1.405377563314259817e+02
1.405027841731575791e+02
1.405886708819775492e+02
1.410794655373521778e+02
1.414136015528800954e+02
1.416703045988678866e+02
1.422932369685538845e+02
1.425184211803574215e+02
1.422610314953108457e+02
1.423242742376868932e+02
1.420245194320075086e+02
1.416005246787953524e+02
1.408490148270669806e+02
1.406555705323910956e+02
1.402177480125159263e+02
1.401795434469858321e+02
1.398177206535209507e+02
1.397754754075969004e+02
1.396115913208053598e+02
1.394460518391972812e+02
1.394000523628248516e+02
1.395960124877024668e+02
1.398747600885885447e+02
1.397926869581702931e+02
1.394673605638079152e+02
1.394215763270789807e+02
1.391329053808873368e+02
1.391645508897860566e+02
1.390348998886725553e+02
1.390251514026994357e+02
1.386516680835348154e+02
1.384360283672071432e+02
1.379757862295018924e+02
1.376321073025276291e+02
1.372041487904319013e+02
1.372567159499307934e+02
1.374310262120519042e+02
1.377687133455068818e+02
1.379481952984919246e+02
1.380890861600928758e+02
1.379485718788813529e+02
1.381702746251331462e+02
1.385558329546796585e+02
1.387028615703841297e+02
1.389321834044277750e+02
1.388405892974018911e+02
1.385864538357594142e+02
1.381681351876354995e+02
1.379476113006421940e+02
1.377652639400421037e+02
1.375810746869114212e+02
1.378394693807186968e+02
1.381408781623421191e+02
1.382433112750922248e+02
1.384275871465589489e+02
1.385329163096547518e+02
1.389625417269239449e+02
1.390732744716405875e+02
1.392255297693343721e+02
1.390156866356909973e+02
1.388037238744352067e+02
1.391148726004400942e+02
1.395503763640802219e+02
1.396266427920011779e+02
1.395824674666676231e+02
1.395378459259272006e+02
1.395331777029559532e+02
1.391244219221784135e+02
1.394792140628065624e+02
1.396759738008150009e+02
1.395514886876914602e+02
1.393449380683750576e+02
1.393787253215911619e+02
1.390088134561528648e+02
1.388775893496486162e+02
1.387046357067166298e+02
1.390147835421374509e+02
1.392068520627648240e+02
1.391988404674401352e+02
1.393927681489292354e+02
1.394270385342718441e+02
1.395020591255271825e+02
1.397798577025529028e+02
1.401816744470231413e+02
1.405875499464883376e+02
1.405934847944322428e+02
1.409227119135679800e+02
1.414572847611802899e+02
1.415124088496766319e+02
1.412852614643195466e+02
1.400457186508279506e+02
1.393593117685131517e+02
1.390296078469833390e+02
1.387369776232153527e+02
1.389262400234489405e+02
1.388345858822719379e+02
1.393480665477493972e+02
1.395030975229792318e+02
1.392960581040192096e+02
1.393697556606256569e+02
1.392825814753803684e+02
1.391541227024039244e+02
1.391051744468722404e+02
1.388941156029014792e+02
1.380748642453548314e+02
1.380554184296513824e+02
1.384398165956073967e+02
1.383028450460679153e+02
1.382048939859278960e+02
1.382271656423503998e+02
1.382092582245968515e+02
1.385144022470671814e+02
1.385802042899665025e+02
1.383234386767349804e+02
1.382660996734695118e+02
1.380061612863320590e+02
1.376627891781132575e+02
1.374371607859731057e+02
1.374516775615893778e+02
1.374259369308986720e+02
1.372383201322208208e+02
1.372104243759801250e+02
1.373034589656368496e+02
1.373974332986235254e+02
1.373307407056800855e+02
1.368189300057373714e+02
1.369888181876144415e+02
1.372816345329433148e+02
1.372137722554988386e+02
1.375088608641397627e+02
1.374028897617565974e+02
1.369726159209659784e+02
1.368208241625923449e+02
1.368695193561540009e+02
1.363530498547010836e+02
1.363566160148497772e+02
1.364410262776263210e+02
1.365666932097237805e+02
1.364512052623462637e+02
1.358901063256024599e+02
1.355253599248509886e+02
1.354397574998500318e+02
1.355553106059086304e+02
1.358740511170795173e+02
1.357515667849292242e+02
1.356278452373023526e+02
1.353412578154572543e+02
1.349305634499563666e+02
1.347985489393501553e+02
1.346652009488383612e+02
1.344496979281197184e+02
1.345956544728486506e+02
1.349047014877249921e+02
1.349340419067931123e+02
1.346000423300936859e+02
1.342222649798927989e+02
1.337598636160533374e+02
1.337372359758119273e+02
1.340780161371835959e+02
1.345030466032153811e+02
1.339222692961775181e+02
1.341841104001796623e+02
1.341657680809891247e+02
1.337027960414038148e+02
1.334371677185896203e+02
1.331688562814041461e+02
1.326150063448523326e+02
1.326212185301529871e+02
1.324658773031853798e+02
1.325917952557427100e+02
1.329614093492347138e+02
1.329307165143790428e+02
1.329805217316964274e+02
1.333136583148447016e+02
1.337713720351969755e+02
1.340720929648450408e+02
1.340526191564093779e+02
1.340733526832420921e+02
1.339326794780225782e+02
1.338713934121438172e+02
1.343347408203471502e+02
1.346411523437848246e+02
1.349910629735201155e+02
1.354253161348687797e+02
1.350962789241100666e+02
1.349255342667782998e+02
1.348338729967442760e+02
1.344180535320659544e+02
1.340384379111774535e+02
1.339378160718964068e+02
1.341190061332286234e+02
1.343828344780086184e+02
1.344877115939485179e+02
1.342704157514628491e+02
1.344549654055189478e+02
1.344393589954733841e+02
1.340599585812864518e+02
1.342019783649347744e+02
1.340626044090253970e+02
1.340834387969952957e+02
1.339832715121158060e+02
1.339629005172904783e+02
1.341039399164542658e+02
1.344888281984383980e+02
1.349180082812518719e+02
1.347858669507585603e+02
1.350968353037971497e+02
1.351685205088855355e+02
1.354429500089758847e+02
1.357201515242175560e+02
1.354749005295120412e+02
1.347827278075883726e+02
1.343259876844323912e+02
1.343494825095275758e+02
1.342924065752801823e+02
1.342347541164445204e+02
1.346209637539845403e+02
1.348090542969546277e+02
1.347162164615703830e+02
1.351476933955259767e+02
1.348966599954805758e+02
1.342390505004853765e+02
1.342616671722066428e+02
1.346481486587956624e+02
1.350385339987829809e+02
1.350288222209940727e+02
1.352614365868614072e+02
1.349711480675376833e+02
1.346779273409466384e+02
1.349878053948956165e+02
1.348159650453490315e+02
1.350464293387362034e+02
1.352792215542789620e+02
1.351103248023026424e+02
1.348993179821238755e+02
1.345649676587108559e+02
1.341060279380912732e+02
1.336828565031229346e+02
1.334978348516394249e+02
1.338361968198371983e+02
1.341779765856947222e+02
1.340383601875701061e+02
1.338569294823946620e+02
1.338352823054489704e+02
1.339750326317661688e+02
1.344394269007741514e+02
1.347468958593680100e+02
1.349362584438055421e+02
1.351679378220261185e+02
1.349979169919459991e+02
1.352706232241872328e+02
1.353844679032201554e+02
1.355802706093132315e+02
1.357376470801135611e+02
1.360986334142561134e+02
1.358976095093499623e+02
1.358157671811619593e+02
1.358543102840020538e+02
1.359740507919201207e+02
1.360545967595155616e+02
1.361763603631471540e+02
1.363801619829771710e+02
1.365456181646229368e+02
1.367531496612356250e+02
1.369627774355909366e+02
1.371341186218096198e+02
1.371455743654642561e+02
1.367935094600645982e+02
1.363166762222883506e+02
1.364814911336244450e+02
1.367287789228527117e+02
1.367361403261141675e+02
1.367435760869836088e+02
1.367914909969531152e+02
1.370015060575283599e+02
1.371732384419476602e+02
1.375487256989376590e+02
1.377259855544831453e+02
1.380666520752346287e+02
1.383299515911463118e+02
1.386363147385310413e+02
1.389457724631630242e+02
1.387735075385484720e+02
1.383570783217663802e+02
1.382192710320873914e+02
1.385245161940273704e+02
1.381459759535630951e+02
1.378848241955179219e+02
1.377422466621393937e+02
1.375578249112518279e+02
1.377351766780327011e+02
1.376718956343760851e+02
1.375675713478545958e+02
1.377046175230857159e+02
1.379642601243297975e+02
1.381861213377059983e+02
1.384102235734408453e+02
1.384345692661019882e+02
1.385399689556585940e+02
1.388888575309686644e+02
1.391604621524931247e+02
1.392327900530239049e+02
1.395078687404275399e+02
1.395837057984125806e+02
1.393774806044563661e+02
1.393711925297543246e+02
1.392840328583371843e+02
1.391555887457952565e+02
1.394702916624191573e+02
1.398285774367874694e+02
1.401096741785739255e+02
1.403532062409836669e+02
1.402759658999831345e+02
1.403999655555384152e+02
1.403636015712504843e+02
1.405692945164143737e+02
1.407366611276918320e+02
1.409865263916077822e+02
1.409560872642508969e+02
1.409253406709602245e+02
1.407326673444042058e+02
1.405380478226306309e+02
1.405030786087179990e+02
1.406293723320380593e+02
1.405549215475131746e+02
1.406413348964778152e+02
1.410114493903826940e+02
1.411024741316990969e+02
1.409923981128278569e+02
1.410832304169973099e+02
1.409325559767646610e+02
1.411035918957224453e+02
1.412763554502239174e+02
1.416528842931561769e+02
1.416291760536927598e+02
1.416860364178718328e+02
1.420262994119918858e+02
1.420871711232240386e+02
1.421486577002257832e+02
1.423723815153797148e+02
1.423963449650302096e+02
1.428649949141715751e+02
1.428131261759311599e+02
1.428819456322540589e+02
1.431534804366196454e+02
1.433065458955757663e+02
1.435015615106827624e+02
1.439813752633150159e+02
1.437387628922384692e+02
1.439785483759981730e+02
1.443015640161596025e+02
1.447894586021819237e+02
1.448782410123044713e+02
1.453315565780847862e+02
1.456682389677629317e+02
1.457658979472352598e+02
1.460665635830657152e+02
1.464914783667333609e+02
1.466378569360945221e+02
1.466645019556513887e+02
1.462873757127794647e+02
1.464720966795747472e+02
1.470223198783591272e+02
1.474972928064225073e+02
1.478154472792149647e+02
1.478943911911256066e+02
1.479337284758845499e+02
1.479734631069547390e+02
1.480135990979343035e+02
1.482965647453876841e+02
1.485823886317045037e+02
1.487902915471761105e+02
1.485558500476529389e+02
1.485210606541949403e+02
1.489303642971666761e+02
1.493842063607744137e+02
1.496406124856306690e+02
1.496571843289202377e+02
1.499971558877982432e+02
1.492496524119161450e+02
1.493834872847649251e+02
1.495590780654185323e+02
1.497768465307263170e+02
1.497139863946726166e+02
1.496504913077508263e+02
1.499095871795453832e+02
1.499288759389355050e+02
1.498675514534700142e+02
1.497247994479487829e+02
1.497826257049990204e+02
1.502450764696957890e+02
1.507121984542388589e+02
1.509820186406451512e+02
1.510929481218644241e+02
1.508009576988519882e+02
1.508696542412649535e+02
1.508582366073383412e+02
1.508871076841806200e+02
1.512799067516970126e+02
1.516362694461593037e+02
1.515517873193521439e+02
1.513048356761137256e+02
1.511766016930439775e+02
1.516935370636813900e+02
1.518924616804857521e+02
1.520933956368547229e+02
1.520539349867215435e+02
1.517312474613344477e+02
1.517689368296314854e+02
1.516857947774053343e+02
1.514806007852584457e+02
1.512733341265229399e+02
1.511447819459831692e+02
1.510149312585684243e+02
1.512878093520894538e+02
1.514826357091810394e+02
1.516794300092744550e+02
1.520802323326004171e+02
1.524042750834346691e+02
1.528528031145809507e+02
1.529826294086670373e+02
1.527501307158249801e+02
1.528385158745717263e+02
1.525237534086577682e+02
1.523674276855127800e+02
1.525731592782960888e+02
1.529021810891877067e+02
1.531537182719069108e+02
1.532865841130373212e+02
1.536228122353908532e+02
1.537604163993852922e+02
1.537377943428125775e+02
1.538765599422354171e+02
1.536934948911470542e+02
1.532257524152995529e+02
1.531977297124244330e+02
1.527653835479032693e+02
1.528539227756596404e+02
1.523372957329892472e+02
1.521790865989792962e+02
1.517364511100801394e+02
1.513701526364446295e+02
1.512425784206515402e+02
1.513157357784353110e+02
1.512280159378135806e+02
1.514626423614277826e+02
1.514572145064925905e+02
1.514921358651441494e+02
1.517294301668121648e+02
1.514034648149616942e+02
1.513570351666286058e+02
1.512293284511398213e+02
1.516255842940801699e+02
1.519046306000813900e+02
1.525905359596773962e+02
1.530005413734122612e+02
1.534146882559711855e+02
1.536714022787594729e+02
1.537690932108683626e+02
1.536657507180482014e+02
1.535209603212612137e+02
1.536979397184458946e+02
1.541191310287319993e+02
1.545445767967000847e+02
1.544894715118176691e+02
1.540297692038562332e+02
1.535250193978349955e+02
1.534192115129642957e+02
1.532315267807722137e+02
1.534863906876483384e+02
1.537034249370191219e+02
1.540842676131500468e+02
1.538628965789397967e+02
1.542857541201408651e+02
1.545108627476174661e+02
1.547786492400171596e+02
1.553319689293109320e+02
1.554060292215257846e+02
1.551980093146727597e+02
1.547454639542146992e+02
1.548135999537521172e+02
1.550440403573255139e+02
1.548323639972981596e+02
1.544165292902007138e+02
1.543197265557576827e+02
1.540603298543012158e+02
1.536771008629300468e+02
1.536132331948788874e+02
1.533871042372516627e+02
1.531182871083350960e+02
1.534124112205406902e+02
1.530226375965054615e+02
1.524269066631363501e+02
1.521887946092287507e+02
1.522715097062917380e+02
1.527591007134259087e+02
1.529687885994201224e+02
1.526957460600201557e+02
1.521775212727482653e+02
1.518964861340889172e+02
1.515722082162514823e+02
1.517295032487380126e+02
1.516055588371096405e+02
1.518035947849588752e+02
1.516803987726867717e+02
1.517175745178653301e+02
1.518359338564296195e+02
1.521171049054843820e+02
1.525627322277624387e+02
1.529320527553154250e+02
1.532646997528433417e+02
1.535603027806507725e+02
1.536164674552016720e+02
1.537136034901035941e+02
1.535288924142454619e+02
1.541908004184300012e+02
1.542533337559895301e+02
1.541952866222117962e+02
1.541770571941530932e+02
1.541182395900537188e+02
1.542608480707608294e+02
1.544453010815774121e+02
1.538639404864419760e+02
1.534787277640824357e+02
1.534128563273554278e+02
1.533059154821780510e+02
1.530766823052302641e+02
1.535320023285147499e+02
1.536686892207223423e+02
1.534835244653763198e+02
1.536601257226021460e+02
1.533536623460622366e+02
1.530845074202663341e+02
1.528934418386520804e+02
1.527408503420732018e+02
1.531119700424980010e+02
1.531636061035333398e+02
1.532157637409423785e+02
1.531068320615587197e+02
1.531988202642002079e+02
1.532917376406063283e+02
1.531431693339455649e+02
1.529931003373184240e+02
1.525586872094129660e+02
1.521602901105175931e+02
1.522831213237558359e+02
1.526092134583390703e+02
1.528981954124637639e+02
1.531900963762265064e+02
1.532021175517439815e+02
1.534162803552965784e+02
1.533901821770677145e+02
1.530809920980478580e+02
1.532535273717652444e+02
1.535490175472379804e+02
1.539283005527657906e+02
1.536649500532982131e+02
1.538029798518170708e+02
1.540636160119360341e+02
1.540844606181179302e+02
1.540651117354718735e+02
1.540455674095676954e+02
1.541874418278464987e+02
1.538863048766121722e+02
1.538245503804171790e+02
1.532369195761786500e+02
1.530877975516952176e+02
1.531391894461566778e+02
1.532315044910671418e+02
1.532439439303710742e+02
1.534585292225974911e+02
1.537156860834312795e+02
1.538946324075068617e+02
1.541157903106126241e+02
1.541775659703154986e+02
1.540379454245614284e+02
1.540989347722840250e+02
1.540797320932166201e+02
1.541815475689051027e+02
1.544056036049544502e+02
1.547935389949044236e+02
1.548621606009130574e+02
1.546486470716292558e+02
1.543521687592221383e+02
1.544971401608304689e+02
1.542799395563940266e+02
1.542221611680751892e+02
1.538001627960352380e+02
1.533739018141772874e+02
1.532261634486641810e+02
1.533193570188525996e+02
1.532922798170236263e+02
1.535477573909317925e+02
1.540482397888206947e+02
1.541901412008288617e+02
1.546567082836656368e+02
1.548855639228941925e+02
1.549955191140349484e+02
1.547429486000349925e+02
1.547302511111462593e+02
1.545154051627746412e+02
1.543387930937118426e+02
1.539583768623350011e+02
1.539781584468034339e+02
1.538365236836395127e+02
1.536126501854943172e+02
1.535885355409032229e+02
1.534025611524277792e+02
1.535379405580078753e+02
1.537958995535435633e+02
1.541776763167105173e+02
1.541996730471821593e+02
1.544239121688705438e+02
1.550948607766369491e+02
1.554089502794316786e+02
1.557262124034661497e+02
1.558446589934005715e+02
1.554390494882826204e+02
1.553121712002856896e+02
1.549011830305918522e+02
1.546476596268607011e+02
1.540683430574344754e+02
1.533215586438732032e+02
1.528500592362359498e+02
1.527374335719554495e+02
1.525832662342985486e+02
1.521447133679786248e+02
1.520249629979577435e+02
1.523484474726847679e+02
1.523115631037221362e+02
1.525571344482038967e+02
1.525627620688932211e+02
1.524068303726192255e+02
1.518856872450699882e+02
1.512380679243133841e+02
1.510283514387001560e+02
1.512205570087881767e+02
1.513338959684730298e+02
1.517312080489625430e+02
1.517284929787504666e+02
1.515641343219692772e+02
1.516001356787572263e+02
1.518789249280378897e+02
1.517564898263005659e+02
1.518752422487884246e+02
1.518739820694829632e+02
1.519535172419022331e+02
1.515086032746482374e+02
1.516652558329786302e+02
1.516618745787660316e+02
1.518604793724908006e+02
1.517378579520115238e+02
1.514119777293044251e+02
1.514060381104085025e+02
1.515616546569783907e+02
1.520016713706853579e+02
1.522845165360459987e+02
1.524086025616628888e+02
1.524935379410732708e+02
1.526601393344178064e+02
1.527072114489068611e+02
1.524315267160670544e+02
1.525975017334013728e+02
1.524015169024251577e+02
1.523651685883078528e+02
1.517627965538471528e+02
1.517604005594413650e+02
1.517579803630716810e+02
1.517959397606790617e+02
1.517938785461398368e+02
1.517513924708487991e+02
1.519104974453017292e+02
1.519904014599003403e+02
1.521115166261625120e+02
1.519914309355172861e+02
1.523145767025429222e+02
1.524389663662050509e+02
1.524029963295000414e+02
1.526090872015151660e+02
1.524132193954704633e+02
1.525386054499692818e+02
1.526248539898683418e+02
1.525503575655234272e+02
1.528387450156800753e+02
1.528472171875560264e+02
1.527345628157132467e+02
1.529440028441547383e+02
1.531151543880351085e+02
1.532072266545804951e+02
1.535830572268492631e+02
1.535586436634837071e+02
1.535743875388729123e+02
1.536710985241141998e+02
1.533647459839533838e+02
1.531765110949029918e+02
1.527843546413155025e+02
1.524286410518340347e+02
1.519077182341757180e+02
1.516239578122989542e+02
1.510949068811095515e+02
1.505605120011215661e+02
1.503843555566878649e+02
1.498831874309979924e+02
1.497001893242400286e+02
1.490304942669098693e+02
1.486368628958683189e+02
1.487241039352207395e+02
1.488930342780007834e+02
1.490232669474753777e+02
1.492760272196720734e+02
1.492485123431034708e+02
1.491399114576799434e+02
1.485453651087674416e+02
1.480256213219879271e+02
1.479046680020074973e+02
1.480249171737449956e+02
1.480655729027726863e+02
1.485914877805784613e+02
1.489610987682613086e+02
1.493344432002638200e+02
1.495903466669329873e+02
1.499700471383166018e+02
1.502323708467841641e+02
1.501741119664489190e+02
1.502768807741909711e+02
1.496938189638294148e+02
1.496705242058878582e+02
1.492833577837250516e+02
1.486902603876010573e+02
1.481719801894959403e+02
1.477696769590873771e+02
1.473633100596839824e+02
1.468720303633173785e+02
1.460929599629467077e+02
1.457100605686331392e+02
1.458485460289217883e+02
1.456247939686085999e+02
1.452775696652611543e+02
1.447652218841019476e+02
1.442476988728307106e+02
1.438057564372024046e+02
1.434401580173764330e+02
1.428688464821981086e+02
1.421301479618164478e+02
1.420708565270867894e+02
1.418089459869573261e+02
1.417464100878346756e+02
1.415620303917529554e+02
1.413757882744976371e+02
1.412280689641395952e+02
1.407960292567062197e+02
1.400363931885921431e+02
1.394307001904968217e+02
1.388996971621184571e+02
1.383229264263820539e+02
1.379019458852341700e+02
1.377595412982170444e+02
1.372924659577946613e+02
1.371035009674695289e+02
1.370742434014842104e+02
1.372467105065493911e+02
1.372593035419689897e+02
1.370700035777466042e+02
1.368787914926732867e+02
1.366856479723974473e+02
1.364501494670681438e+02
1.365355045121897888e+02
1.363792974870602563e+02
1.363831287748083128e+02
1.363061906816245141e+02
1.363496875571966598e+02
1.361916035931278657e+02
1.362339430233616611e+02
1.357918616397594747e+02
1.356281430704636648e+02
1.344930738085495534e+02
1.337505796045950603e+02
1.330813935399955312e+02
1.326074682222170793e+02
1.321287557800177694e+02
1.316048038181995139e+02
1.317220240587872979e+02
1.314363879381691049e+02
1.313498868062313534e+02
1.308988755618495929e+02
1.306453288503532235e+02
1.306316453033869891e+02
1.303349952559466374e+02
1.302373689454004193e+02
1.302599686317174132e+02
1.304040087189068231e+02
1.305090997160670554e+02
1.303728279960278940e+02
1.305584121171995946e+02
1.305034465830293868e+02
1.302863096798284630e+02
1.299053633129572631e+02
1.294801649625835012e+02
1.288082474369529109e+02
1.287356034716696058e+02
1.286218216885548884e+02
1.285068905945003621e+02
1.285524147419189944e+02
1.282347623655748521e+02
1.283179417834092533e+02
1.280787290741507434e+02
1.278371000748997517e+02
1.273506061362624138e+02
1.273844506426891741e+02
1.270145966087772109e+02
1.267622187967441789e+02
1.266285038350956000e+02
1.266550543788841310e+02
1.266818731099843234e+02
1.265877506161455557e+02
1.265734854708547346e+02
1.261550358291456320e+02
1.258535715445917020e+02
1.251854258026180986e+02
1.249549755582000614e+02
1.248030056143432915e+02
1.250131369841850812e+02
1.247001383678640138e+02
1.242223619877410385e+02
1.234569313007488631e+02
1.225625568694428154e+02
1.220631887570131937e+02
1.218820088454676807e+02
1.221030392378464029e+02
1.220838780180263683e+02
1.219433111293198522e+02
1.216397082114339696e+02
1.209694022337719446e+02
1.208175780139110316e+02
1.206642202160715840e+02
1.202264850667391016e+02
1.199055404714534205e+02
1.200257984560138169e+02
1.195008065212258259e+02
1.190917237588138562e+02
1.188805290493071709e+02
1.181419485346537073e+02
1.177191399339934890e+02
1.171708484181751402e+02
1.162533822405810184e+02
1.154074568086676322e+02
1.147954109178459277e+02
1.140155665836830821e+02
1.130258248320030248e+02
1.121877018505080912e+02
1.119875776267758880e+02
1.116238157846220247e+02
1.110139553380022335e+02
1.107615710484869425e+02
1.104662333823100226e+02
1.106123569518283460e+02
1.101538959109378766e+02
1.095291877888257233e+02
1.091001896856827784e+02
1.085052421067502308e+02
1.077830728351011800e+02
1.075384574091930290e+02
1.072509670799930177e+02
1.070817849292859165e+02
1.072341261911978307e+02
1.070647739305027102e+02
1.064896706368716366e+02
1.059087582190622214e+02
1.054027860798608884e+02
1.048108950301625981e+02
1.046574697274370607e+02
1.040984542701382622e+02
1.034125800708468716e+02
1.029622020917643539e+02
1.028305071633983658e+02
1.027782900640387567e+02
1.025639293576149385e+02
1.023878074319344194e+02
1.020078862948831926e+02
1.016241275705889962e+02
1.010748763339285006e+02
1.000352286201294589e+02
9.914669557588818805e+01
9.845120765241263427e+01
9.742546227516407953e+01
9.651056795471131977e+01
9.518239187344585162e+01
9.416403219539979830e+01
9.325659817717179578e+01
9.246121027997129715e+01
9.125374775754686141e+01
9.039772500762308027e+01
8.957345960365962867e+01
8.894288848854510832e+01
8.830594796822735759e+01
8.770297774568417992e+01
8.717472499564063071e+01
8.639871211680883789e+01
8.605930516849353751e+01
8.515081330150860595e+01
8.419274070859461290e+01
8.362903101878245593e+01
8.301922325129538649e+01
8.208002348615681854e+01
8.157578129914837461e+01
8.078361747388730407e+01
8.046830047867393887e+01
7.966494997845846626e+01
7.905550502874594088e+01
7.864192427146058151e+01
7.826456997117243475e+01
7.760057572845687446e+01
7.713189467520901133e+01
7.657767138910010374e+01
7.601784988797983544e+01
7.537156554341395065e+01
7.475915711455957080e+01
7.397894658036315718e+01
7.323125917208406577e+01
7.255682744654959038e+01
7.147154287530270267e+01
7.037529583363907193e+01
6.934878367034238522e+01
6.806947845489141002e+01
6.718129136857716333e+01
6.563766804906781260e+01
6.448249297885649867e+01
6.343686159480456155e+01
6.250188039879250113e+01
6.143624282706326056e+01
6.052145740107394545e+01
5.911258323340803855e+01
5.768947801354349281e+01
5.621159395307429207e+01
5.455716560916598468e+01
5.308804606986469565e+01
5.164449097966141267e+01
5.067120300975894764e+01
4.956687172702924471e+01
4.833017346164582051e+01
4.708098329459169662e+01
4.561715484302189338e+01
4.425975236668880797e+01
4.309065895625135312e+01
4.174814035984988436e+01
4.039206096954534786e+01
3.942632421166194945e+01
3.796598405218375660e+01
3.701614550725629016e+01
3.585469243157206876e+01
3.484312366825457019e+01
3.394254915985308685e+01
3.254802945439703166e+01
3.178588833777480360e+01
3.065241246239874684e+01
2.906304289131188412e+01
2.761923524374936889e+01
2.603963155934278717e+01
2.432286016095231318e+01
2.266955571813365466e+01
2.095914719003397408e+01
1.919105776771110072e+01
1.780914926031423562e+01
1.617085783870124871e+01
1.471803822091034597e+01
1.341215981910135469e+01
1.189107052434479250e+01
1.059704093368160471e+01
9.168728215840006968e+00
7.645180015999995859e+00
6.065838399999996966e+00
4.632159999999994504e+00
3.183999999999998831e+00
1.600000000000000089e+00
