1.548650492085270400e+02
1.552576254631596271e+02
1.555329550132915983e+02
1.558514697103957189e+02
1.563752219296934243e+02
1.565002241714072966e+02
1.570709335064715049e+02
1.570413469762339673e+02
1.572538858345794779e+02
1.576705917521008757e+02
1.577278704566668637e+02
1.580281519764321843e+02
1.582102545216470446e+02
1.585558126481297734e+02
1.590664774223531595e+02
1.592186640629833221e+02
1.589279434979635539e+02
1.585130742403667909e+02
1.583768426670373515e+02
1.585220633000367059e+02
1.587899629293296755e+02
1.589393564942733121e+02
1.588882388831046057e+02
1.589982210940448510e+02
1.586244657515607912e+02
1.590954199510711362e+02
1.595307272233049787e+02
1.598088153770754332e+02
1.600089044212873830e+02
1.602918226477663950e+02
1.602947703512784869e+02
1.602169397487663787e+02
1.604211512613803734e+02
1.608698497589706733e+02
1.610806563221912882e+02
1.608491478001940607e+02
1.606557048486805570e+02
1.605007119683641008e+02
1.604249615842052208e+02
1.608736985699056561e+02
1.613269682524296229e+02
1.619060285378079413e+02
1.619252813513202511e+02
1.620255367185068849e+02
1.622480168873801745e+02
1.623111281690705709e+02
1.621324526960314927e+02
1.617095481778091823e+02
1.613631799775847071e+02
1.607304848258434049e+02
1.602530149755990578e+02
1.600131464399989341e+02
1.601748953939387263e+02
1.599746418120604403e+02
1.600147897091517848e+02
1.604593835445975003e+02
1.603024076208048712e+02
1.600226339604094790e+02
1.600632666266765227e+02
1.597002693198757868e+02
1.595760296160352425e+02
1.595717470869047077e+02
1.595270172594998712e+02
1.591990073328276765e+02
1.591909164978053752e+02
1.591827439371778041e+02
1.595381251890677845e+02
1.598566921101702007e+02
1.596936283941107888e+02
1.596097256506173494e+02
1.597673996470876716e+02
1.594822218657460553e+02
1.592345675411575314e+02
1.589844116577343982e+02
1.588529410684184882e+02
1.588817586549680811e+02
1.586684430858268797e+02
1.584125687735626968e+02
1.585177462359218623e+02
1.585431780160824644e+02
1.591749272889720430e+02
1.593282093827997130e+02
1.593618276593940095e+02
1.595574016761550524e+02
1.597953552284406271e+02
1.595508638671113886e+02
1.588998624920309055e+02
1.584039015071026313e+02
1.575392944516187868e+02
1.569487822743629692e+02
1.566351336104673919e+02
1.561971046570379542e+02
1.559162673303409292e+02
1.557538053841833232e+02
1.560341468527098812e+02
1.565193402552637565e+02
1.569690305608719143e+02
1.573828591523961506e+02
1.578008678307026855e+02
1.575362301320234053e+02
1.573497274060830478e+02
1.572017448546295668e+02
1.567694392471006495e+02
1.565347871182839583e+02
1.565805930487715614e+02
1.565460535846176811e+02
1.566323773581990508e+02
1.562347246042419897e+02
1.562774996002445675e+02
1.561994945457017820e+02
1.562419136825273256e+02
1.560827410934616921e+02
1.560431728216788940e+02
1.562860331532104112e+02
1.568141749022333613e+02
1.571456312143765501e+02
1.578036678933097505e+02
1.581855231245546065e+02
1.586924476005610529e+02
1.585984319197584114e+02
1.586650827472304854e+02
1.587324068153844507e+02
1.592448553690745143e+02
1.600049044132071288e+02
1.602877822355626449e+02
1.604119012480433923e+02
1.604564659071138806e+02
1.602186524314288647e+02
1.604228812438666978e+02
1.606695770140067907e+02
1.609995727414212467e+02
1.615753260014359398e+02
1.620356828297320249e+02
1.620966493229630316e+02
1.625622720433962343e+02
1.625477495387840463e+02
1.626542924634188694e+02
1.630043358216345268e+02
1.633579149713482650e+02
1.635534494660082316e+02
1.636701509757658641e+02
1.637072232078436969e+02
1.640274981897418627e+02
1.642702001916581764e+02
1.645961618097560404e+02
1.648446078886422868e+02
1.648935433218612161e+02
1.649025690119806313e+02
1.646692616282642234e+02
1.646356178063272750e+02
1.644400179861881668e+02
1.643636545315040678e+02
1.647309641732369982e+02
1.651423880537743401e+02
1.654771596502763487e+02
1.650476360103814386e+02
1.647349858690707833e+02
1.647020059283548790e+02
1.644666726549039879e+02
1.637441137928327066e+02
1.630546603968002159e+02
1.619946064614144916e+02
1.614895014761769971e+02
1.611005065415930346e+02
1.609500066076690814e+02
1.605151581895648860e+02
1.603587456460255396e+02
1.604431774202278973e+02
1.607304822426550288e+02
1.614247295380354217e+02
1.617219490283177095e+02
1.622645949780992112e+02
1.627723181596961410e+02
1.632851698582793745e+02
1.637627978366458308e+02
1.640836341784300316e+02
1.642864991701310657e+02
1.643297971415474592e+02
1.641311082237841106e+02
1.641324325492768139e+02
1.638105379285622973e+02
1.635257958874373401e+02
1.631977736236733278e+02
1.631896703269436273e+02
1.630602730575186001e+02
1.625255283409278491e+02
1.627530589302300541e+02
1.630232918487184293e+02
1.625285776249678236e+02
1.620288662878464265e+02
1.619685518059054914e+02
1.621904563696011508e+02
1.621317741107084771e+02
1.619108829401091043e+02
1.619705888283933461e+02
1.618288776044379915e+02
1.618473511155944209e+02
1.614619708238318765e+02
1.608302735594261890e+02
1.603134076357841593e+02
1.602357652886717858e+02
1.600361265542129274e+02
1.599556833880945135e+02
1.598744276647417166e+02
1.597519471361035244e+02
1.594666132687907805e+02
1.588551649179711660e+02
1.585607726444148682e+02
1.585058309539548986e+02
1.586927585393492564e+02
1.585987459993419293e+02
1.587462080801428499e+02
1.588951596769123853e+02
1.588031915928409319e+02
1.590335268614550444e+02
1.596702291529848026e+02
1.600709385383681251e+02
1.603948874124932331e+02
1.605200882954481756e+02
1.602829174701498971e+02
1.606090075456056638e+02
1.606151591369756488e+02
1.607829890272487603e+02
1.609929182093418660e+02
1.608817355649918284e+02
1.608906419848400162e+02
1.607380222069087949e+02
1.607050729362717618e+02
1.603889625618905370e+02
1.603120833958494700e+02
1.597899832281303247e+02
1.598686699274048806e+02
1.598269393206113875e+02
1.597847871925353331e+02
1.595401890833699383e+02
1.590911000842121439e+02
1.582334344284973042e+02
1.576095297257542995e+02
1.571813431573278592e+02
1.575569122801289836e+02
1.577746588688165446e+02
1.579542008775932800e+02
1.584183847248406778e+02
1.587256411362023698e+02
1.590764051880839816e+02
1.593499042303883186e+02
1.592221254852405536e+02
1.590930560456977503e+02
1.593263192380782414e+02
1.598447669071496477e+02
1.599644110173233571e+02
1.593175868861852678e+02
1.589470574607931610e+02
1.587748055159531475e+02
1.586008136524775409e+02
1.581826400530074466e+02
1.578006465181893816e+02
1.573743904224146490e+02
1.567418085074889404e+02
1.563048570782716240e+02
1.559443000790625149e+02
1.557013132111735842e+02
1.554558719304788212e+02
1.555311837681606164e+02
1.554052361294554885e+02
1.550759960903582453e+02
1.547030263538973713e+02
1.544879054079781326e+02
1.543110155636138643e+02
1.544555712763782367e+02
1.542783548246236478e+02
1.545437927521456629e+02
1.544078714668130203e+02
1.545938095624381390e+02
1.552664743054930057e+02
1.554610851570637351e+02
1.555364496535990781e+02
1.556125754076753367e+02
1.554470458663392947e+02
1.550778241074131358e+02
1.552301253610241645e+02
1.554243690515391165e+02
1.553781505571100752e+02
1.550082328859699601e+02
1.552406392787577261e+02
1.552329689684413552e+02
1.552252211802446027e+02
1.548133547275191404e+02
1.548013684116358490e+02
1.545064327390260530e+02
1.543701340798235151e+02
1.544748829089129458e+02
1.544190736453664954e+02
1.546051248943100518e+02
1.548738635296055577e+02
1.553877409389966999e+02
1.557855969080764282e+02
1.557834312202797094e+02
1.552559911315958061e+02
1.551676678096924036e+02
1.551996644542346928e+02
1.550703681355908259e+02
1.545761294298897042e+02
1.546021509392824100e+02
1.549920716558410447e+02
1.554263350058997162e+02
1.556629646524241366e+02
1.556595602549739112e+02
1.554541012676502874e+02
1.553677790582321450e+02
1.554826051093263288e+02
1.552753586962890893e+02
1.553892512083723147e+02
1.551406577862353799e+02
1.554552098850864468e+02
1.558537473586729050e+02
1.557714619784572108e+02
1.556479413923821937e+02
1.554019610024060967e+02
1.554363242448543758e+02
1.557134588331860812e+02
1.555893523567533805e+02
1.559892448048018707e+02
1.564335806109112070e+02
1.566803844554658269e+02
1.569296812681475899e+02
1.568986679476232666e+02
1.567865332804279603e+02
1.563500336165938620e+02
1.562727612288829562e+02
1.561947083120026321e+02
1.562774831434368252e+02
1.560378617610473668e+02
1.559574361222701668e+02
1.555933698204749192e+02
1.558316866873480535e+02
1.555875623104530234e+02
1.557046083943971553e+02
1.556612206004009806e+02
1.554961824246469178e+02
1.557335176006533288e+02
1.555288056572262860e+02
1.556048541992179253e+02
1.555604587870888338e+02
1.551923826132220654e+02
1.549822046598195016e+02
1.544062673331509643e+02
1.537841084173246884e+02
1.531152610276003827e+02
1.526416778056569683e+02
1.525673513188458799e+02
1.528963144634803939e+02
1.531881964277581289e+02
1.536850468967250265e+02
1.538232796936623004e+02
1.540437168622849526e+02
1.540239564265502850e+02
1.541656125520713090e+02
1.544299116687588196e+02
1.543736481502613174e+02
1.540743920709711574e+02
1.540549414858300281e+02
1.540756984705345758e+02
1.540966651217525225e+02
1.538350152744968113e+02
1.537727427015121862e+02
1.535482249510220640e+02
1.536850757081033407e+02
1.535000764728317506e+02
1.536364408816482978e+02
1.536529705875236971e+02
1.539524955429531019e+02
1.545782783262155249e+02
1.552507861880962139e+02
1.558088749374711881e+02
1.556453282196669647e+02
1.557629577976441908e+02
1.554373311087317120e+02
1.552700314229604714e+02
1.553838701242035256e+02
1.555796667921246694e+02
1.557774412041659957e+02
1.554923648526925035e+02
1.555276412653467730e+02
1.554824659245918212e+02
1.557196625500930054e+02
1.557976389394886496e+02
1.560784231712000860e+02
1.560792153244452720e+02
1.554739548731772629e+02
1.553070251244212443e+02
1.552192172973950903e+02
1.551709265630256880e+02
1.550009359222479191e+02
1.547484201234822763e+02
1.544125455792750756e+02
1.543561066457325808e+02
1.542586935815477887e+02
1.534734278601500819e+02
1.532458867274237662e+02
1.532180674014388444e+02
1.529475428297358235e+02
1.531995382118547013e+02
1.534136749614692121e+02
1.534683585469387310e+02
1.534831904514528560e+02
1.533769600519732421e+02
1.529464242949218828e+02
1.530771962574974339e+02
1.535325214722200826e+02
1.535884055274941318e+02
1.538872783106006636e+02
1.538659376874750819e+02
1.535211491792680931e+02
1.536173224033005056e+02
1.534720428316177845e+02
1.531232755874913209e+02
1.533770460479713620e+02
1.537545919676482242e+02
1.534894868360083535e+02
1.538681685212199000e+02
1.540486550719400043e+02
1.546350051231715099e+02
1.546616213365369958e+02
1.546885064005423942e+02
1.552409155561031469e+02
1.553140561172759817e+02
1.547414708255315361e+02
1.548499705308404089e+02
1.540302732634747542e+02
1.538487608721970048e+02
1.537058190628250429e+02
1.539654738008330526e+02
1.541873472735688892e+02
1.543710578520897911e+02
1.544758160122118511e+02
1.542584000123351586e+02
1.541195959720556061e+02
1.542218141131881168e+02
1.546887011244317307e+02
1.546350516408415672e+02
1.543788400412535395e+02
1.542412525669230376e+02
1.543042955221443151e+02
1.548124197193371572e+02
1.553256764841790982e+02
1.553592691759383229e+02
1.553527971474135256e+02
1.552250476236493455e+02
1.552172198218685537e+02
1.555729493150183487e+02
1.560130801161805039e+02
1.561748284001820082e+02
1.565402307072541817e+02
1.568285158659137721e+02
1.566752685514270240e+02
1.568437056075030966e+02
1.572966723308105372e+02
1.571885579099100880e+02
1.573217756665756610e+02
1.575371471379550599e+02
1.576738859979340361e+02
1.580140262605401347e+02
1.581959861217569312e+02
1.583393799209679571e+02
1.585650302231996704e+02
1.587525557810097325e+02
1.590631876575849049e+02
1.594173612702880405e+02
1.598155164346339063e+02
1.598944610450855635e+02
1.602974353990765053e+02
1.605024599990670708e+02
1.610327878778445836e+02
1.614876645230764041e+02
1.621087520435115721e+02
1.623320727712229825e+02
1.628808815870941942e+02
1.633544258455494003e+02
1.635499250965152100e+02
1.639898233298127934e+02
1.637877003331445849e+02
1.639067680132770306e+02
1.641886545588661193e+02
1.641097520796625417e+02
1.640704566461236027e+02
1.641115723698218289e+02
1.645975478483039183e+02
1.652500483316209738e+02
1.655455033652735892e+02
1.656823266315901151e+02
1.656993198298885090e+02
1.655952725554433300e+02
1.658538106620637791e+02
1.661553643051146594e+02
1.662579437425399362e+02
1.666039835783226124e+02
1.662262460387104284e+02
1.660467131704136818e+02
1.663502153236507297e+02
1.664951669935867926e+02
1.666819868622087881e+02
1.668706938002111144e+02
1.665360543436477769e+02
1.666828831754010309e+02
1.669928112882840878e+02
1.673866780689742484e+02
1.675420990595700914e+02
1.679011101611814922e+02
1.679405153143248697e+02
1.681015306205299282e+02
1.677793238591212912e+02
1.675750746051730005e+02
1.671667420254276522e+02
1.665926687125530918e+02
1.664572411237912206e+02
1.662396374987786203e+02
1.658178156553310316e+02
1.659169855104358078e+02
1.658959449600358766e+02
1.657130757172087669e+02
1.655687633507148746e+02
1.657866296471875955e+02
1.657642723708964922e+02
1.653780528998953798e+02
1.654727807069648122e+02
1.657704855625909488e+02
1.657479652147377180e+02
1.657656214290290393e+02
1.660258802313423132e+02
1.659251315468105474e+02
1.657021530775864164e+02
1.654365182601877677e+02
1.650065841012001044e+02
1.650571556577779404e+02
1.649870259169470614e+02
1.647141675928758957e+02
1.642769369625014519e+02
1.638756939015162857e+02
1.633895897995120947e+02
1.635854442419309009e+02
1.637428729716475289e+02
1.634978514865123316e+02
1.633715671580937112e+02
1.632036031899933448e+02
1.631955587777713390e+02
1.637126856341122334e+02
1.637097834687999409e+02
1.636260439078792785e+02
1.635010544524030536e+02
1.633343984367706696e+02
1.634892913502739304e+02
1.634841326770438457e+02
1.638021542192364564e+02
1.642041961810466546e+02
1.642466628091384564e+02
1.639663260698364411e+02
1.636831576462991222e+02
1.635183410568679392e+02
1.628670111685531197e+02
1.624515264328829289e+02
1.623954812453361001e+02
1.627025063084201122e+02
1.627702083923439318e+02
1.631618266589328812e+02
1.629109360191245628e+02
1.628595313324484550e+02
1.629692235681301895e+02
1.636052763314436618e+02
1.639245215469132688e+02
1.642469914615285518e+02
1.647343348096253521e+02
1.649841765753776883e+02
1.653981581569481989e+02
1.658163213706547765e+02
1.659154761319745717e+02
1.660156324565398336e+02
1.663592247035758476e+02
1.665446714177534488e+02
1.662471428462149845e+02
1.664718614608239022e+02
1.664968297584081256e+02
1.668048785438460868e+02
1.667524025695420278e+02
1.662549520904465226e+02
1.660757091822690654e+02
1.658138476588576395e+02
1.653473208675327157e+02
1.645932534015482815e+02
1.639527812136858529e+02
1.633462436501872617e+02
1.622083269193807382e+02
1.619478049690716546e+02
1.616442474435061456e+02
1.614588358015213032e+02
1.615947836378999227e+02
1.616512966039401817e+02
1.613043400039800019e+02
1.612367070747270930e+02
1.608047546209367056e+02
1.605300551726629124e+02
1.599697526996601766e+02
1.596462148481412555e+02
1.592386008567089561e+02
1.589076776330391567e+02
1.586946238717565905e+02
1.584390140118751447e+02
1.581000141534088357e+02
1.580808223771808514e+02
1.579402246234150198e+02
1.575153784074903172e+02
1.576923014217068442e+02
1.577093953754617246e+02
1.576862579550123087e+02
1.574608666212241701e+02
1.569099662840656606e+02
1.566767336202679530e+02
1.563199329497658425e+02
1.558383161108741604e+02
1.556750667786612894e+02
1.551869361400611922e+02
1.550575112525874886e+02
1.550075871238257150e+02
1.547147344685109545e+02
1.540148833015260834e+02
1.539544275772995263e+02
1.538933611891912676e+02
1.542357183729208998e+02
1.540966852251724504e+02
1.537542275001743235e+02
1.533275025254280308e+02
1.531388914398264660e+02
1.528675671109360223e+02
1.524318859706428952e+02
1.525170565360024568e+02
1.527242995313158644e+02
1.529740399306218421e+02
1.533879191218405822e+02
1.532403223452929524e+02
1.532932548942354742e+02
1.531851059537735580e+02
1.531162686401752353e+02
1.531275440809853308e+02
1.525732768494803793e+02
1.524578554035153104e+02
1.525432882863790383e+02
1.528720083700792145e+02
1.532848569394741389e+02
1.530958150903775561e+02
1.531876920104826922e+02
1.531996888994775645e+02
1.527269584843207610e+02
1.525322812972934798e+02
1.522144255528219503e+02
1.519337631846682939e+02
1.518926900855239808e+02
1.512855455409331284e+02
1.504702480211443856e+02
1.496063111324697843e+02
1.491780920529994319e+02
1.488667596494946110e+02
1.483502622722171793e+02
1.481517800729462522e+02
1.479916970433797303e+02
1.478299970135152535e+02
1.481111080944599792e+02
1.483950586812724737e+02
1.487222814962346717e+02
1.492144257537721614e+02
1.494287128825984041e+02
1.493219322046442983e+02
1.496181133380245853e+02
1.492304175131563113e+02
1.492024419324812357e+02
1.490529716489711234e+02
1.487403754030014511e+02
1.485054297000014856e+02
1.483489188888905232e+02
1.481100190796872766e+02
1.475050697774616708e+02
1.472172421994566776e+02
1.470477193933903379e+02
1.468360801953442092e+02
1.470263436316607226e+02
1.471781248804652193e+02
1.471698231115809108e+02
1.472826496076570493e+02
1.473158076845025732e+02
1.473897047318210696e+02
1.475451562947683612e+02
1.478637942371396150e+02
1.480644386233736043e+02
1.481458975993676290e+02
1.480261591912800725e+02
1.483092517083640303e+02
1.480295471801650535e+02
1.475854011920859818e+02
1.470559608000869787e+02
1.465211725253402335e+02
1.460213863892326458e+02
1.457993801911443086e+02
1.456559395870146716e+02
1.459150904919337108e+02
1.458536267595293623e+02
1.462359866257870351e+02
1.464605925513004649e+02
1.466874672235349237e+02
1.462297648722578174e+02
1.460502675477349896e+02
1.460305732805406933e+02
1.462531043237782171e+02
1.464778831553320231e+02
1.464221041973048614e+02
1.464061658558633496e+02
1.463092584402664045e+02
1.457669277174404385e+02
1.454211391085260345e+02
1.451122617257837533e+02
1.454063249755390359e+02
1.452993181571102070e+02
1.453124425829392976e+02
1.453256995787266135e+02
1.455411106855825096e+02
1.452334451369520707e+02
1.456095405423760099e+02
1.451813540832075375e+02
1.448700546295033575e+02
1.447172268984876666e+02
1.446032594934223141e+02
1.442053126196178994e+02
1.438033460804225285e+02
1.433973192731538973e+02
1.432700194678321282e+02
1.428182014826592479e+02
1.425234358410696416e+02
1.423065008495656514e+02
1.426530311611769264e+02
1.429626577385632231e+02
1.428713714530935022e+02
1.424963348011048652e+02
1.424811462637422608e+02
1.422233800643862480e+02
1.418822020852385606e+02
1.415779819042818701e+02
1.412706887922033729e+02
1.410006957497005260e+02
1.410916118683842910e+02
1.411430422912974336e+02
1.410333760518153667e+02
1.411650263149651039e+02
1.412980063787525751e+02
1.413111175542957199e+02
1.414051692467636201e+02
1.411769386330946929e+02
1.409059986192876295e+02
1.407535339588761190e+02
1.402358928877532094e+02
1.395110029169228483e+02
1.391828312292150258e+02
1.388513446759746728e+02
1.387993380565399946e+02
1.383023616732731398e+02
1.380831936093666741e+02
1.380234278882493584e+02
1.378418463517669466e+02
1.379412589411790293e+02
1.380820797385645449e+02
1.380223027662267725e+02
1.379215179456833198e+02
1.376985029754379752e+02
1.377964676519574709e+02
1.377742097494519555e+02
1.380749593428809305e+02
1.381767266089705402e+02
1.383603299080515967e+02
1.387478079879305994e+02
1.389775838261931540e+02
1.386440240668608794e+02
1.382262869362236586e+02
1.382487746830537958e+02
1.381098734172262539e+02
1.381311852699250835e+02
1.383951366362885267e+02
1.385405420568568218e+02
1.387278202594515335e+02
1.387149699590412695e+02
1.386615858172137905e+02
1.381228139567812718e+02
1.382250646028097094e+02
1.382071359624335969e+02
1.381486221842760926e+02
1.376450729134107576e+02
1.368940130438487586e+02
1.363777909533832542e+02
1.359775666195788233e+02
1.357349157773521711e+02
1.354090058357091948e+02
1.349181877128379199e+02
1.348264522351899473e+02
1.347337901365555695e+02
1.343573637742981646e+02
1.338559230043415766e+02
1.334302252569104610e+02
1.325153790473845845e+02
1.319549283306909615e+02
1.315908366976682942e+02
1.314250875734020099e+02
1.315000884579819740e+02
1.318586752100828221e+02
1.316956315253359833e+02
1.316925570962988274e+02
1.314066233295947086e+02
1.310773973026211081e+02
1.307852498006271276e+02
1.305709593945732934e+02
1.301524842369427404e+02
1.298509941787301898e+02
1.293040345239693920e+02
1.286303379029994574e+02
1.282730685888880089e+02
1.277101702918063211e+02
1.272223942341476288e+02
1.272145396304520659e+02
1.269641814449008592e+02
1.269941226716175464e+02
1.266203259309263132e+02
1.266871979100269527e+02
1.265527251616433517e+02
1.264168941026699571e+02
1.264817112148182758e+02
1.259815264796143310e+02
1.256783095753679049e+02
1.254528379549171007e+02
1.253867050049670127e+02
1.252390959646128294e+02
1.252920161258714131e+02
1.248202183089613584e+02
1.244244629383448455e+02
1.241863262003484181e+02
1.240265921215641498e+02
1.238248405268322330e+02
1.238230712392246886e+02
1.232556275143683706e+02
1.230056843579475867e+02
1.231572569272200894e+02
1.230679362901210538e+02
1.228969053435567957e+02
1.224413185288451871e+02
1.220215338675205885e+02
1.221631655227478888e+02
1.222254197199473680e+02
1.221670906262092160e+02
1.220677683093020818e+02
1.218058265750531461e+02
1.212988147222755657e+02
1.208674896184603114e+02
1.205934238570306150e+02
1.205590139970008750e+02
1.206454686838392121e+02
1.205711804887266823e+02
1.202537176653803357e+02
1.201350683488686428e+02
1.202980488372414101e+02
1.201798473103443996e+02
1.200604518286309457e+02
1.197782341703341871e+02
1.191699335053882010e+02
1.189595287933212262e+02
1.186257866599206494e+02
1.185310976362831781e+02
1.183950481174578755e+02
1.179343920378362895e+02
1.171862545836729765e+02
1.166729844279524713e+02
1.161949337656082548e+02
1.155908421874833181e+02
1.150210527146296045e+02
1.144455077925554605e+02
1.137429371641970590e+02
1.132352900648459268e+02
1.126417071362077138e+02
1.120825324608158411e+02
1.112348812735514372e+02
1.101362437106576238e+02
1.092689330410684789e+02
1.086352859000691780e+02
1.079144302020899318e+02
1.074287173758484215e+02
1.071805226018671959e+02
1.066065884867347222e+02
1.061884732189238889e+02
1.055641143625492617e+02
1.052970852146961391e+02
1.047445305198953065e+02
1.044288187069649751e+02
1.039483017242070275e+02
1.033013148729365298e+02
1.029306210837741702e+02
1.023945667512870159e+02
1.021359260114010254e+02
1.019150767791929724e+02
1.015707846254473736e+02
1.008189743691387434e+02
1.002615902718573295e+02
9.925413158773478983e+01
9.843851675528745204e+01
9.757425934877528562e+01
9.670127206946992260e+01
9.594067885805047524e+01
9.476836248287926878e+01
9.443268937664579710e+01
9.409362563297554516e+01
9.383194508381369303e+01
9.324438897354913536e+01
9.244887775105981120e+01
9.144331085965650630e+01
9.038718268652155530e+01
8.960321483487017247e+01
8.897294427764681757e+01
8.825549927035039843e+01
8.761161542459615248e+01
8.679961153999619228e+01
8.565617327272340731e+01
8.466280128557919227e+01
8.378060735917090085e+01
8.288950238300087392e+01
8.190858826565740003e+01
8.103897804611861488e+01
8.012017984456431918e+01
7.903048469147915966e+01
7.845503504189818500e+01
7.791417680999819595e+01
7.732745132323046278e+01
7.645197103356602497e+01
7.512320306420816962e+01
7.370020511536168328e+01
7.218202536905228328e+01
7.085053067581037567e+01
6.946518250081864210e+01
6.802543686951375435e+01
6.693478471668069574e+01
6.603513607745519209e+01
6.500518795702541297e+01
6.384362419901557928e+01
6.279153959496525061e+01
6.205206019693459041e+01
6.110309110801483001e+01
6.010413243233811897e+01
5.925669942660420020e+01
5.827949437030730451e+01
5.745403471748207380e+01
5.674144920957785843e+01
5.618328202987670750e+01
5.545786063623913975e+01
5.472511175377693604e+01
5.410617348866360743e+01
5.352138736228642557e+01
5.252665390129946132e+01
5.180470091040355385e+01
5.067141506101368265e+01
4.936506571819573708e+01
4.844956133151085709e+01
4.760561750657669933e+01
4.691476515815824655e+01
4.629774258399825726e+01
4.535125513535175656e+01
4.435480316702199133e+01
4.322707390608285749e+01
4.192633727887153583e+01
4.093569422108243572e+01
4.005625678897215636e+01
3.928914827168904367e+01
3.802944269867575855e+01
3.687822494815731034e+01
3.535174237187605684e+01
3.364822461805664489e+01
3.221032789702687893e+01
3.071750292628975743e+01
2.977525548110075704e+01
2.841944998090986729e+01
2.745398987970692062e+01
2.639796957546152356e+01
2.545249452066820695e+01
2.425504497037193730e+01
2.268186360643629129e+01
2.145642788528916256e+01
2.050144230837288717e+01
1.933479021047768143e+01
1.807554566714915723e+01
1.672277340116076516e+01
1.551795293046541424e+01
1.389692215198527059e+01
1.250194156766186993e+01
1.076963794713320866e+01
9.464280754680006069e+00
7.741697731999994225e+00
5.920906799999992032e+00
4.041319999999995360e+00
2.668000000000000593e+00
1.199999999999999956e+00
