2.030405281776486390e+02
2.038793213915618594e+02
2.046861832238008958e+02
2.054203870947482926e+02
2.063236233280291287e+02
2.069531548767964466e+02
2.073466210876729292e+02
2.077036576643162675e+02
2.080643006710273539e+02
2.084285865363907533e+02
2.084329156933238778e+02
2.084372885791147496e+02
2.084013015950656609e+02
2.084457591869345094e+02
2.086118779666014689e+02
2.089412908753539853e+02
2.093952433084398876e+02
2.095709528368077770e+02
2.097080331684928751e+02
2.098060941095877183e+02
2.093798930399893550e+02
2.091514071110984219e+02
2.087589970819180678e+02
2.085646435170900475e+02
2.083683267849399385e+02
2.083316432171108943e+02
2.083349931485958848e+02
2.079343365137335127e+02
2.078124611249831730e+02
2.078509708333170067e+02
2.083747180134513144e+02
2.084997151651025717e+02
2.088683991566692271e+02
2.091195951077471875e+02
2.086056516239846701e+02
2.079249006302910914e+02
2.073180814447367766e+02
2.065839206512494286e+02
2.060039602537875680e+02
2.058625861149368461e+02
2.056389758736741840e+02
2.056555311855292416e+02
2.059550820055854672e+02
2.063788707127120006e+02
2.063624956694063712e+02
2.065883794640468807e+02
2.065741206707540130e+02
2.065193138088421279e+02
2.062215290998416322e+02
2.065267970705474454e+02
2.068755525965111417e+02
2.072278309055674015e+02
2.073816473793616808e+02
2.070925731104667307e+02
2.067601748590554109e+02
2.067072473323806037e+02
2.066133811438176906e+02
2.067609910543617389e+02
2.070717081357198879e+02
2.071431395310287940e+02
2.071344843747779407e+02
2.069641256310882227e+02
2.068728541728161190e+02
2.064574284573913587e+02
2.060782105630209742e+02
2.057355662252734021e+02
2.054702689144185115e+02
2.054043120347658373e+02
2.050952646815817957e+02
2.048639037187696204e+02
2.048322259785553285e+02
2.044769959379344471e+02
2.048454504423571052e+02
2.050964145882407195e+02
2.054307218063035805e+02
2.053239614205082262e+02
2.055393549702114342e+02
2.059589444143533115e+02
2.062211559740956659e+02
2.065264201758541844e+02
2.063499193695500935e+02
2.058079993631818922e+02
2.054626256193745633e+02
2.056794198175496717e+02
2.054539594116670855e+02
2.058726862744110520e+02
2.063764507822347980e+02
2.070469199820537938e+02
2.078453737192468509e+02
2.083286603224719045e+02
2.082915760833051593e+02
2.084561374578838979e+02
2.089051893513967570e+02
2.090759488397957568e+02
2.092888372119150802e+02
2.090190274867833864e+02
2.091101287745288175e+02
2.095657866409389385e+02
2.093795824655954050e+02
2.093935176420161497e+02
2.098520380222363713e+02
2.096283212345830975e+02
2.100084052874570943e+02
2.102307124115733359e+02
2.104552650621949113e+02
2.109245101638325366e+02
2.111964749129634811e+02
2.109055302151144815e+02
2.110964951667823470e+02
2.110469648149312434e+02
2.109969341564959109e+02
2.108251860166625136e+02
2.111365515319827182e+02
2.108854055878629481e+02
2.104701066544072887e+02
2.102930370246527900e+02
2.107202394188425387e+02
2.112729691099411866e+02
2.117908778888287316e+02
2.120311897866960464e+02
2.121123129158539484e+02
2.123558716321757061e+02
2.113493652850272611e+02
2.106155204899252453e+02
2.100762833231568152e+02
2.094911952759164251e+02
2.091830255312274289e+02
2.089929550820492068e+02
2.090837930121702186e+02
2.094179727395670909e+02
2.097959320601675870e+02
2.107029616769378890e+02
2.111747087645823626e+02
2.114896048127106667e+02
2.109591967805166064e+02
2.104638351318342302e+02
2.100846819513474202e+02
2.097421029811591779e+02
2.098001040213723627e+02
2.098990949710827181e+02
2.100798939101856604e+02
2.101413069799842503e+02
2.102841484646303911e+02
2.101860085501327546e+02
2.101676854041743638e+02
2.098663488931048278e+02
2.100064130233384390e+02
2.106731444680182221e+02
2.112658024929483815e+02
2.120664671645946839e+02
2.126731991561572102e+02
2.125991910668245737e+02
2.124840313806311372e+02
2.121252842228597331e+02
2.121265497200599270e+02
2.122086360808683025e+02
2.124935717988569763e+02
2.121349210089472308e+02
2.117322434433799287e+02
2.118507509529096637e+02
2.121724757100107581e+02
2.127398744545552915e+02
2.131513883379356855e+02
2.128801902403377255e+02
2.126062527680186633e+02
2.124507603717366919e+02
2.116472326987244514e+02
2.110780128269944669e+02
2.113515281080750299e+02
2.115469980889646422e+02
2.117040384737013596e+02
2.117010489633351540e+02
2.116172211750838699e+02
2.115325466415003746e+02
2.112045925671730515e+02
2.113985783506788323e+02
2.112308872229080521e+02
2.111827143665733786e+02
2.110532468349241526e+02
2.102356028635592224e+02
2.096117200642021317e+02
2.091431515800017849e+02
2.085890420000013137e+02
2.082313555555566609e+02
2.077084399551084459e+02
2.072206464193011470e+02
2.070511579992939062e+02
2.069203616154490817e+02
2.067882440560087787e+02
2.065335798545545174e+02
2.059127069237925411e+02
2.058916231553458829e+02
2.058299223791380541e+02
2.057271943223616972e+02
2.062698932549102153e+02
2.066160537928383576e+02
2.069657109018565961e+02
2.067532433352085661e+02
2.065790336719280447e+02
2.069687208807354182e+02
2.069987079603388054e+02
2.073118262225657134e+02
2.075472992147123534e+02
2.079467668835472125e+02
2.083906736197454563e+02
2.083542157775199541e+02
2.089638543207282737e+02
2.092160144653814484e+02
2.095919338034149462e+02
2.098908422256720314e+02
2.097887295208808496e+02
2.100896257786681645e+02
2.105147735138060909e+02
2.109846197109147283e+02
2.117420401120361078e+02
2.121434748606428968e+02
2.127105806673163499e+02
2.132834148154693708e+02
2.139428432479501510e+02
2.141644881292423577e+02
2.145903920497399326e+02
2.142125172219599563e+02
2.143156739615750155e+02
2.142986605672464293e+02
2.137966268356042292e+02
2.133299260965686699e+02
2.132221475722939772e+02
2.131132803760532397e+02
2.128012933091458763e+02
2.126073669789343228e+02
2.125730979585188152e+02
2.127000989479992938e+02
2.125455544929282325e+02
2.126318732251793051e+02
2.125574477022012161e+02
2.124014623254564924e+02
2.120014770964204445e+02
2.115974516125464788e+02
2.115529814268153075e+02
2.115888701280956923e+02
2.114231011394907966e+02
2.108920213530210503e+02
2.107596175283049149e+02
2.105450682104072939e+02
2.100859274852603278e+02
2.093797247325866522e+02
2.091916411440266472e+02
2.089208496404307596e+02
2.085665147883147768e+02
2.085722371599136977e+02
2.088204415756700030e+02
2.094347894703747102e+02
2.097725146165399792e+02
2.094267824409484717e+02
2.087947297383325065e+02
2.084795249882148767e+02
2.086055807961757580e+02
2.086521018143200195e+02
2.088203048629481486e+02
2.091518230938870602e+02
2.093654778726149459e+02
2.097429069420340113e+02
2.102857645879126380e+02
2.103088531191044126e+02
2.106554071910145751e+02
2.110862698899144050e+02
2.109558281716290651e+02
2.114705335066963414e+02
2.123136702087845720e+02
2.132461315240250315e+02
2.138647793171966214e+02
2.141664437547440230e+02
2.132590340957017929e+02
2.125848829249506764e+02
2.119847302272232241e+02
2.117825557850733844e+02
2.115783391768429169e+02
2.120185244210532005e+02
2.117762872939931071e+02
2.116124114080740526e+02
2.118913246546200071e+02
2.121326511662826420e+02
2.126592436023063897e+02
2.129891349518250365e+02
2.134839746988118065e+02
2.140242168674870129e+02
2.144891079469572048e+02
2.145142504514723214e+02
2.146608590418912854e+02
2.150917768099907335e+02
2.154462392020106165e+02
2.152790294969816500e+02
2.148273025222037518e+02
2.143710126486908507e+02
2.143545582310008797e+02
2.140551093242430341e+02
2.137526356810522827e+02
2.134471067485388005e+02
2.132192997459974890e+02
2.133932320666652345e+02
2.130840727946111315e+02
2.127313866612232971e+02
2.131832188497207881e+02
2.133567867168890757e+02
2.138149360776661467e+02
2.145201374521883224e+02
2.151516539921086633e+02
2.158299535273825995e+02
2.158686399266495073e+02
2.158269090168176945e+02
2.158251606230482480e+02
2.157425864879278379e+02
2.156591782706339586e+02
2.156961396673083868e+02
2.161375148154616568e+02
2.165833482984467366e+02
2.169124730287343823e+02
2.171237101300339134e+02
2.176199092222577463e+02
2.182019285073310755e+02
2.186282106134653134e+02
2.190587985994603173e+02
2.192917157570296069e+02
2.196077936939695689e+02
2.196038320141104805e+02
2.199634666809202201e+02
2.199226936170915678e+02
2.198007006233253833e+02
2.193542430538634278e+02
2.189840838927906361e+02
2.178425089826178862e+02
2.173762716996136817e+02
2.173901734339533505e+02
2.176466398322760085e+02
2.180269089214912697e+02
2.186938473954441804e+02
2.192867145408540068e+02
2.192391055968217302e+02
2.193122278755776051e+02
2.185376039147251106e+02
2.182400039542672232e+02
2.175757615699686482e+02
2.173088500706749642e+02
2.172412626976520471e+02
2.174154168663149846e+02
2.173085018851663790e+02
2.174025271567333277e+02
2.167702294512457115e+02
2.160103327790365881e+02
2.155255886656927373e+02
2.153187764299923117e+02
2.146250266969626068e+02
2.145303299969316129e+02
2.145154848453863394e+02
2.141368533791780351e+02
2.139160135143205537e+02
2.136121348629514216e+02
2.134668028918700315e+02
2.134816190826966249e+02
2.134561808916129735e+02
2.132688695874879841e+02
2.127968379671592913e+02
2.125624625930898048e+02
2.124065278718084642e+02
2.124510382543515448e+02
2.124555941963144505e+02
2.123793880770845419e+02
2.121812000778645313e+02
2.120214142200656227e+02
2.119004184041068299e+02
2.121418367718247566e+02
2.120624613856817575e+02
2.117398599855370662e+02
2.119796565510471851e+02
2.119390470212609330e+02
2.116556030517772058e+02
2.112076798502808970e+02
2.111592725760422127e+02
2.112719925010517557e+02
2.113454469707599230e+02
2.111772191623825847e+02
2.108456759215993657e+02
2.105915918399994666e+02
2.103753452929271361e+02
2.099548942352813299e+02
2.098130244800816513e+02
2.098717418990724752e+02
2.091633756556292099e+02
2.089327026824539644e+02
2.088209118004582763e+02
2.089100119196549485e+02
2.092424362824790762e+02
2.096994305883639811e+02
2.099590207963267687e+02
2.100192129255832754e+02
2.102820332581646312e+02
2.099818517759244685e+02
2.104463149251755851e+02
2.106730453789644457e+02
2.111040862413797754e+02
2.117415012539179884e+02
2.124257588423418213e+02
2.129553119619613426e+02
2.127629413757188104e+02
2.118413549249692664e+02
2.112336918434024540e+02
2.107411028721237756e+02
2.106071746183069990e+02
2.101890652710161476e+02
2.100495608798152603e+02
2.099086473533483286e+02
2.100491387407563764e+02
2.104334734755122440e+02
2.112661348237489563e+02
2.119051866906546309e+02
2.122678653440955543e+02
2.124321872162598197e+02
2.126385729457158220e+02
2.127662352987027816e+02
2.124103386855579743e+02
2.124952916015736264e+02
2.124194864662363784e+02
2.119388752184210034e+02
2.116958335539606821e+02
2.115715490444036107e+02
2.114864131761662520e+02
2.116024375516831526e+02
2.115580177289724872e+02
2.113111290191644400e+02
2.106577060799633045e+02
2.096744505858218304e+02
2.092469197836586545e+02
2.088150704885433981e+02
2.082172429177221034e+02
2.076537807249723357e+02
2.071250310353252644e+02
2.068333646821463390e+02
2.068619845274214697e+02
2.068908934620407649e+02
2.071625186485257757e+02
2.081237562106334735e+02
2.087310668794268338e+02
2.093445119994202059e+02
2.096813252519409900e+02
2.102639649009491052e+02
2.109737019201508588e+02
2.112865675961126897e+02
2.114409773698104971e+02
2.118797751210209128e+02
2.122826011323441833e+02
2.127299001336810704e+02
2.128988890239205034e+02
2.129887767918388306e+02
2.124331078705444327e+02
2.120738463338831536e+02
2.115897437715993590e+02
2.112623674460593293e+02
2.110528964101622762e+02
2.114069660708705385e+02
2.112393596675466654e+02
2.110700602702480921e+02
2.113030911820698634e+02
2.110132234162305451e+02
2.110032559759912374e+02
2.115184403797889274e+02
2.116347882624137924e+02
2.117927154165797674e+02
2.122350660773528261e+02
2.121970364417697397e+02
2.120374105472434110e+02
2.118357682295387576e+02
2.118341093227659826e+02
2.121152619421880559e+02
2.123992544870592383e+02
2.127669237243024725e+02
2.128150744689912983e+02
2.126616913828195834e+02
2.123451428109288202e+02
2.123486291019486032e+02
2.122713425272193888e+02
2.121124671992127446e+02
2.118307749486988314e+02
2.119906817663632239e+02
2.111825068347105514e+02
2.110934412471827386e+02
2.113267083304873779e+02
2.114815235661488657e+02
2.116783066324727827e+02
2.117558652853271610e+02
2.115109750356838276e+02
2.106979545814986352e+02
2.104019743247459076e+02
2.105070447724715166e+02
2.108556007802734484e+02
2.110460613942159682e+02
2.109152135295107939e+02
2.105810237671819891e+02
2.102838623910933791e+02
2.101453155465580096e+02
2.106922379258170679e+02
2.111638766927443385e+02
2.121655320128730011e+02
2.130156889018926734e+02
2.143188776786789731e+02
2.153928057360398896e+02
2.160331371071106332e+02
2.163163001081924222e+02
2.162386869779724918e+02
2.160390777555281545e+02
2.153930078338673013e+02
2.149020281150170320e+02
2.145677051666835098e+02
2.143512173400846166e+02
2.139305225657427627e+02
2.134247702684268120e+02
2.126714851196219342e+02
2.125166516359829245e+02
2.125218703393759938e+02
2.121635053933083270e+02
2.116803084780902395e+02
2.113538469475662112e+02
2.110644918662291047e+02
2.105297897638668303e+02
2.101513027917850138e+02
2.100518210018030345e+02
2.101533545472761091e+02
2.100538934820966688e+02
2.101150439213094785e+02
2.105808524457673343e+02
2.109705580260276179e+02
2.115662202283113515e+02
2.120062830589003227e+02
2.124103869281828452e+02
2.122529160890734659e+02
2.117302182717915002e+02
2.115658770422123496e+02
2.116423000426401302e+02
2.118811111541813546e+02
2.116778900547286071e+02
2.116746364189185954e+02
2.116713499180988265e+02
2.113447978970692702e+02
2.114593918152214371e+02
2.115347392072945922e+02
2.116916557649443007e+02
2.119713694595389484e+02
2.122943125853935271e+02
2.128629420054469961e+02
2.131544868741899563e+02
2.136105928022123521e+02
2.136672654567797736e+02
2.138861267240198458e+02
2.140263906303237036e+02
2.144913036669931898e+02
2.145164683504984851e+02
2.151883518691900576e+02
2.158670220900903871e+02
2.165525475657483128e+02
2.171641894603518210e+02
2.174587772326789832e+02
2.178775527602811053e+02
2.176540936972539555e+02
2.176708017143974985e+02
2.175664663781790011e+02
2.170166327052327802e+02
2.170673057628619063e+02
2.163508139018789507e+02
2.159099130322019562e+02
2.165150636688909742e+02
2.166010744130207968e+02
2.168495701141621623e+02
2.170197677920828312e+02
2.163836038303867042e+02
2.150541452832192704e+02
2.138728740234543579e+02
2.128008828519735403e+02
2.122837200524986940e+02
2.114785051035344168e+02
2.114732374783170883e+02
2.111850883619360673e+02
2.106920084464003651e+02
2.100727358044457560e+02
2.100128644489354031e+02
2.102352166150861024e+02
2.103386026415012111e+02
2.104026289308088735e+02
2.104673019503124749e+02
2.106538403538511659e+02
2.108826670240926546e+02
2.109117848728197373e+02
2.109816008816366093e+02
2.113753544258947557e+02
2.115306610362576123e+02
2.116875364002594040e+02
2.112803397982417266e+02
2.109498381800435993e+02
2.106564022020644984e+02
2.099963658606719434e+02
2.095316826875474021e+02
2.094259421086328530e+02
2.098443859683161179e+02
2.103882686548651293e+02
2.108972410655192959e+02
2.114517586520402119e+02
2.115674329818582464e+02
2.116842757392508929e+02
2.119235108477279539e+02
2.119227382300286706e+02
2.120431699293215217e+02
2.122456261912340381e+02
2.120056830214481636e+02
2.120865485065129405e+02
2.121278267742554817e+02
2.121695219941979644e+02
2.125348707012102807e+02
2.127422936375859592e+02
2.135174683207934550e+02
2.141388568896900040e+02
2.142816736259501340e+02
2.140622965918685452e+02
2.140023197897662328e+02
2.139013331209760054e+02
2.138801344656320111e+02
2.138183176420524489e+02
2.133518360020733837e+02
2.124361979818921782e+02
2.117941393756489958e+02
2.114688276521713135e+02
2.112614420729000528e+02
2.107287293665660002e+02
2.102310397642078499e+02
2.103343836002104581e+02
2.099539228284957915e+02
2.104181038671663941e+02
2.110485897648147500e+02
2.114026159240555103e+02
2.115177938626816854e+02
2.115533271340229078e+02
2.115892193272948134e+02
2.117870902295917404e+02
2.117849396258496597e+02
2.114191309352021619e+02
2.112516474092949750e+02
2.115269165750448792e+02
2.117645621970157208e+02
2.119238001990057114e+02
2.122058587868749839e+02
2.126523826130043631e+02
2.130630127404085670e+02
2.135181946872812375e+02
2.138971663507898597e+02
2.145223902533226408e+02
2.151135255084070081e+02
2.156702277862700328e+02
2.155456846325958793e+02
2.154198834672678515e+02
2.155352358255239835e+02
2.157325614399238418e+02
2.160530923635583918e+02
2.162152448116756887e+02
2.163790351633085720e+02
2.165444799629382828e+02
2.167115959221598018e+02
2.164359554769295073e+02
2.157534903807364515e+02
2.153065559401379403e+02
2.148955110506448136e+02
2.146419303541861439e+02
2.148706367213999613e+02
2.149804411327271794e+02
2.150913546795221691e+02
2.152841966459820071e+02
2.158022188343250320e+02
2.160022412467934600e+02
2.159618598452455274e+02
2.154766261063091690e+02
2.148652788952618948e+02
2.143689685810729202e+02
2.140292611930033218e+02
2.137669304979821732e+02
2.139059904020025726e+02
2.144504953555588429e+02
2.150005003591508626e+02
2.157176771304542626e+02
2.162400779095501662e+02
2.159596746561108773e+02
2.159592673294052361e+02
2.159184518478840005e+02
2.156347998463483009e+02
2.151462624710582929e+02
2.149356186576353878e+02
2.146420390481160894e+02
2.143050899475920517e+02
2.137627171187814383e+02
2.132148657765456790e+02
2.130251169460059089e+02
2.125102191373796359e+02
2.124345647852313448e+02
2.120753179648805826e+02
2.119548666311924592e+02
2.121968349810030077e+02
2.123200353343457891e+02
2.118788235700465634e+02
2.114735591616635304e+02
2.113470294562257834e+02
2.112596257133596112e+02
2.115349754680403578e+02
2.112474499677173299e+02
2.110782322906234185e+02
2.110285174652762805e+02
2.111803206719962418e+02
2.113336572444403600e+02
2.112461184287276126e+02
2.110768873017449323e+02
2.109867548502477916e+02
2.106532877275230931e+02
2.101144320480028682e+02
2.100953859070737622e+02
2.101973595020953951e+02
2.099771308101966554e+02
2.098758897072702041e+02
2.095716057649188144e+02
2.096278846110293443e+02
2.091190753646762346e+02
2.090091670350270476e+02
2.087769363990169893e+02
2.084615519181983245e+02
2.080621736547458624e+02
2.076991653078243303e+02
2.075345104119433302e+02
2.075298084969124091e+02
2.070402106029421816e+02
2.064244551544873048e+02
2.057620759136243578e+02
2.052142180945694463e+02
2.043375940349190500e+02
2.038157515504229025e+02
2.034502540913368023e+02
2.030810647387247911e+02
2.026273381199232233e+02
2.024114526463870050e+02
2.021125784306946400e+02
2.013258367986811948e+02
2.005715523219001000e+02
2.000520730524241344e+02
1.998505788408328669e+02
1.992430089301336125e+02
1.986293019496300758e+02
1.980902039895252074e+02
1.976668727166925521e+02
1.980473461784773122e+02
1.981892385641189378e+02
1.985345844082007432e+02
1.983581660688892612e+02
1.979375414837264771e+02
1.973914560441682227e+02
1.969610667112811768e+02
1.970919865770516424e+02
1.974262490677289748e+02
1.976022717855847759e+02
1.976184563490749611e+02
1.977964205546224434e+02
1.980973944996181899e+02
1.980377722218368604e+02
1.977755274968046422e+02
1.973490176735396062e+02
1.971202198722629362e+02
1.967678988608709858e+02
1.965332311725974535e+02
1.963365971440376256e+02
1.960571688323613841e+02
1.963001705377388362e+02
1.958991621593318939e+02
1.956153153124571702e+02
1.954498134469263562e+02
1.953230438857844717e+02
1.954374180664487426e+02
1.959569879459081392e+02
1.963201898443505229e+02
1.965658483276271795e+02
1.965311599268956115e+02
1.965769292190868498e+02
1.962595244637242047e+02
1.956560853168935523e+02
1.952081669867611993e+02
1.946749161482433692e+02
1.944595112608519685e+02
1.939186982432849220e+02
1.941805032760454139e+02
1.942833366424697772e+02
1.941043804469394729e+02
1.938428085322622678e+02
1.937806146790518085e+02
1.933945602818710086e+02
1.933682427089605369e+02
1.927760027363240454e+02
1.922989926629533386e+02
1.919383764272260180e+02
1.914125014416422346e+02
1.908813145875175508e+02
1.905063783712301415e+02
1.903296751224547165e+02
1.895855304267219310e+02
1.892379095219412477e+02
1.888463732544861386e+02
1.882084578328145028e+02
1.876853109422368391e+02
1.873993039820571482e+02
1.871104080626843142e+02
1.863741495582670495e+02
1.855496460184513978e+02
1.851208545640920420e+02
1.853746005697903172e+02
1.853076773432223945e+02
1.854825023668917368e+02
1.852550528958500706e+02
1.847020736321713912e+02
1.841031046789613868e+02
1.839425299787487234e+02
1.836187171502510296e+02
1.833724415659102647e+02
1.832852945110201972e+02
1.828740348596169270e+02
1.824586210703195661e+02
1.821198192629495338e+02
1.818584032959086016e+02
1.817155588847556373e+02
1.815308675603592121e+02
1.814251187478381553e+02
1.811566856038766389e+02
1.812087733372493972e+02
1.810189629669183660e+02
1.806252151180993337e+02
1.801062778970702141e+02
1.799861392899697137e+02
1.794203427171409260e+02
1.788084269870112735e+02
1.789580070575869115e+02
1.794727344016035602e+02
1.798714488905082476e+02
1.804358069601098862e+02
1.811674817778888666e+02
1.811792745231204265e+02
1.814336106294139483e+02
1.810440511408222903e+02
1.803677284250730963e+02
1.802502307323967159e+02
1.802123542751486696e+02
1.799720750254022619e+02
1.794869444701034809e+02
1.785928732021246503e+02
1.779725991940651966e+02
1.771036355495608916e+02
1.757814500500611530e+02
1.746479293434965427e+02
1.736241710540368501e+02
1.727516879333707038e+02
1.723148362963339935e+02
1.722776124205395547e+02
1.721592044651915501e+02
1.722012166315067816e+02
1.726072895267743377e+02
1.722901914411859252e+02
1.719698903446324323e+02
1.711615053986184876e+02
1.705873791905237056e+02
1.703306860510340641e+02
1.700714000515497446e+02
1.698903030823730944e+02
1.694649526084575371e+02
1.691969218267250028e+02
1.687645675017421922e+02
1.687722904058003337e+02
1.690225155614143944e+02
1.689520359206205740e+02
1.689616524450710244e+02
1.684461135808801657e+02
1.680465793746265319e+02
1.676834135097238629e+02
1.669125388987107499e+02
1.660934736350614571e+02
1.654277511465266741e+02
1.643512637843703033e+02
1.632234987720911761e+02
1.623671704768598261e+02
1.615021924008681822e+02
1.605880731321900612e+02
1.597455284163536930e+02
1.587328569862159497e+02
1.587604616022385642e+02
1.586267288911497815e+02
1.582492211021714752e+02
1.579891122244156634e+02
1.574435477014300204e+02
1.561651996984143125e+02
1.555608077761759773e+02
1.551523310870463774e+02
1.543356879667137775e+02
1.536320080471853657e+02
1.525979879264498891e+02
1.519171595216666049e+02
1.511082419410771251e+02
1.503315575162396556e+02
1.487389469861007285e+02
1.474130777637380447e+02
1.459526038017555720e+02
1.445985896987427850e+02
1.435945350492352475e+02
1.425399343931668170e+02
1.418787216092595145e+02
1.414128501103632232e+02
1.408614647579424854e+02
1.403045098565077069e+02
1.398227372287958872e+02
1.392148860896928397e+02
1.381968546360534447e+02
1.374513683192458871e+02
1.362943114335819246e+02
1.354083953874560109e+02
1.344731266539961041e+02
1.332859865191880715e+02
1.322484712315031459e+02
1.311196679106088823e+02
1.295350180915243357e+02
1.280959778702267045e+02
1.269656342123500536e+02
1.254602365781314290e+02
1.241416531092235118e+02
1.226885384941650585e+02
1.208975136304699447e+02
1.194924380105755688e+02
1.187196343541166925e+02
1.179794286405218600e+02
1.172317461015373254e+02
1.161532788904415554e+02
1.151447261519612937e+02
1.142876021736982182e+02
1.135430324986850934e+02
1.131141742410960092e+02
1.119941153950464638e+02
1.102970862576227802e+02
1.086233194521442300e+02
1.066902216688325495e+02
1.050608299685177514e+02
1.036574040086037769e+02
1.026842464733370406e+02
1.015396429023607254e+02
1.004238817195562490e+02
9.957967850460212844e+01
9.864613990363866947e+01
9.758195949862486884e+01
9.650702979659067182e+01
9.554245433999061277e+01
9.432571145453593431e+01
9.325829439852128644e+01
9.153363070557699643e+01
9.007437445007782628e+01
8.904482267684629448e+01
8.776244714832961336e+01
8.662873449326224318e+01
8.511993383157822279e+01
8.339387255714960645e+01
8.144835611833310907e+01
7.948318799831619685e+01
7.729614949324869144e+01
7.472338332651388271e+01
7.196301346112505826e+01
6.949799339507579532e+01
6.733130645967264627e+01
6.558717824209360003e+01
6.350220024453896883e+01
6.115373762074649022e+01
5.849872486944089189e+01
5.642295441357666164e+01
5.456864082179460951e+01
5.301882911292383938e+01
5.133215061911499788e+01
4.930520264557071641e+01
4.713656832885938286e+01
4.514804881702967521e+01
4.289701900710068827e+01
4.082527172434417650e+01
3.881340578216580894e+01
3.645798563855134233e+01
3.403836933187004377e+01
3.215996902209094799e+01
3.034340305261709148e+01
2.834687177032031258e+01
2.600694118214172690e+01
2.332014260822395357e+01
2.084862889719589774e+01
1.859457464363222456e+01
1.635815620568910944e+01
1.401833960170616855e+01
1.177610060778400047e+01
1.015767738160000100e+01
7.916845839999998802e+00
6.017015999999995479e+00
4.138399999999998968e+00
2.160000000000000142e+00
