1.656875069792008048e+02
1.663914211911131815e+02
1.669408294859722162e+02
1.676574035211843920e+02
1.682600035567513146e+02
1.689899025825771162e+02
1.699291945278563389e+02
1.707567621493493846e+02
1.708250122720703530e+02
1.712171841132017676e+02
1.714517011244457763e+02
1.711633344691381353e+02
1.707508428981188615e+02
1.699301443415352253e+02
1.697880245874084437e+02
1.696040652398062605e+02
1.702667325654610693e+02
1.705320530964255283e+02
1.703152051479047770e+02
1.700961668160651357e+02
1.704001685010763651e+02
1.706264328293704580e+02
1.708953866963345831e+02
1.711670572690239283e+02
1.714010679485089668e+02
1.716374423722307938e+02
1.716337801739713314e+02
1.719129092666363476e+02
1.723160699663010007e+02
1.723596666326264994e+02
1.727269359925520291e+02
1.724110464571227510e+02
1.720919661183053790e+02
1.719312789073796637e+02
1.719709887953333975e+02
1.720515038336701537e+02
1.720520240744140494e+02
1.716889132064796399e+02
1.717261749560397845e+02
1.713597726828685666e+02
1.709896693766348506e+02
1.709390599763982266e+02
1.709283434105041977e+02
1.712003468792954948e+02
1.713134816962605669e+02
1.716297794911719166e+02
1.717472520112846439e+02
1.719063151629133017e+02
1.721881971342560007e+02
1.724729263982377461e+02
1.728009357557963313e+02
1.732130664199950729e+02
1.736697640606019490e+02
1.740906707682852641e+02
1.744754250184694229e+02
1.743388131499691269e+02
1.746048617676460992e+02
1.752776381491367772e+02
1.759572102516549705e+02
1.765628386380348047e+02
1.771745844828618885e+02
1.778329136190533575e+02
1.782554683020743198e+02
1.789247154566401434e+02
1.795199146026673418e+02
1.795150652552190138e+02
1.799142073285040624e+02
1.800345528570752549e+02
1.802773261182574913e+02
1.808053799174324467e+02
1.817832120378099034e+02
1.823668808462732613e+02
1.825120008548219630e+02
1.824565665200217381e+02
1.823601682020423596e+02
1.825860284869102941e+02
1.830565944312236013e+02
1.833702974052768297e+02
1.833235327326028425e+02
1.833166997299002787e+02
1.831077775049499508e+02
1.830179570757071019e+02
1.826848051269778921e+02
1.822674799262400143e+02
1.824924039659004791e+02
1.827600040059590469e+02
1.827070747534950783e+02
1.827344189429239520e+02
1.825196150938616029e+02
1.822218334281429861e+02
1.822038721496402616e+02
1.825897698481211080e+02
1.831411816647679984e+02
1.834557390553215726e+02
1.832886253084068358e+02
1.832006316246536528e+02
1.828289208329828739e+02
1.824130513464473893e+02
1.819929811580271917e+02
1.816494759171997089e+02
1.816257332496972197e+02
1.817229628784810984e+02
1.813767301802838574e+02
1.817138688689745436e+02
1.822564332009840200e+02
1.826832658595800183e+02
1.831144099591730310e+02
1.831054646052241139e+02
1.830964288941658253e+02
1.830468978728950731e+02
1.830776746190853714e+02
1.827451258778644103e+02
1.826920463412769777e+02
1.831636831730073425e+02
1.831552355282901487e+02
1.834295308366559425e+02
1.834641725622795718e+02
1.828526995578586423e+02
1.818714136948071882e+02
1.812438522169759381e+02
1.802059113302796050e+02
1.800463750810895078e+02
1.803700758394845707e+02
1.804546220600851427e+02
1.804996182425112465e+02
1.807470891338493288e+02
1.810778678119682183e+02
1.811695634464334717e+02
1.813429933802348444e+02
1.815585791719551025e+02
1.815743223959144643e+02
1.815094165615297470e+02
1.816054712742729578e+02
1.815812841154258308e+02
1.811124081974004412e+02
1.806387961589900897e+02
1.807260567262528923e+02
1.809758148750034081e+02
1.811068837121256649e+02
1.814008926385095890e+02
1.817786794328381745e+02
1.819178580129673719e+02
1.822200585989565980e+02
1.827273319181377644e+02
1.833609413314526648e+02
1.836373144762151810e+02
1.841993075517317493e+02
1.847265732845777109e+02
1.848147204894728191e+02
1.850653742317909973e+02
1.853589638704952165e+02
1.850898624954500349e+02
1.851412752479290020e+02
1.849911871191205250e+02
1.848395829486072728e+02
1.849288716652606581e+02
1.849786582477373997e+02
1.850289477249872903e+02
1.851605532575632935e+02
1.850510638965281771e+02
1.849404685823511727e+02
1.843035036185380591e+02
1.843065693116534760e+02
1.846328982945997268e+02
1.844776750450516261e+02
1.847249242879298379e+02
1.848130548362915704e+02
1.839323786225176036e+02
1.833660390126446771e+02
1.828343828410541505e+02
1.824993766071255266e+02
1.823226026334610594e+02
1.820228309428898967e+02
1.814776070130194796e+02
1.810884919323436861e+02
1.804126181134793683e+02
1.798107253671491605e+02
1.798088135021723133e+02
1.796856702042137215e+02
1.796420911153664690e+02
1.800425162781485540e+02
1.805277942203518649e+02
1.811391860811643255e+02
1.815547334153177133e+02
1.820956903185025624e+02
1.826421114328312285e+02
1.823859711442736398e+02
1.824504759033076198e+02
1.820307837407131331e+02
1.817280643845605539e+02
1.816647114995552670e+02
1.813986984843992900e+02
1.811704025094950055e+02
1.813034368782784327e+02
1.814378150285634490e+02
1.812099141702663587e+02
1.811009234043096114e+02
1.813948721255651151e+02
1.812877496217833198e+02
1.806542925472558636e+02
1.800952449972282068e+02
1.790457020174017373e+02
1.781471737549509271e+02
1.774011856110618339e+02
1.773345309202646263e+02
1.771459908285512483e+02
1.772383745742932035e+02
1.774529036103966462e+02
1.776291955660580300e+02
1.777264601677351550e+02
1.780671314825598586e+02
1.777647792753138560e+02
1.776613932073875617e+02
1.777589830377648923e+02
1.778575586240056907e+02
1.780379380040460831e+02
1.783817555596422153e+02
1.782441975349923950e+02
1.782264621565587106e+02
1.782893557136956701e+02
1.781912683976720189e+02
1.778093620178502192e+02
1.779488505230806084e+02
1.783725762859405961e+02
1.786793699857986439e+02
1.789488585715137674e+02
1.788978369409235256e+02
1.789675120615397077e+02
1.789974869308466054e+02
1.792701888190366901e+02
1.793840291101398918e+02
1.797414435455947341e+02
1.806681247935300121e+02
1.814425502964948862e+02
1.818611619156507118e+02
1.826072342582332624e+02
1.823507416749830270e+02
1.823744865403873803e+02
1.828025116569568524e+02
1.829116279363193485e+02
1.830218464003228291e+02
1.834564105053765388e+02
1.834913237428057187e+02
1.834861855987933552e+02
1.834001874735288879e+02
1.836365530035650977e+02
1.841581343470338368e+02
1.841597316636716926e+02
1.833936683471430342e+02
1.828622912597415393e+02
1.825679709694346400e+02
1.826343141105394920e+02
1.827821354651915726e+02
1.828506418840321999e+02
1.826774160444778374e+02
1.824620364085633355e+02
1.821636731399634073e+02
1.822663365050127595e+02
1.825316530353658777e+02
1.827592454902687678e+02
1.825850964548179434e+02
1.826920166210278467e+02
1.831636531525534792e+02
1.838016698510644744e+02
1.844865352030944337e+02
1.846126618213073698e+02
1.845380422437453376e+02
1.843414568118643331e+02
1.840216735473386507e+02
1.839410843912500866e+02
1.835768529204549111e+02
1.835725787075306528e+02
1.829217966742723434e+02
1.828300976507806297e+02
1.824142400512941151e+02
1.824790303548421662e+02
1.826656872271123859e+02
1.827330174011241866e+02
1.829626438395209789e+02
1.828309533732521857e+02
1.827787407810639593e+02
1.825239805869327085e+02
1.820242228150840447e+02
1.818830533485687226e+02
1.819424781298674247e+02
1.823661395251188537e+02
1.825516560859803974e+02
1.830218748343221762e+02
1.831332069033552727e+02
1.830840473771268933e+02
1.825899468455826309e+02
1.823736836824074885e+02
1.818320037196030512e+02
1.817697007268719744e+02
1.818279805321935498e+02
1.821696773052464380e+02
1.827168457628750673e+02
1.835523694574500269e+02
1.839922923812623026e+02
1.844770630113752077e+02
1.843606697084599091e+02
1.845663330388484553e+02
1.846124576149982488e+02
1.848610682979780506e+02
1.851121901999778459e+02
1.854062527272504610e+02
1.853800532598493476e+02
1.853535891513624563e+02
1.852864536882451034e+02
1.851782360487321171e+02
1.848265010593264321e+02
1.843500010700267637e+02
1.842727283535626839e+02
1.839522508621837460e+02
1.840325766284691440e+02
1.843965420489579969e+02
1.843601434837955821e+02
1.846062055391878403e+02
1.849355611506959747e+02
1.854298597481773641e+02
1.852826866143207099e+02
1.852956430447685250e+02
1.856319626714827677e+02
1.856484471429128575e+02
1.857863102453663942e+02
1.859255659044098081e+02
1.863086524286973429e+02
1.867764165946433650e+02
1.870872894895391028e+02
1.870780701914540600e+02
1.870687577691457477e+02
1.867765229991354943e+02
1.864005282819552747e+02
1.865863922039960414e+02
1.864913052565616169e+02
1.862740457136984560e+02
1.864182279936352700e+02
1.865234626198339072e+02
1.864277400200343209e+02
1.864522626464988946e+02
1.869618814611103517e+02
1.873554358193027554e+02
1.881166018376801787e+02
1.884006079168482017e+02
1.882430382998470009e+02
1.887707457574213947e+02
1.892633795529510792e+02
1.896397773262139026e+02
1.899795730567812200e+02
1.899591647038189706e+02
1.897365300038579790e+02
1.893500303069275219e+02
1.888384144514410252e+02
1.885236509610519988e+02
1.881248999606591781e+02
1.883281817784430814e+02
1.886143250287306614e+02
1.886609343724553014e+02
1.889100347196520033e+02
1.892828633531838136e+02
1.890938013668518352e+02
1.892260619867195430e+02
1.891172343300198690e+02
1.893709437676964455e+02
1.894655997653499071e+02
1.894804038033832398e+02
1.892933371751346101e+02
1.894276133082172180e+02
1.897652659678960845e+02
1.904295615837343689e+02
1.907773349330660153e+02
1.910074090232969013e+02
1.910781909326246080e+02
1.907456474066911198e+02
1.904905529360518699e+02
1.901116696323750546e+02
1.899309794266422386e+02
1.898696761885271656e+02
1.896461375641686118e+02
1.896223611759278640e+02
1.898003648241693782e+02
1.898993584082514587e+02
1.905246044527810909e+02
1.907925297502831370e+02
1.911035654043262468e+02
1.910541064690159203e+02
1.908829358272894012e+02
1.907504402295853936e+02
1.908590305349351581e+02
1.906858894292273305e+02
1.905918075042703208e+02
1.903755631356266065e+02
1.899955183188146748e+02
1.900560791099123037e+02
1.902384637473872999e+02
1.906247108559474555e+02
1.914593038948949584e+02
1.918174786817122595e+02
1.920984633148615046e+02
1.927863265806680033e+02
1.929558854350187858e+02
1.931675610454724961e+02
1.937854151974479180e+02
1.942074900984319186e+02
1.947550405034663470e+02
1.947424651550176407e+02
1.947297627828452562e+02
1.947573361442880469e+02
1.946639759033219832e+02
1.942464403063856935e+02
1.940267073801879576e+02
1.943704114951391375e+02
1.942327388839784135e+02
1.939320594787662060e+02
1.939919792714804885e+02
1.936484639105864005e+02
1.934630948591786819e+02
1.929526210698772388e+02
1.926390111816944284e+02
1.922414254360548966e+02
1.922034600364187895e+02
1.919630909458778945e+02
1.920839302483613551e+02
1.925292224730933981e+02
1.928982045182749800e+02
1.931092974932076629e+02
1.932821186800074145e+02
1.933354734141490781e+02
1.935509832466149476e+02
1.938494780268841282e+02
1.942317959867512798e+02
1.948603999866176650e+02
1.953741414006243247e+02
1.957718600006315341e+02
1.957291515157874642e+02
1.958072237533210114e+02
1.955224482356780129e+02
1.949923719552303965e+02
1.946993656113451152e+02
1.941609753649940728e+02
1.938191670353479878e+02
1.935547141771200472e+02
1.932875900778986704e+02
1.933814041190889839e+02
1.934761657768584939e+02
1.938143088655124586e+02
1.934689988540539218e+02
1.933222210647006420e+02
1.932547687522232422e+02
1.929038068204272065e+02
1.921856634549765772e+02
1.919855186413916499e+02
1.919853723650414281e+02
1.922276488535767669e+02
1.925935847005833921e+02
1.928420047480641415e+02
1.929717219677407911e+02
1.929007292603438373e+02
1.931926558185307385e+02
1.932855109278083319e+02
1.933388999270782733e+02
1.931908080071499967e+02
1.929200080880306700e+02
1.928080889778087794e+02
1.928162514927360576e+02
1.926628802956933839e+02
1.922655356522153340e+02
1.924702380325408058e+02
1.924749879116570526e+02
1.926009978905634625e+02
1.925666645359217739e+02
1.924107722585071087e+02
1.920512851096027305e+02
1.922134193026293758e+02
1.923771912147776675e+02
1.926638295098763081e+02
1.925897267776524586e+02
1.927168957350023959e+02
1.927241371060625283e+02
1.927718556626896032e+02
1.926584400633229563e+02
1.924226667306290892e+02
1.927501684147769652e+02
1.921112812270473000e+02
1.920720012394414482e+02
1.917494962014566795e+02
1.910196931327848233e+02
1.907269627603889717e+02
1.903100633943323601e+02
1.897273367619515057e+02
1.894619563252039995e+02
1.889514710355591092e+02
1.890418899349083972e+02
1.891332221564717599e+02
1.893870930873463294e+02
1.896839324114600345e+02
1.897009418297584205e+02
1.899201432623818846e+02
1.902627709721030556e+02
1.905280514869727710e+02
1.908364156434069514e+02
1.913499147913206571e+02
1.915857725164848944e+02
1.921068409257434553e+02
1.921887282078205601e+02
1.924734628361829039e+02
1.930439018547297110e+02
1.931352543987173931e+02
1.937123781805228759e+02
1.940933112934567077e+02
1.945184962560176132e+02
1.944631275313309118e+02
1.942859874053837075e+02
1.941878660660451033e+02
1.936039051172175505e+02
1.936605102194120036e+02
1.935560709286973804e+02
1.936930009380789954e+02
1.939525262000798875e+02
1.942146729293739895e+02
1.943582554842158743e+02
1.945032883678948110e+02
1.941649377453482259e+02
1.938635734801501940e+02
1.938419934142935404e+02
1.936585792063568476e+02
1.935945244508656913e+02
1.934490145968339050e+02
1.931808228250851016e+02
1.931119422475598810e+02
1.931231739874349387e+02
1.929729030176108040e+02
1.930635384016278806e+02
1.927914529309366856e+02
1.929610635666032294e+02
1.928091551177808185e+02
1.926961162805860681e+02
1.929455720005923354e+02
1.927531030309022810e+02
1.927203060918189408e+02
1.922023293856763075e+02
1.918003327128041917e+02
1.911114471846508707e+02
1.907388355400520368e+02
1.906856924646985760e+02
1.911976691562609858e+02
1.915936052083442291e+02
1.921551567761052866e+02
1.927223805819247389e+02
1.932145258403278376e+02
1.937520463033610270e+02
1.945374205084462744e+02
1.950074954630766797e+02
1.949974701647237225e+02
1.948257274391152976e+02
1.944098256960760125e+02
1.939897229253295166e+02
1.936057807326557167e+02
1.929351320531879423e+02
1.922981131850382042e+02
1.918970840252915764e+02
1.916536202275670178e+02
1.913672931591589474e+02
1.911588819789487843e+02
1.909483656353013714e+02
1.906145107427288963e+02
1.905197078209382369e+02
1.908683917383211224e+02
1.912205977154758614e+02
1.916975734499759767e+02
1.921389630807836397e+02
1.929080435159437457e+02
1.933616601171141554e+02
1.936986465829437520e+02
1.931501480635787402e+02
1.927981293571508274e+02
1.924021508658094888e+02
1.918809604705135996e+02
1.916777378490041599e+02
1.918360988373778184e+02
1.923596957953313620e+02
1.928481775710412194e+02
1.935032096677193749e+02
1.938820299673923842e+02
1.945071009771644412e+02
1.946536373506714028e+02
1.950036740915871860e+02
1.951956303955419685e+02
1.951471014096389922e+02
1.952192943531705396e+02
1.947265599526981532e+02
1.951985454067660157e+02
1.949480256633999318e+02
1.946949754175763019e+02
1.944797731490659771e+02
1.942623971202689859e+02
1.943256536568371757e+02
1.944299531887239709e+02
1.945353062512366762e+02
1.945205113648862323e+02
1.943035468332171547e+02
1.940843907406244853e+02
1.938630209501249055e+02
1.938818393435611256e+02
1.940220599429906372e+02
1.940424847908989534e+02
1.938610957483838035e+02
1.934354502508924156e+02
1.931267174251436529e+02
1.926936539647913662e+02
1.924582363280732977e+02
1.924628649778513534e+02
1.922251161392434824e+02
1.921465819588322006e+02
1.921076585442749547e+02
1.925127864083583233e+02
1.932856428367261117e+02
1.937430735724501289e+02
1.942859329014649177e+02
1.949554877792572825e+02
1.950257452315736373e+02
1.949350961935069506e+02
1.944394911045532126e+02
1.941813041460137299e+02
1.937588930767823570e+02
1.930089829058398720e+02
1.921706898038794407e+02
1.916471614180595111e+02
1.916031933515754417e+02
1.918820134864397460e+02
1.921636499863024881e+02
1.924481312992957953e+02
1.924526578780765362e+02
1.923764220990675256e+02
1.925418405041083929e+02
1.928705459637463946e+02
1.929197433977227831e+02
1.926058014118421511e+02
1.925311125372140566e+02
1.929001136739534843e+02
1.925859734080332544e+02
1.925110842505391702e+02
1.927182669197366636e+02
1.927255221411477351e+02
1.926116385264129462e+02
1.927794328549623515e+02
1.929893261161231521e+02
1.930397233496193792e+02
1.930502256056761041e+02
1.935456824299758694e+02
1.935612953838138424e+02
1.930114094786001715e+02
1.922539489682827707e+02
1.916100494629121158e+02
1.912424742049619510e+02
1.909115901060221177e+02
1.909005960666894453e+02
1.908490869360501847e+02
1.908778655919697087e+02
1.909069349413838097e+02
1.907746817589732871e+02
1.906410926858312394e+02
1.908293865513452943e+02
1.906559460114593776e+02
1.903999454661208119e+02
1.903029752183041978e+02
1.903666416346505912e+02
1.906733753885361864e+02
1.913468438268038767e+02
1.919867109361653377e+02
1.921481928648136375e+02
1.922304978432457290e+02
1.918287857002488863e+02
1.913018037376245672e+02
1.908099027652780251e+02
1.906766694598769334e+02
1.903400701614912691e+02
1.894748183449410988e+02
1.888432508534759791e+02
1.888921725792685038e+02
1.888203763426954254e+02
1.885458346895923114e+02
1.876220552420118395e+02
1.874970254969827010e+02
1.872899247444265995e+02
1.856665906509359161e+02
1.845117077282176297e+02
1.835471795234535364e+02
1.831385651752044907e+02
1.827258234092984708e+02
1.820664882922201571e+02
1.817237255476969722e+02
1.818219449976739668e+02
1.817595404016909129e+02
1.817773135370622128e+02
1.817144581182436696e+02
1.820954122406508873e+02
1.823185982228791602e+02
1.823420184069484833e+02
1.818808266736851920e+02
1.818998249229149167e+02
1.819594191140550947e+02
1.824236556707632246e+02
1.833370259300637883e+02
1.833303292222861387e+02
1.836467971942288671e+02
1.839664618123531454e+02
1.844105674872243696e+02
1.848995631184094464e+02
1.851106698165746707e+02
1.853643129460351986e+02
1.853376898444802521e+02
1.853107978227066326e+02
1.852836341643506728e+02
1.854582163276270421e+02
1.859577942703299698e+02
1.858563578488183623e+02
1.857538968169883731e+02
1.852867644616040366e+02
1.842896610723276467e+02
1.832420818912396783e+02
1.821031130214548739e+02
1.811546596176312107e+02
1.804794541592239341e+02
1.800802567264883294e+02
1.796366229560491661e+02
1.788248716727770216e+02
1.780857289624005375e+02
1.778239686488897746e+02
1.782464329786762107e+02
1.785923565441175640e+02
1.793862187314325354e+02
1.797840593246788501e+02
1.795798579037164870e+02
1.794139978825419917e+02
1.790444423055973004e+02
1.789539821268660660e+02
1.791050324513800547e+02
1.792172044963434701e+02
1.788456611074179534e+02
1.783087485933511971e+02
1.781704531245972873e+02
1.779903566915122326e+02
1.785761178702146879e+02
1.788041594648631758e+02
1.787112721867308665e+02
1.785770426128588326e+02
1.781586289018777336e+02
1.775339685877552256e+02
1.773474430179351771e+02
1.774014575938732321e+02
1.771731894887617784e+02
1.773466560492537383e+02
1.772390465143977849e+02
1.774939863781794998e+02
1.780747337153331955e+02
1.785805391063969125e+02
1.787682213195928398e+02
1.789577993127201694e+02
1.788664639522427251e+02
1.789358221739825012e+02
1.790462850242251136e+02
1.790366515396213742e+02
1.784612641814355527e+02
1.782841052337736301e+02
1.779435406401747173e+02
1.779631723638132144e+02
1.779021943068815688e+02
1.774365599059414365e+02
1.775722827332737097e+02
1.773861441750243841e+02
1.772385294697213851e+02
1.769682115855777056e+02
1.767355672581587953e+02
1.767025931900594458e+02
1.767500941313732028e+02
1.769192870013873176e+02
1.766053404054419218e+02
1.764902428337798028e+02
1.762931745795756342e+02
1.759729036157328892e+02
1.754069733492248702e+02
1.750777508578029540e+02
1.747856069270737009e+02
1.747733403303776640e+02
1.743165053842198802e+02
1.745419246305250169e+02
1.746888127581064225e+02
1.745947603617232460e+02
1.742169296583063272e+02
1.738352824831377461e+02
1.734497802859975479e+02
1.728179598848458340e+02
1.726242019038845967e+02
1.727517190948334189e+02
1.726381000957911738e+02
1.722405051472636899e+02
1.716368738861249881e+02
1.711483574607327967e+02
1.710589469300329029e+02
1.711302494242758598e+02
1.709194438629046715e+02
1.707873170332372297e+02
1.706942596295324961e+02
1.703578380096288356e+02
1.695331697066960714e+02
1.689021916229247324e+02
1.690729208312372123e+02
1.691645664961993702e+02
1.691763297941405426e+02
1.689861917112530421e+02
1.690365572840939876e+02
1.688854113980747513e+02
1.685307185839137389e+02
1.684956753372871390e+02
1.685410861992791354e+02
1.683849355548278197e+02
1.679847833887147885e+02
1.677826094835502317e+02
1.678612217005558023e+02
1.679406279803593804e+02
1.682632605862217758e+02
1.683871319052740603e+02
1.678253857629034371e+02
1.671367532958619222e+02
1.668856093897595656e+02
1.667127367573325216e+02
1.664573098558916229e+02
1.657144543998905988e+02
1.652873276766570427e+02
1.648558865420778545e+02
1.647029156990690524e+02
1.642251673727967045e+02
1.638638054270674900e+02
1.630543489162295714e+02
1.623175241578078385e+02
1.619772971290988153e+02
1.612295930596963558e+02
1.607167606663595905e+02
1.607240006730903872e+02
1.608929299728191040e+02
1.607403333058773853e+02
1.603437710160377776e+02
1.596603747636751791e+02
1.592124997612874893e+02
1.584772724861488769e+02
1.578154267536859834e+02
1.575913401552380151e+02
1.574053940962004674e+02
1.573791859557580608e+02
1.572719050058159951e+02
1.570423282887027199e+02
1.566084124128314556e+02
1.555640529422536815e+02
1.549535888305593119e+02
1.544985745763228238e+02
1.533520955316389802e+02
1.528000964966050503e+02
1.518788853501062874e+02
1.514332175253601349e+02
1.504981995205652936e+02
1.497557570914803762e+02
1.492482394863436923e+02
1.488164035215591809e+02
1.482589934561205780e+02
1.482212055112325970e+02
1.476577833446794159e+02
1.470078619643225579e+02
1.469978403680025849e+02
1.467452933010128504e+02
1.465710033343563907e+02
1.457888922569258057e+02
1.446756487443691128e+02
1.436319684286559379e+02
1.425777458875309662e+02
1.411896423106373675e+02
1.396259013238763771e+02
1.385312134584606838e+02
1.376678923822837817e+02
1.367958508911952720e+02
1.363594453446416708e+02
1.360398437824664484e+02
1.356766098812792620e+02
1.350268786679585560e+02
1.349766451191500494e+02
1.341582273930809492e+02
1.336143711041220570e+02
1.329842132364871645e+02
1.317820335722092580e+02
1.305677106789992763e+02
1.292603138171707542e+02
1.282629432496678703e+02
1.270938820703712366e+02
1.261958404751225657e+02
1.250867075506290860e+02
1.240875833844738025e+02
1.232399832166402263e+02
1.219393769865053088e+02
1.207872494813184545e+02
1.198659085669883098e+02
1.195413217848365974e+02
1.190922442271074999e+02
1.185578224516236929e+02
1.182200226784075880e+02
1.176767905842502699e+02
1.167240308931822312e+02
1.157616473668505961e+02
1.147491387543947212e+02
1.139284229842368177e+02
1.130590131153910392e+02
1.121808213286778795e+02
1.110109306350280747e+02
1.099504349848769067e+02
1.088388232170475760e+02
1.078371951687350219e+02
1.069062577461967010e+02
1.064103613597947202e+02
1.059094559189845342e+02
1.047974302211965352e+02
1.041994244658551168e+02
1.033125499655102573e+02
1.020934848136465121e+02
1.012661462764105949e+02
1.005112588650612082e+02
9.999117057076890092e+01
9.930421269774622317e+01
9.800425525024877516e+01
9.620631843459476329e+01
9.491547316625729991e+01
9.397522542046192484e+01
9.334871254592104606e+01
9.287748742012229286e+01
9.167422971729520498e+01
9.078205021949011666e+01
8.980005072675763245e+01
8.909096033005828019e+01
8.853632356571546325e+01
8.769325612698527550e+01
8.663965265352040035e+01
8.537338651870751960e+01
8.364988537243183941e+01
8.190897512366845490e+01
8.031209608451369775e+01
7.882029907526626289e+01
7.771747381340031779e+01
7.684593314484882853e+01
7.568276075237258738e+01
7.470985934583090682e+01
7.372713065235434726e+01
7.273447540641856790e+01
7.152977313779662438e+01
7.043411428060265678e+01
6.908496391980071394e+01
6.772218577757645619e+01
6.642645028038030830e+01
6.503681846503066311e+01
6.379476612629368759e+01
6.262097588514507862e+01
6.151613725772235597e+01
6.048094672497212798e+01
5.882923911613352175e+01
5.728205971326615042e+01
5.608288859925882974e+01
5.487160464571605445e+01
5.397131782395559441e+01
5.290032103429859234e+01
5.198012225686730403e+01
5.080820429986591336e+01
4.926081242410707262e+01
4.785940648899706673e+01
4.628222877676470404e+01
4.460831189572192557e+01
4.336193120779996946e+01
4.206255677555546413e+01
4.095207755106617498e+01
3.970916924350117228e+01
3.837289822575881004e+01
3.686151335935226570e+01
3.476920541348710003e+01
3.314061152877493299e+01
3.157637528159076723e+01
3.035997503190989022e+01
2.888886366859583532e+01
2.736248855413720804e+01
2.590150359003759561e+01
2.398131675761370829e+01
2.244577450264011631e+01
2.089472171983848625e+01
1.924719365640251212e+01
1.770423601656819201e+01
1.598407678441230750e+01
1.428694624688112569e+01
1.289590529987990308e+01
1.145040939381809508e+01
9.828696357392011862e+00
8.150198340799997609e+00
6.575957919999998680e+00
4.905007999999992485e+00
3.419199999999999129e+00
2.080000000000000071e+00
