1.518991464668422111e+02
1.522617641079211239e+02
1.530320849574961244e+02
1.534869545025213142e+02
1.539868227298198349e+02
1.541281037674945935e+02
1.543112159267625145e+02
1.543345615421836499e+02
1.541965268102863433e+02
1.539762897073602801e+02
1.541982724316769122e+02
1.545841135673507551e+02
1.549738520882334569e+02
1.550846990790222435e+02
1.553178778575995125e+02
1.551089675329285456e+02
1.552211793261912476e+02
1.555769488143340027e+02
1.559363119336707939e+02
1.563801130643141164e+02
1.564647606710234982e+02
1.566310713848733371e+02
1.568798700857300616e+02
1.570907778643735355e+02
1.570613917821954715e+02
1.570317088709053621e+02
1.572845544150550552e+02
1.574995499141976154e+02
1.577975251658562286e+02
1.581389143089458003e+02
1.585241558676215732e+02
1.585092483511330670e+02
1.587770185364973088e+02
1.584818369055534220e+02
1.586685221268211876e+02
1.588166890169912620e+02
1.590875646636271199e+02
1.588359239026536045e+02
1.588241655582365865e+02
1.589335005638750431e+02
1.592459601655307040e+02
1.595615759247785661e+02
1.600419958836149021e+02
1.603656524076913854e+02
1.604097499067598562e+02
1.602522726330906835e+02
1.603760329627175167e+02
1.605414474370895448e+02
1.610721691283725931e+02
1.612446152811839966e+02
1.617824396779642484e+02
1.620024643211752675e+02
1.624267316375509722e+02
1.624512440783347529e+02
1.627184283619542668e+02
1.630287155171254199e+02
1.630593086031570635e+02
1.633326349526843728e+02
1.634067019724076886e+02
1.636431333054634365e+02
1.639223568742041834e+02
1.643256130042466623e+02
1.646521343477241714e+02
1.645375094421459323e+02
1.643409186284304724e+02
1.641019380085159298e+02
1.639413515237530419e+02
1.638195469936906647e+02
1.636157040340300171e+02
1.634502060949806719e+02
1.633638445403840649e+02
1.633574187276611838e+02
1.633105239673341771e+02
1.635459838053882606e+02
1.636626099044323155e+02
1.641036463681134876e+02
1.639430771395081763e+02
1.639020981207158627e+02
1.635778768896124120e+02
1.637756332218303044e+02
1.638137709311424146e+02
1.639735059910524342e+02
1.641348545364173219e+02
1.644190449862788341e+02
1.647465100871505399e+02
1.651984950375256176e+02
1.657358535732581970e+02
1.658745995689482413e+02
1.660147470393412732e+02
1.658734818579207513e+02
1.660540220787075327e+02
1.660747697764723512e+02
1.661765351277500429e+02
1.660369041694438295e+02
1.656534385549938122e+02
1.651044833888833523e+02
1.650752357463466637e+02
1.648032684306525084e+02
1.641245135663163808e+02
1.638833470366831762e+02
1.635589364006900439e+02
1.633928650512028184e+02
1.631847121729329331e+02
1.632572850231632060e+02
1.632093788112765083e+02
1.625953321326027208e+02
1.623791233662646221e+02
1.621607306729959532e+02
1.619805360333281499e+02
1.620005414478062562e+02
1.617783246947542182e+02
1.613922471664179454e+02
1.609618658246646987e+02
1.603251169946109940e+02
1.596819363581926439e+02
1.589918549072661165e+02
1.584968231386511377e+02
1.581584072107599752e+02
1.576953608189485863e+02
1.575104654736859402e+02
1.571620863370569907e+02
1.572950367040974697e+02
1.577929663677753638e+02
1.575282488563383367e+02
1.575840897538770378e+02
1.576000906604820386e+02
1.575354451115980510e+02
1.577933789006042673e+02
1.574074534349530836e+02
1.573408620555081256e+02
1.570715778338478685e+02
1.567187654887341921e+02
1.567260257461968536e+02
1.568949755012087053e+02
1.568232075769784331e+02
1.567507147242199324e+02
1.570411259840609546e+02
1.575364908929913668e+02
1.577540312050408033e+02
1.579333648535779560e+02
1.581549139935129915e+02
1.582978929227402034e+02
1.581998918411518389e+02
1.583029210516686760e+02
1.582857788400684740e+02
1.585512917576451741e+02
1.589002947046926693e+02
1.590912067724158021e+02
1.592840472448656044e+02
1.597616638837019707e+02
1.598804685693961005e+02
1.597984531003997404e+02
1.598772253539401333e+02
1.599971973272112393e+02
1.602799973002134095e+02
1.604444417173875195e+02
1.608933754721085734e+02
1.608619954263728005e+02
1.612343388145176277e+02
1.613680190045625693e+02
1.615838575803668959e+02
1.619230884650164342e+02
1.616596853181986830e+02
1.617572578971711152e+02
1.620982403001725913e+02
1.621194346466401157e+02
1.619388228753939813e+02
1.617563867428214053e+02
1.616529159018404869e+02
1.615888039412531327e+02
1.620088928699518931e+02
1.624736291615680557e+02
1.628218476379469166e+02
1.632139875130783082e+02
1.633676641546247765e+02
1.631592567218430929e+02
1.630295522442852416e+02
1.629389416608945567e+02
1.624029713746411971e+02
1.621040114895367026e+02
1.620848600904401735e+02
1.619443031216573843e+02
1.618831344663200866e+02
1.617405398649708843e+02
1.617985251161321401e+02
1.617762879960925488e+02
1.617134222182744736e+02
1.620135577962387003e+02
1.618318765618565749e+02
1.619311884463200215e+02
1.616274630770917611e+02
1.616843061384751365e+02
1.619033395338141190e+02
1.621649894280946000e+02
1.624292822506012897e+02
1.628174568187894238e+02
1.630479361805948315e+02
1.634423597783788864e+02
1.634771310892721203e+02
1.637142738275472027e+02
1.637113877045934487e+02
1.636680683884781899e+02
1.634222913014935159e+02
1.630124154560536169e+02
1.626388034909634825e+02
1.620593974656198668e+02
1.617569671369902835e+02
1.619767344818079380e+02
1.622795297796041609e+02
1.624641714945495323e+02
1.625698701965144721e+02
1.626766365621359967e+02
1.629056934971069666e+02
1.628542358556636316e+02
1.627214503592556980e+02
1.627489397568237735e+02
1.628979189462874615e+02
1.630079989356438546e+02
1.635232312481254837e+02
1.634780113617426593e+02
1.637555670320633965e+02
1.639955222546094546e+02
1.641974972268787951e+02
1.643207042695737528e+02
1.647683881510845083e+02
1.652609981324081900e+02
1.655969678105131209e+02
1.657747149601149772e+02
1.661158736970848508e+02
1.663796704010972860e+02
1.662016872738348638e+02
1.663451386604398863e+02
1.660051905661007936e+02
1.658638288546474087e+02
1.653978069238860655e+02
1.652907140645312438e+02
1.652633475399308622e+02
1.652761086261933485e+02
1.653698066931243034e+02
1.653836431243678362e+02
1.653168112367353331e+02
1.657341527643783650e+02
1.660749017822009819e+02
1.661766684668695007e+02
1.661986550170401529e+02
1.665036919364032713e+02
1.666905979155592377e+02
1.671622201167265018e+02
1.670325455724504593e+02
1.669823692651017097e+02
1.666084538031335853e+02
1.665135897001350429e+02
1.658925148486209480e+02
1.659116311602236635e+02
1.658501324850746528e+02
1.661516489748226491e+02
1.661733828028514779e+02
1.662357402049004236e+02
1.663795355605056727e+02
1.663227631924295338e+02
1.664674375681107676e+02
1.666539773415262289e+02
1.669636134762887139e+02
1.670743570467563472e+02
1.668629869159157977e+02
1.668515019352682032e+02
1.671631332679469040e+02
1.676395285534825916e+02
1.679591197509921869e+02
1.683223431828213279e+02
1.681235789725468805e+02
1.683672514874200488e+02
1.685325772600197922e+02
1.685379568283040044e+02
1.684625826548516727e+02
1.682652350049010010e+02
1.684699343483847827e+02
1.683534690387726300e+02
1.684782515543159889e+02
1.684022742972887272e+02
1.686891659568579769e+02
1.688577433907653926e+02
1.691492357482468947e+02
1.694436724729773402e+02
1.696198711848248877e+02
1.700402739240654455e+02
1.703437110344100347e+02
1.703269808428376564e+02
1.701888695382207572e+02
1.704129995335551655e+02
1.706797975086423946e+02
1.708684823319613031e+02
1.708166488201630386e+02
1.708855038587507522e+02
1.708338422815664615e+02
1.711856992743103092e+02
1.715007063376871770e+02
1.719401074118042061e+02
1.720607145573789865e+02
1.721017318761401782e+02
1.725067998748896798e+02
1.721886867423119725e+02
1.723118047902137846e+02
1.725169745355696023e+02
1.728454288238073673e+02
1.729347765897045690e+02
1.731462389795007368e+02
1.734406454338385117e+02
1.740208539735737077e+02
1.744453070440148679e+02
1.741063707515292833e+02
1.740872431833627729e+02
1.739467102862263346e+02
1.737643538244713000e+02
1.737013674994654764e+02
1.737589570701685773e+02
1.735747041112802265e+02
1.735098021326067510e+02
1.734846486187941252e+02
1.734188369886812779e+02
1.734735727158400209e+02
1.737308815311511978e+02
1.735463449809614076e+02
1.734003484656170144e+02
1.738589378440584881e+02
1.742413513576340449e+02
1.747488397551869355e+02
1.751806462173601631e+02
1.756168143609695562e+02
1.758149640009791881e+02
1.756110747484633521e+02
1.754051260085504680e+02
1.748738646551006184e+02
1.743776410657583256e+02
1.741996374401603589e+02
1.743430681213734772e+02
1.744879475973464196e+02
1.747959066639877221e+02
1.746625319838254882e+02
1.747298302866923052e+02
1.749998285724161917e+02
1.751917460327436800e+02
1.753451980128728565e+02
1.756214121342145233e+02
1.752135476103188978e+02
1.750439874851693105e+02
1.749535227122920560e+02
1.749025481942349813e+02
1.743662102972066066e+02
1.741880912093000688e+02
1.741293850598988513e+02
1.743529142019187077e+02
1.745382971736544278e+02
1.745639365390458124e+02
1.745090268071172943e+02
1.748576028354709422e+02
1.750884877125977539e+02
1.754833209218163290e+02
1.758013342644604791e+02
1.759609437014744344e+02
1.760413572742171482e+02
1.764458154285008504e+02
1.766119347762647465e+02
1.768201361376416116e+02
1.769900365026674649e+02
1.771212489925932232e+02
1.774558070632264162e+02
1.771876839022490344e+02
1.775229130325743654e+02
1.773766798308835462e+02
1.775117978089733981e+02
1.776886846555283341e+02
1.782713986419477692e+02
1.786175743858067051e+02
1.785632064503099059e+02
1.782254610609182919e+02
1.780055162231497548e+02
1.777025416395459558e+02
1.778409511510558048e+02
1.778999506576327292e+02
1.779191420784165132e+02
1.780193354327439863e+02
1.780801368007514327e+02
1.783839765664158392e+02
1.782868450165816796e+02
1.781887323399815841e+02
1.782512447878603723e+02
1.780719644321818862e+02
1.783353176082646314e+02
1.782780985942073357e+02
1.780990894890977643e+02
1.779586762516142642e+02
1.778168446986002209e+02
1.773503481804042963e+02
1.770811597781870432e+02
1.767688482607944991e+02
1.763725740008019045e+02
1.757702767684871219e+02
1.752831078469569093e+02
1.747506139868247317e+02
1.744147616028535026e+02
1.740755167705590338e+02
1.735712290611707544e+02
1.734658879405767209e+02
1.733190787278554410e+02
1.730495744725812983e+02
1.724945196692744389e+02
1.724187067366400186e+02
1.724229360976166561e+02
1.724272081794104849e+02
1.725123314943553510e+02
1.726387186811660968e+02
1.724835542234005459e+02
1.722460143670708987e+02
1.722889034010817966e+02
1.722918216172544987e+02
1.722139612295494828e+02
1.718120820500499804e+02
1.716485677273235808e+02
1.710793613407306566e+02
1.711912740815467373e+02
1.711427010924709009e+02
1.709320213055260638e+02
1.708808296015415635e+02
1.709907369712537673e+02
1.705360979507618993e+02
1.701172706573353537e+02
1.697750208659951738e+02
1.699141624909045163e+02
1.695294570615197074e+02
1.693024818803238247e+02
1.693156382629525183e+02
1.692077154171239783e+02
1.691795105223476696e+02
1.692722328508563123e+02
1.693254877281373183e+02
1.693792805334722402e+02
1.692720005388616755e+02
1.690020207463243764e+02
1.691333542892160153e+02
1.690639942315309270e+02
1.686707012439711377e+02
1.683138396403751926e+02
1.679129693337124536e+02
1.674272417512249831e+02
1.666133755062878379e+02
1.659125005114013902e+02
1.650833338499014644e+02
1.647306402524252178e+02
1.644147881337631816e+02
1.640149375088509203e+02
1.635302399079304791e+02
1.631214544524552252e+02
1.630317721741973003e+02
1.630623961355532288e+02
1.630125213490435954e+02
1.632449710596395676e+02
1.628333041006456483e+02
1.629427314147940251e+02
1.627300317321155489e+02
1.628384158910249653e+02
1.627862786778030681e+02
1.630568471492963738e+02
1.632897445952484929e+02
1.631613581770192241e+02
1.633953112899180553e+02
1.637932437271902302e+02
1.641951956840299260e+02
1.644395916000307523e+02
1.647672642424547576e+02
1.648962265075303719e+02
1.649456833409398939e+02
1.647128114554948581e+02
1.643563752075703803e+02
1.641175507147175949e+02
1.637146976916337451e+02
1.633885835269030622e+02
1.635844278049521279e+02
1.637822503080330137e+02
1.636184346545783512e+02
1.637357925803821104e+02
1.638139318993761151e+02
1.634080120195714017e+02
1.632404161813855126e+02
1.629903193751367780e+02
1.623740599748855686e+02
1.621960201766524108e+02
1.624606264410625158e+02
1.629299256980433768e+02
1.631615411091347880e+02
1.628298395041762205e+02
1.628584237415922189e+02
1.622408320622137126e+02
1.624654869315300232e+02
1.628540272035647547e+02
1.631656840440056726e+02
1.631976606505102154e+02
1.638360208591008416e+02
1.635919402617190599e+02
1.635474144057755836e+02
1.635832468745212509e+02
1.633366130045671127e+02
1.629258717217847163e+02
1.625513855775612058e+02
1.622539248258187286e+02
1.621554796220399339e+02
1.618540198202423142e+02
1.617515351719619048e+02
1.614863991635972980e+02
1.610569688521190130e+02
1.611888574263821567e+02
1.612008660872551502e+02
1.612938041285401880e+02
1.615897011399400753e+02
1.615249506464033402e+02
1.617423743903061109e+02
1.620023983740471181e+02
1.621438367414611434e+02
1.624887239812744326e+02
1.628370949305798945e+02
1.628657524551317124e+02
1.629351034900321054e+02
1.629243469596282523e+02
1.629942898582104647e+02
1.628225150082936068e+02
1.627298131396902079e+02
1.628785991310010104e+02
1.628672718494953244e+02
1.632598705550459499e+02
1.636968389444904517e+02
1.638149888328195800e+02
1.642575644775949684e+02
1.643813782601970956e+02
1.645468467274716318e+02
1.644311583105778709e+02
1.640314730409868673e+02
1.640721949908963211e+02
1.640729242332290596e+02
1.641140648820487797e+02
1.639940049313630652e+02
1.642363686175380337e+02
1.644407763813520091e+02
1.648088650316686596e+02
1.650998636683519862e+02
1.653938016852036128e+02
1.654078804901048727e+02
1.652604853435402674e+02
1.653540255995357313e+02
1.655293187874096361e+02
1.654235543307170531e+02
1.656803579098151431e+02
1.658589473836517527e+02
1.659585327107590160e+02
1.659783158694534961e+02
1.658366826964181371e+02
1.655724067640579733e+02
1.654266734990487464e+02
1.653602762616657174e+02
1.653740164259245375e+02
1.649838549756819930e+02
1.645493484602849890e+02
1.639488368285709328e+02
1.637058957864347803e+02
1.634605007943787598e+02
1.634146472670497019e+02
1.637319669364131300e+02
1.636888554913266205e+02
1.640493489811374559e+02
1.642922716981188671e+02
1.645376481799179658e+02
1.647046951312304088e+02
1.649542375062938788e+02
1.653679166730233590e+02
1.655837542151750199e+02
1.660846002173492479e+02
1.665501012296448664e+02
1.666162638683287867e+02
1.670467311801299957e+02
1.669966981617475312e+02
1.668653516785331590e+02
1.670155067459932638e+02
1.673691987333262716e+02
1.673224229629556135e+02
1.673155787504602756e+02
1.675914936873338092e+02
1.677893875629630998e+02
1.677468561242050384e+02
1.679059152769756906e+02
1.683494093706818830e+02
1.686761710814968183e+02
1.688446172540368195e+02
1.688935527818557887e+02
1.694278310927830660e+02
1.698866980735183461e+02
1.700269677510288489e+02
1.703706744959887374e+02
1.703542166626151584e+02
1.700951683460758659e+02
1.699951195414910501e+02
1.697324439813044137e+02
1.696287312942462222e+02
1.692815467618653145e+02
1.691732795574393151e+02
1.688214945024638780e+02
1.685873681843067686e+02
1.682296648326336310e+02
1.679087523561952082e+02
1.673825781375703912e+02
1.672147253914855582e+02
1.669239650419052055e+02
1.667918838807121631e+02
1.668200847279916843e+02
1.668889744727192692e+02
1.664737115886058518e+02
1.664986985743493619e+02
1.670087864387363936e+02
1.665543297360986230e+02
1.667417472081793903e+02
1.666886335436157935e+02
1.665945793369857029e+02
1.664187670070568004e+02
1.664431989970269115e+02
1.666698979767947151e+02
1.668584828048429358e+02
1.671701846513562373e+02
1.674850350013702780e+02
1.673182171731014023e+02
1.675537547203042550e+02
1.677916714346509934e+02
1.681127994289398941e+02
1.683563630595352265e+02
1.685215788480155936e+02
1.690116958060760908e+02
1.689815109152285117e+02
1.685873847628569138e+02
1.681892775382395371e+02
1.677063409477162850e+02
1.675821625734516829e+02
1.677799621954050338e+02
1.680201638337429983e+02
1.678587513472144508e+02
1.674128801487018450e+02
1.673261415643451357e+02
1.670769106710564245e+02
1.672696067384404159e+02
1.672622290287282283e+02
1.673759889179069660e+02
1.675717059776837914e+02
1.678906120986701751e+02
1.680107192915864687e+02
1.684148679712994863e+02
1.686210787588879327e+02
1.682637159180688968e+02
1.679431473919883047e+02
1.680233812040294197e+02
1.680640214182108423e+02
1.685091125436472339e+02
1.687566793370181131e+02
1.692491710474925526e+02
1.695446172196900534e+02
1.697218355754435208e+02
1.696180157327719940e+02
1.695939552856283399e+02
1.696504598844727525e+02
1.697883433176498045e+02
1.697255993107566496e+02
1.695814134452087956e+02
1.695973873183935154e+02
1.696135225438311238e+02
1.693469924685166461e+02
1.693605984530465491e+02
1.692127257101484759e+02
1.691845714243923737e+02
1.692369408327197675e+02
1.696938796290091602e+02
1.699938178070807737e+02
1.702967856637180262e+02
1.704816016805231982e+02
1.704662643237609814e+02
1.704911760846074742e+02
1.707587637218253747e+02
1.705442057796221320e+02
1.702062684642650368e+02
1.701073418830948185e+02
1.699266079627225281e+02
1.692187959219417337e+02
1.687462585070125272e+02
1.683093520272851720e+02
1.679892444720049411e+02
1.675042873454592041e+02
1.673376639853128722e+02
1.674521858437500725e+02
1.674466523674243206e+02
1.672390427953781682e+02
1.672717603993724254e+02
1.671027882821941830e+02
1.670129174567623807e+02
1.671241590472342864e+02
1.671557162093273234e+02
1.671471880902298324e+02
1.673001899901312299e+02
1.676567575657890927e+02
1.680573308745337044e+02
1.683407382571056985e+02
1.684653921788939215e+02
1.683488809887819571e+02
1.682311929179613514e+02
1.678698918363252517e+02
1.674241331680049143e+02
1.670546799676820910e+02
1.663582625936177521e+02
1.654931945390081012e+02
1.647001965040487619e+02
1.642224207111605949e+02
1.641438593042027492e+02
1.641453124284869034e+02
1.641871842711993565e+02
1.641890750214133732e+02
1.639081565872866122e+02
1.639072288760469291e+02
1.638658877535832517e+02
1.637029169228106866e+02
1.636191080028391411e+02
1.635344525281205392e+02
1.635297500284044361e+02
1.634037879074789714e+02
1.633169574823022288e+02
1.629464216992949446e+02
1.628953754538330543e+02
1.629650257109427969e+02
1.626717431423666653e+02
1.625371142852189337e+02
1.626031457426450686e+02
1.624678239824699801e+02
1.626543676590607106e+02
1.628427956152129070e+02
1.628311066820332655e+02
1.627384915980132121e+02
1.624833248464781548e+02
1.623063887338161067e+02
1.618852411452691058e+02
1.616618597426960946e+02
1.615574340835311489e+02
1.612095293773045057e+02
1.608581104821256531e+02
1.605031419011374112e+02
1.600233756577144675e+02
1.598215915734489272e+02
1.594157490640897663e+02
1.590058071354440585e+02
1.587129365004492172e+02
1.582150873741907446e+02
1.579142296708999140e+02
1.573679087584843046e+02
1.571797058166515626e+02
1.569087937541932263e+02
1.559886805597913337e+02
1.555845258179708708e+02
1.554995210282537812e+02
1.553328495234882780e+02
1.555281308318067204e+02
1.556041725573803660e+02
1.552365379367476805e+02
1.550672100371189970e+02
1.547345555930498051e+02
1.547621773667167986e+02
1.545880579461786510e+02
1.546950080264430767e+02
1.546414222489320025e+02
1.545468911605378253e+02
1.542897890510479613e+02
1.541108980313621259e+02
1.540514121528905207e+02
1.538701132857483458e+02
1.535253669553012230e+02
1.532175423790928050e+02
1.528258003829216705e+02
1.529553539221432743e+02
1.528033878001441508e+02
1.529327149496406548e+02
1.529017322723640575e+02
1.532340730023885271e+02
1.532465383862511032e+02
1.531379175618691875e+02
1.531090076382517111e+02
1.527565733719712568e+02
1.528046195676481602e+02
1.530955753208559713e+02
1.533086619402590429e+02
1.531602645861200074e+02
1.532931965516358730e+02
1.533466631834707243e+02
1.534410739226980525e+02
1.533344181037356577e+02
1.535095132360962111e+02
1.534035487233298056e+02
1.532561098215450670e+02
1.528243533550961502e+02
1.527922761162587335e+02
1.523154304204636844e+02
1.521570004247101906e+02
1.514313135603135265e+02
1.510619328892053659e+02
1.506080130194000049e+02
1.503515283024237306e+02
1.501732609115393302e+02
1.499527887995350000e+02
1.494876654540748007e+02
1.493410762162380081e+02
1.490313901174117461e+02
1.488397879973854288e+02
1.488078666640256529e+02
1.485736026909353029e+02
1.480541441322577612e+02
1.475294385174322827e+02
1.479287257751840912e+02
1.477259856314988724e+02
1.480060460924233894e+02
1.480061071640635362e+02
1.478445526909730745e+02
1.479237905969428368e+02
1.478826167645883629e+02
1.479218351157458073e+02
1.476786213290364458e+02
1.474329508374103455e+02
1.474272230680912514e+02
1.475022455233244614e+02
1.470931772962870809e+02
1.466799770669565817e+02
1.463030071383402060e+02
1.459222294326669669e+02
1.454567974067343812e+02
1.452290882896307664e+02
1.453223114036675554e+02
1.452144559633003666e+02
1.451459151144448469e+02
1.447938536509546168e+02
1.444786400514691991e+02
1.441602424762315877e+02
1.435558004810419277e+02
1.431876772535781015e+02
1.427350275288664534e+02
1.425202298271377970e+02
1.423032624516542057e+02
1.418012752036914321e+02
1.417386618219103127e+02
1.411501634564752692e+02
1.408385489459343205e+02
1.403217666120549438e+02
1.395169359717728241e+02
1.387039757290633588e+02
1.381252280091548812e+02
1.374194222314695821e+02
1.365044669004742559e+02
1.358630978792670305e+02
1.350536342214814738e+02
1.346804386075577042e+02
1.341014531389469937e+02
1.336782354938862341e+02
1.332103388827130175e+02
1.330609483663766071e+02
1.328292407741179488e+02
1.326355967415331634e+02
1.325612088298314006e+02
1.324052614442740321e+02
1.321669307517921652e+02
1.319665967189817195e+02
1.314006027464459976e+02
1.307076795418648771e+02
1.299673530725908108e+02
1.293811647197885861e+02
1.291930956765542362e+02
1.285586825015697343e+02
1.278370530318885869e+02
1.273101545776656565e+02
1.268183379572375458e+02
1.262811494517556952e+02
1.252536863149041011e+02
1.245390770857621447e+02
1.237768455411736426e+02
1.228452985264379151e+02
1.217831298246849485e+02
1.205890200249343138e+02
1.199081010352869328e+02
1.191394959952393577e+02
1.184439353487265691e+02
1.177413488370975045e+02
1.166276250879773642e+02
1.153814394828051775e+02
1.147287267503083399e+02
1.142310371215235136e+02
1.138899364863875405e+02
1.133433701882704412e+02
1.129124951396669161e+02
1.121540354946131686e+02
1.113879146410233147e+02
1.106140551929529323e+02
1.095495506999522632e+02
1.087975259595480537e+02
1.081187130904523599e+02
1.074734475661135491e+02
1.067812601677913307e+02
1.056780405735265731e+02
1.056141823975015939e+02
1.053476589873754676e+02
1.050380393811872608e+02
1.047656963446337386e+02
1.042077740854882393e+02
1.034421960459480232e+02
1.030325212585334498e+02
1.020126477358923580e+02
1.015885330665581421e+02
1.009985182490483737e+02
1.004833517667156002e+02
9.996298158254121802e+01
9.955856725509198668e+01
9.898845177282009899e+01
9.825096138668688184e+01
9.714238523907799561e+01
9.634584367583626374e+01
9.554125623821838076e+01
9.497096589719039628e+01
9.447572312847515263e+01
9.389466982674241535e+01
9.306532305731572308e+01
9.222759904779351814e+01
9.138141317958921661e+01
9.040546785817123521e+01
8.966208874562737208e+01
8.887079671275490966e+01
8.762706738662105010e+01
8.657279534002128685e+01
8.554827812123357944e+01
8.459422032447827178e+01
8.350931345906909087e+01
8.233263985764550341e+01
8.158852510873283848e+01
8.055406576639674654e+01
7.930713713777453222e+01
7.820922943209552614e+01
7.710023174959151504e+01
7.618205227231456433e+01
7.537581037607533574e+01
7.452102058189424838e+01
7.377880866858008346e+01
7.294829158442438199e+01
7.223059756002457732e+01
7.150565410103484965e+01
7.061177181922720081e+01
6.999168870629013384e+01
6.875928152150518713e+01
6.787806214293459561e+01
6.674551731609561500e+01
6.548032052130865566e+01
6.452557628415021895e+01
6.360159220621238063e+01
6.258746687496198291e+01
6.156309785349704811e+01
6.048797762979496895e+01
5.952320972706571212e+01
5.846788861319777197e+01
5.768473597292712185e+01
5.693407674033037580e+01
5.569098660639441079e+01
5.467776424888317877e+01
5.345228712008404415e+01
5.237604759604447224e+01
5.112732080408528645e+01
4.974476848897506898e+01
4.822703887775264775e+01
4.697680694722488681e+01
4.563313833053020829e+01
4.443751346518204315e+01
4.294698329816371540e+01
4.188584171531686451e+01
4.032913304577464686e+01
3.891831620785313817e+01
3.757405677560924318e+01
3.621621896526183093e+01
3.512749390430490593e+01
3.402777162050995230e+01
3.283613295001007515e+01
3.171326560607078449e+01
3.053865212734423196e+01
2.951379002762043058e+01
2.803413134103073290e+01
2.666073872831387348e+01
2.503104922051904779e+01
2.334449416214045314e+01
2.143888299206105685e+01
1.931200302228388210e+01
1.724444749725644499e+01
1.572166413864286660e+01
1.369865064509380836e+01
1.173601075262000215e+01
1.007677853799999568e+01
8.198766200000001447e+00
6.261379999999995505e+00
4.061999999999997613e+00
1.800000000000000044e+00
