2.087931218338036388e+02
2.096900220543482192e+02
2.107171939942911933e+02
2.115931252467584329e+02
2.124779042896549868e+02
2.132908124137927075e+02
2.139099115290843542e+02
2.144544560899827275e+02
2.148428849393765745e+02
2.147099847872494536e+02
2.145757422093418540e+02
2.147229719286291640e+02
2.151545170996242575e+02
2.154692091915426033e+02
2.157062719106464783e+02
2.162285574855037567e+02
2.168773307934362720e+02
2.170882129226624500e+02
2.175840534572361378e+02
2.177616701588236765e+02
2.178198688472968172e+02
2.175554230780786327e+02
2.166418414930084282e+02
2.157998398919278031e+02
2.151513534261904113e+02
2.146983367941309666e+02
2.142811482769002680e+02
2.139001497746471046e+02
2.141617674491385799e+02
2.142644115647863998e+02
2.147317288533193960e+02
2.150825543972927107e+02
2.154773276740316987e+02
2.149871996707393578e+02
2.140476764350906080e+02
2.128966428637280046e+02
2.118551948118471842e+02
2.109648432442909041e+02
2.101059022669613228e+02
2.098039416837985414e+02
2.095797390745449889e+02
2.095552919944874475e+02
2.099346383782729788e+02
2.100349882608790324e+02
2.100959477382614864e+02
2.099555027659209259e+02
2.097732351170920424e+02
2.100335708253464020e+02
2.100137079043900030e+02
2.095896039438274840e+02
2.094036403473024279e+02
2.089329700477804010e+02
2.087807778260409748e+02
2.087078563899400478e+02
2.085937943332729674e+02
2.085189841750228652e+02
2.085242264394170206e+02
2.088527539792105756e+02
2.092250040194041389e+02
2.093989939589934011e+02
2.097363575343376283e+02
2.104003611457957845e+02
2.110306678240363283e+02
2.113441089131675596e+02
2.115395039526950427e+02
2.122217211643369694e+02
2.129108294589279353e+02
2.132836661201282311e+02
2.134986526465943371e+02
2.134329824713069002e+02
2.140535176477846733e+02
2.144783006543296153e+02
2.151902026811406188e+02
2.157072754354956885e+02
2.157851267025200741e+02
2.162274007096162336e+02
2.163913138480967291e+02
2.165164786344416541e+02
2.168853319539809945e+02
2.168538706605855850e+02
2.167816875359467019e+02
2.168299874100470674e+02
2.165959468788354627e+02
2.162787342210457382e+02
2.162815497182289164e+02
2.162843936547765793e+02
2.163680743987650601e+02
2.165738125240039267e+02
2.168220328525300147e+02
2.172747806591215749e+02
2.172068491506280168e+02
2.170574233844721732e+02
2.169468923075484668e+02
2.171988811187337660e+02
2.171301829482174810e+02
2.168587706547650669e+02
2.167866370250153807e+02
2.166329666919341150e+02
2.169221885777118359e+02
2.171739278562742470e+02
2.170241695517944436e+02
2.161860298502950286e+02
2.155010402528229179e+02
2.152939800533571315e+02
2.149232121751078637e+02
2.144678910859693133e+02
2.143312031171401486e+02
2.146375789062025206e+02
2.145834130365682597e+02
2.140842555924938893e+02
2.141457127196914314e+02
2.138037502219097235e+02
2.139431820423327792e+02
2.140032141841739985e+02
2.139022365496711302e+02
2.142850874239112784e+02
2.146314014382929543e+02
2.144963650891858435e+02
2.150064293830160693e+02
2.155216458414304839e+02
2.156784301428592130e+02
2.158367981240994879e+02
2.158755536607068279e+02
2.157530845057630415e+02
2.155889742482463873e+02
2.152615901497441939e+02
2.147288789391346313e+02
2.146352312516506231e+02
2.144598295471225811e+02
2.145250803506294233e+02
2.141869498491201398e+02
2.140070200496169264e+02
2.138252727773914046e+02
2.142881543205976698e+02
2.148769235561589710e+02
2.153908318749073487e+02
2.161523554291993321e+02
2.168811671002028447e+02
2.176173405052547878e+02
2.182801419245004695e+02
2.187880221459583936e+02
2.190990122686450263e+02
2.192111235036817334e+02
2.194455792966489298e+02
2.196419992895441737e+02
2.200020194843885406e+02
2.204868883680684633e+02
2.210170589576451050e+02
2.214717767248937150e+02
2.217290673988835294e+02
2.222313812109935043e+02
2.221731123343369916e+02
2.223566791255920805e+02
2.226229082076685870e+02
2.218817254622927351e+02
2.216179045073657790e+02
2.215130348559258380e+02
2.208010453090159331e+02
2.204050962717338962e+02
2.196819154259928837e+02
2.190726418444371575e+02
2.188612543883197645e+02
2.186477317053737579e+02
2.179876077832072667e+02
2.173208159426327200e+02
2.165664807501347013e+02
2.158045260102372822e+02
2.153985111214526853e+02
2.152308193145980511e+02
2.146573932470691091e+02
2.140377709566356828e+02
2.135331019764008715e+02
2.132657595721204871e+02
2.129957167395166380e+02
2.128845623631476940e+02
2.126106690536849442e+02
2.116471404582678701e+02
2.106334752103709604e+02
2.098519951619894641e+02
2.092242375373637628e+02
2.085901389266301749e+02
2.086365039662935601e+02
2.086429332992870798e+02
2.085282154538246289e+02
2.084931469230549510e+02
2.084577241647028814e+02
2.087047718835377736e+02
2.092775473571089719e+02
2.098157044011200298e+02
2.107229337385051906e+02
2.107100340792974293e+02
2.103737717972709902e+02
2.098320927245159453e+02
2.098505987116320171e+02
2.103137360723559368e+02
2.103371071437951798e+02
2.103203102462566960e+02
2.098588992386438861e+02
2.088675749885295545e+02
2.081894696853817663e+02
2.071004744296802755e+02
2.060812873027070680e+02
2.056578659623310159e+02
2.051089555175050236e+02
2.047565207247533579e+02
2.046833542674273758e+02
2.048922770378047460e+02
2.051033101391963669e+02
2.053164748880778632e+02
2.052489645334119359e+02
2.053423884175878982e+02
2.053963519369568758e+02
2.054912645827855044e+02
2.056679440230170428e+02
2.060484283060768291e+02
2.065135639455320700e+02
2.069833979247804336e+02
2.074579777017979723e+02
2.076545229311094261e+02
2.077722453849600299e+02
2.074467125100606779e+02
2.074007197071309463e+02
2.070310300072033840e+02
2.070616464719225860e+02
2.072945923958811534e+02
2.074894872685676717e+02
2.076459467359255484e+02
2.072383300362889429e+02
2.069074040770594252e+02
2.067347515929899942e+02
2.063987389828182017e+02
2.060593323058766657e+02
2.057569013190685325e+02
2.051281831505756372e+02
2.050991748995701300e+02
2.045446211106767578e+02
2.045905263744210174e+02
2.040712387620406787e+02
2.039911502646883434e+02
2.039102527926132211e+02
2.041921745379923721e+02
2.043153278161553033e+02
2.044801291072276115e+02
2.047678071790174386e+02
2.045331385646643696e+02
2.044981197622872457e+02
2.045031512750378511e+02
2.045486376515527809e+02
2.049582198500537515e+02
2.055335554040947272e+02
2.055894499031268765e+02
2.051206564678042241e+02
2.046471277452566255e+02
2.040476037830882206e+02
2.036440442253416165e+02
2.036808527528706350e+02
2.038392452049200188e+02
2.039588335403225301e+02
2.044836702427502075e+02
2.044481517603538805e+02
2.042910623841964366e+02
2.044152145294910667e+02
2.043386005348385766e+02
2.043824247826666465e+02
2.043862876592573627e+02
2.041073612719776804e+02
2.037448093656346941e+02
2.036210195612474934e+02
2.037788076376232027e+02
2.038977854925486781e+02
2.039371570631802797e+02
2.042193505688698565e+02
2.043831823927969253e+02
2.044678610028249466e+02
2.043917787907309389e+02
2.039512917078107535e+02
2.037891835432438654e+02
2.032213975184273522e+02
2.030115126448774276e+02
2.033247602473492464e+02
2.035199598458076196e+02
2.037575351977863534e+02
2.039571062603896507e+02
2.039162689498884617e+02
2.042790595453413403e+02
2.043626864094360940e+02
2.044471579893300373e+02
2.047749070599280117e+02
2.052271788484127342e+02
2.056032109579926725e+02
2.062254656141339808e+02
2.067731975900346129e+02
2.068012096869044854e+02
2.071123330170741212e+02
2.073457909263385659e+02
2.077836271983210850e+02
2.082662900993137782e+02
2.084305960599125456e+02
2.083137333938510665e+02
2.085997307008600501e+02
2.089290209099583535e+02
2.091404251615760188e+02
2.086266920824002113e+02
2.084714061438376689e+02
2.082741476200388320e+02
2.076708561818575731e+02
2.075463193756130806e+02
2.075417367430440265e+02
2.074967037808526129e+02
2.076532361422740962e+02
2.080537738810850215e+02
2.081755291728140662e+02
2.081773021947626319e+02
2.080982850452134869e+02
2.081396818638526724e+02
2.075754362261134247e+02
2.068034709354679705e+02
2.061853241772413696e+02
2.058437617951933873e+02
2.057815775709028117e+02
2.058803813847498816e+02
2.060205872573233421e+02
2.060814012700237754e+02
2.066680820909332397e+02
2.073414970615496600e+02
2.073348455167164843e+02
2.078129752694106003e+02
2.079322982519296374e+02
2.084568669211419660e+02
2.090271383041835804e+02
2.095627659638224998e+02
2.101442080442640474e+02
2.104890990346096942e+02
2.108778778127374665e+02
2.109473513259982553e+02
2.115023750767649062e+02
2.122246212896615987e+02
2.130753750400625108e+02
2.134902778182447207e+02
2.139497755739844820e+02
2.136866419939228479e+02
2.131784262564887058e+02
2.128670972287758332e+02
2.125122194230069681e+02
2.124769893161686127e+02
2.124818073900694344e+02
2.122846539293632304e+02
2.124087413427920978e+02
2.127361023664556399e+02
2.127839417842997420e+02
2.123878199841408900e+02
2.123109292769094054e+02
2.121524538150610795e+02
2.123156099142027244e+02
2.123592019335385714e+02
2.125648504379166468e+02
2.129341923615326095e+02
2.133072650116484112e+02
2.137649141531807686e+02
2.146312264173542701e+02
2.151426529468212436e+02
2.152956090371936568e+02
2.150056656941364110e+02
2.149552178728646368e+02
2.149042604776407472e+02
2.150548085632730135e+02
2.154897056194675997e+02
2.155653592115839672e+02
2.154801608197823555e+02
2.153941018381637207e+02
2.147819210486500765e+02
2.144463848976261602e+02
2.139862473713402551e+02
2.136426741124651016e+02
2.130128021338024098e+02
2.126998001351543905e+02
2.126664647829837520e+02
2.128752169525080546e+02
2.128436534873823689e+02
2.130945994822031651e+02
2.133480802850552323e+02
2.130384649344002241e+02
2.126853181155552477e+02
2.120053718338955377e+02
2.117225978120153798e+02
2.117197957697123911e+02
2.119593896663760404e+02
2.117165552185620925e+02
2.115116719379415144e+02
2.111835070080219054e+02
2.112560676848710557e+02
2.118546138231006921e+02
2.121359735586878799e+02
2.115312864229171907e+02
2.109204913362806337e+02
2.104247387235162705e+02
2.098835744681974802e+02
2.097005802709071816e+02
2.093945255261691898e+02
2.097722480062316777e+02
2.099921697032634995e+02
2.099718885891557818e+02
2.098705945344998725e+02
2.097682773075764544e+02
2.099073508157328547e+02
2.101286371876093142e+02
2.100693304925340499e+02
2.100094247399347580e+02
2.098681057979135574e+02
2.098061674726400838e+02
2.097436035077164433e+02
2.095995995027436720e+02
2.091309085886311721e+02
2.090615238268998723e+02
2.093550745726263642e+02
2.099344187602290788e+02
2.103579987477068016e+02
2.109070694421268399e+02
2.115424943859866573e+02
2.116994892787737967e+02
2.119792820997723481e+02
2.119790728280524092e+02
2.115748210384373067e+02
2.111260818570068238e+02
2.109556382394013383e+02
2.109450891307078280e+02
2.105707971017255886e+02
2.103543405067939602e+02
2.106205459664584509e+02
2.110914605721802673e+02
2.115671318910910941e+02
2.122496281728195981e+02
2.124541698715349014e+02
2.123375453247825533e+02
2.127045912371535223e+02
2.128733244819734693e+02
2.135690146282560420e+02
2.142717319477335707e+02
2.146583150987201520e+02
2.139174899987077652e+02
2.133307979784924555e+02
2.132634323015069810e+02
2.128317497995024326e+02
2.121128785853566967e+02
2.111039177629862422e+02
2.103271896595825012e+02
2.097042319793764307e+02
2.094790222013908760e+02
2.090495173751421589e+02
2.084540579546888637e+02
2.078121797522113070e+02
2.071234138911219134e+02
2.067509231223455970e+02
2.071423465882275252e+02
2.077397440285134280e+02
2.082219636651637984e+02
2.086686501668324070e+02
2.086350001685185305e+02
2.086818183520378511e+02
2.084866852040792935e+02
2.086532173778581409e+02
2.088214316948054261e+02
2.087893249442484773e+02
2.091609342871188630e+02
2.098595295829485963e+02
2.105651813969183479e+02
2.111163448453722253e+02
2.117942877225975451e+02
2.120750381036341423e+02
2.113081192965993296e+02
2.105334538349491424e+02
2.101550038736864110e+02
2.100959635087743607e+02
2.101575388977519196e+02
2.101389281795477189e+02
2.099585133126745120e+02
2.092510235481555014e+02
2.084555793415716494e+02
2.079349286278500983e+02
2.074494228564150262e+02
2.060297200569836491e+02
2.045956768252369500e+02
2.033087644699356247e+02
2.026957216868040348e+02
2.023997188755599268e+02
2.021815342177364698e+02
2.022035699169057352e+02
2.022258281988940780e+02
2.021270991908026247e+02
2.024314133240430351e+02
2.028600134586296520e+02
2.032929428875041822e+02
2.035282251388937311e+02
2.039275001402959901e+02
2.041691920609059423e+02
2.045749414756620297e+02
2.048635772481439972e+02
2.053167446950948829e+02
2.058552976718122238e+02
2.054699976482960437e+02
2.054040380285815388e+02
2.054586242712944397e+02
2.052713376477717304e+02
2.052033713613859902e+02
2.050943145064507576e+02
2.050245601075263266e+02
2.049945051591169261e+02
2.046409143021388388e+02
2.048494083859988280e+02
2.046559680666647125e+02
2.042989576430961733e+02
2.041403612556528913e+02
2.043033952077300910e+02
2.048317123310403645e+02
2.054461740717582074e+02
2.061476505775332271e+02
2.068158086641754210e+02
2.072886956203796274e+02
2.072815107276559559e+02
2.071934451794500376e+02
2.073873183630812207e+02
2.072599175384652312e+02
2.073332500388548851e+02
2.074073232715705331e+02
2.071993164359296600e+02
2.072720368039702237e+02
2.073050876807773193e+02
2.072980683644214253e+02
2.069273417822434453e+02
2.066336785679231696e+02
2.067006854221448577e+02
2.062835206284281924e+02
2.061853743721503918e+02
2.064498731031827674e+02
2.068382556597799464e+02
2.073921774341216633e+02
2.078708862970927669e+02
2.080716023202950566e+02
2.080723255760553059e+02
2.077094197737934280e+02
2.080297169432264468e+02
2.085956736800262377e+02
2.090461350303293102e+02
2.096627626568981952e+02
2.102452148049487732e+02
2.102678937423720811e+02
2.100483775175470953e+02
2.105135126439868714e+02
2.100540531757444001e+02
2.096303567431758665e+02
2.089195522658351933e+02
2.088076285513481025e+02
2.086137662134829611e+02
2.082159254681651248e+02
2.078544701698635322e+02
2.075701718887512186e+02
2.070809817058091653e+02
2.069908906119281937e+02
2.072231218302318041e+02
2.072556786163946754e+02
2.074905844610046302e+02
2.077682671323282193e+02
2.079679465983116700e+02
2.083716632306172016e+02
2.082946093238562639e+02
2.084996053776322924e+02
2.083430357349823225e+02
2.081444805403865814e+02
2.079843237781676351e+02
2.081053775537049546e+02
2.080660379330357443e+02
2.079454928616518430e+02
2.079045382440930609e+02
2.072975133778714394e+02
2.069267811897694003e+02
2.067139203937066156e+02
2.067413337310172210e+02
2.065265997282992601e+02
2.066733330588888862e+02
2.071043768271595695e+02
2.078226028557169514e+02
2.081440432886026883e+02
2.079838821097000334e+02
2.079029112219198510e+02
2.076595062847671613e+02
2.071712184694619623e+02
2.067588065348094233e+02
2.060189964998082246e+02
2.053929257573819598e+02
2.048413391488705315e+02
2.043245849988597911e+02
2.033985707059190702e+02
2.031096673797167398e+02
2.029794619997135214e+02
2.029287494946594563e+02
2.027159085804641734e+02
2.024605137176408505e+02
2.026469835531725039e+02
2.024312965183553388e+02
2.024154510286423374e+02
2.022378293218606018e+02
2.020988174968294402e+02
2.022008257543733976e+02
2.023038643983561258e+02
2.022059236347022591e+02
2.016625491259629825e+02
2.011944940666294031e+02
2.007217111784127610e+02
2.000825365438516314e+02
1.994369055998506894e+02
1.993908137372233966e+02
1.994250643810340193e+02
1.994596609909430072e+02
1.998178393847902328e+02
1.994523630149400901e+02
1.998508717322627035e+02
1.996877492245079679e+02
1.997654032570787308e+02
1.998034376334132389e+02
1.996398359933464235e+02
1.994341777710566816e+02
1.989436139101588594e+02
1.986905191011702527e+02
1.986772920213836926e+02
1.989063555771558072e+02
1.988953086637934291e+02
1.986417259230238415e+02
1.980623494171958328e+02
1.977599489062585292e+02
1.977777261679376863e+02
1.975936627958965346e+02
1.972865280766629894e+02
1.969358869461241284e+02
1.968241282284089664e+02
1.966304325539481113e+02
1.963135682363118804e+02
1.963167355922339254e+02
1.960775106992261954e+02
1.961186976759862262e+02
1.960794926020054731e+02
1.960802955575811950e+02
1.959598945026079377e+02
1.956362570733412269e+02
1.953901586599408517e+02
1.948991501615566904e+02
1.944839900621786342e+02
1.941050404668472993e+02
1.939242832998453139e+02
1.933780639392377907e+02
1.932303676153918843e+02
1.930407753690824677e+02
1.931725003728109868e+02
1.934671720937483883e+02
1.940880526199472342e+02
1.945939925454014201e+02
1.947414066115165383e+02
1.947286935469868752e+02
1.945138318656434535e+02
1.942159917834780174e+02
1.940767593772513351e+02
1.940169286638901269e+02
1.938756855190809461e+02
1.933289752717985266e+02
1.933423992644428893e+02
1.931539386509522274e+02
1.931251905565175946e+02
1.926921116732501389e+02
1.920526380537889111e+02
1.919723616704936262e+02
1.920528905762558907e+02
1.920938288649048218e+02
1.918523523887924114e+02
1.914468205947404442e+02
1.911584046411515487e+02
1.911094996375270796e+02
1.912621208459866580e+02
1.913354756020067953e+02
1.917328036383914878e+02
1.920533370084760350e+02
1.921750878873495765e+02
1.924192806942928939e+02
1.923023037316085606e+02
1.924669734662712415e+02
1.925524984507788986e+02
1.922348469199791055e+02
1.917523706262417136e+02
1.915478491174162627e+02
1.910584334519355707e+02
1.904832661130663212e+02
1.900235011243096892e+02
1.897207082063730184e+02
1.893744527337101431e+02
1.892267199330406982e+02
1.888350706394357985e+02
1.885202733731672424e+02
1.886063367405726581e+02
1.889356936773463929e+02
1.891471653306522285e+02
1.889971366976284912e+02
1.891284209066953963e+02
1.894630514209050318e+02
1.893970216372773621e+02
1.896939612497758105e+02
1.901151123735102715e+02
1.906617296702129067e+02
1.907694239093062549e+02
1.906357817265717642e+02
1.906624057844159097e+02
1.909721270549654548e+02
1.910021485403692338e+02
1.912344934751205301e+02
1.913883772475966794e+02
1.916246234824206169e+02
1.919844681640617523e+02
1.919439072364250478e+02
1.923877850872985391e+02
1.925937223104025406e+02
1.927613356670730411e+02
1.931326622899740357e+02
1.927400629191650978e+02
1.919394574941059091e+02
1.911307651455619236e+02
1.905159243894566430e+02
1.896928529186425578e+02
1.893463160794368605e+02
1.896023394741788763e+02
1.895377166405843070e+02
1.897956733743277198e+02
1.893693670447763111e+02
1.887367343886622848e+02
1.882997317057197790e+02
1.881007390966868513e+02
1.880209485825114371e+02
1.885060086692033963e+02
1.884303117870741460e+02
1.885154664515905552e+02
1.882378449005961443e+02
1.876341867682795908e+02
1.870648351194741963e+02
1.864897324439136810e+02
1.858684166100138100e+02
1.859276935454682587e+02
1.861491853994623682e+02
1.861304903024876580e+02
1.854651417196846523e+02
1.848334764845300242e+02
1.840742186712423347e+02
1.837921400719621374e+02
1.835880202747091232e+02
1.834626467421304881e+02
1.834168148910414970e+02
1.833705200919610832e+02
1.834449697898594707e+02
1.838838078685445225e+02
1.840038463318633433e+02
1.842867134665286244e+02
1.844916297641711651e+02
1.847794240042131833e+02
1.849085090951643622e+02
1.849984940355195704e+02
1.851297919550701181e+02
1.851412039950205894e+02
1.855971757525460646e+02
1.858961371237836033e+02
1.855920577007917416e+02
1.850020784856480134e+02
1.850930085713621054e+02
1.849828369407693742e+02
1.852755928694643046e+02
1.852884776459236775e+02
1.853418966120435414e+02
1.853150470828728089e+02
1.852879263463357802e+02
1.853817437841777860e+02
1.857189331153314527e+02
1.857362960760919748e+02
1.858346425011026497e+02
1.855703459607105117e+02
1.856266120815250247e+02
1.858046586682073098e+02
1.858632915840477153e+02
1.863265571556039220e+02
1.867540981369737096e+02
1.866607051888626643e+02
1.864047527160225854e+02
1.859845987030529670e+02
1.856410087909623030e+02
1.850515240312751928e+02
1.844964889204804308e+02
1.834105948691715469e+02
1.824753483526986884e+02
1.814902508613116652e+02
1.807376271326382380e+02
1.800986132652912772e+02
1.799379931972640350e+02
1.798161547447112696e+02
1.797334896411221052e+02
1.794479693344673024e+02
1.794019892267345995e+02
1.791535244714485771e+02
1.789833580519686507e+02
1.784478364161301158e+02
1.779473095112424801e+02
1.775629389002450580e+02
1.772150897982273818e+02
1.773889795941686032e+02
1.771201814082513408e+02
1.765658398063147843e+02
1.759654947538528234e+02
1.752378734887402629e+02
1.745837105946876591e+02
1.738825359542293256e+02
1.736591272264944905e+02
1.735546739661561446e+02
1.734491656223798657e+02
1.731001672953335344e+02
1.730304720154882716e+02
1.730812848641294863e+02
1.731326109738681680e+02
1.730228393675432699e+02
1.727503427954987956e+02
1.719094371671702106e+02
1.711004415830003893e+02
1.701620622050509724e+02
1.692142042475256574e+02
1.680547517651777412e+02
1.671664159244218411e+02
1.661074908327491073e+02
1.655227180128778173e+02
1.653360788008868383e+02
1.648243220210980553e+02
1.647518404253514461e+02
1.650826670963150207e+02
1.647703708043588904e+02
1.643337078831906126e+02
1.638522301850408667e+02
1.634871011970107872e+02
1.631586880777887814e+02
1.631097859371604955e+02
1.628179655930914294e+02
1.619979450435267552e+02
1.608060050944715158e+02
1.597232374691633936e+02
1.595588257264273579e+02
1.594735613398258920e+02
1.591854154947734514e+02
1.585307227219934134e+02
1.576673966888820928e+02
1.568761582715981717e+02
1.563193517894929130e+02
1.557569209994876474e+02
1.550675969691796752e+02
1.544925221910905577e+02
1.542348709000916926e+02
1.540554251516074089e+02
1.539953789410179752e+02
1.536518979202196817e+02
1.531029271921413510e+02
1.527100274668095778e+02
1.519495226937467010e+02
1.517873966603505096e+02
1.514216127882326930e+02
1.511733462507401100e+02
1.512458042936769118e+02
1.514806103976532370e+02
1.513945559572255206e+02
1.515904605628540196e+02
1.515055157200547740e+02
1.515409249697522114e+02
1.514554797674265387e+02
1.511671512802284951e+02
1.504314659396249283e+02
1.497287534743684887e+02
1.491805590650187128e+02
1.486268273384027907e+02
1.480270983216189791e+02
1.475829275975948178e+02
1.474979066642371492e+02
1.474120269335729745e+02
1.470424514480533844e+02
1.469923752000538570e+02
1.462549244444988688e+02
1.455908327722210061e+02
1.448392250224453903e+02
1.441204293156016547e+02
1.438388174905066421e+02
1.435139570611176509e+02
1.429029869304219176e+02
1.421646332630523659e+02
1.412572053162144812e+02
1.403002073901158724e+02
1.390507145354704335e+02
1.381118328641115056e+02
1.374462958223348892e+02
1.364508038609446032e+02
1.356068725868127842e+02
1.349564369563766775e+02
1.342186231882591017e+02
1.331097203921809751e+02
1.323936569617987686e+02
1.318319767290896039e+02
1.307797744738275867e+02
1.297169439129572766e+02
1.286837817302598239e+02
1.282058401315756839e+02
1.276018587187631255e+02
1.273554128472355842e+02
1.269044574214501040e+02
1.266509670923738184e+02
1.262333000933070224e+02
1.254881819124312443e+02
1.248971534469004467e+02
1.236536903504044318e+02
1.226804953034387609e+02
1.210914093974131021e+02
1.197286963610232533e+02
1.185542387485084106e+02
1.174891300489985468e+02
1.162920505545438061e+02
1.148808591460037292e+02
1.136978375212160586e+02
1.124220581022383385e+02
1.108505637396346231e+02
1.095056199390249390e+02
1.079046666050754908e+02
1.062875420253289604e+02
1.051793353791200616e+02
1.040599347263839292e+02
1.028888229559434535e+02
1.015846696524679089e+02
1.004289592449170527e+02
9.914036287365367173e+01
9.775794229661991608e+01
9.652317403698971532e+01
9.527593337069656343e+01
9.417771047545109298e+01
9.323001058126374119e+01
9.255556624370068164e+01
9.175309721585925615e+01
9.106373456147395018e+01
9.028660056714558380e+01
8.909757633045005321e+01
8.809856194994951295e+01
8.725107267671663180e+01
8.603138654213812231e+01
8.516301670923043332e+01
8.420506738306092132e+01
8.331824988187975123e+01
8.262449483018151852e+01
8.160049982846614114e+01
8.076818164491538710e+01
7.948301176254084055e+01
7.802324420458666054e+01
7.654873151978459589e+01
7.497851668665120428e+01
7.327122897641534394e+01
7.158709997617715715e+01
6.984555553149210994e+01
6.784399548635559540e+01
6.626666210743005081e+01
6.499662839134349213e+01
6.326932160741777977e+01
6.160537536102811629e+01
6.020744985962441120e+01
5.863378773699432855e+01
5.769069468383269594e+01
5.609161079175023445e+01
5.463799069873752501e+01
5.321009161488643002e+01
5.196978950998631319e+01
5.079776718180436745e+01
4.904824967859030238e+01
4.711944411978819858e+01
4.561560012099815964e+01
4.433899002121028587e+01
4.317069699112152392e+01
4.162696665769855997e+01
4.006764308858434731e+01
3.833095261473165039e+01
3.689995213609260816e+01
3.577772943039655473e+01
3.424013073777427962e+01
3.228296034118614699e+01
3.103329327392539128e+01
2.952857906457111881e+01
2.788745360057686540e+01
2.671459959654228555e+01
2.496424201670938459e+01
2.303458789566603215e+01
2.068140191481417034e+01
1.866808274223652830e+01
1.663442701236013122e+01
1.466103738622235220e+01
1.274852261234580730e+01
1.081668950741999957e+01
8.986555057999998652e+00
6.935914200000000029e+00
5.066579999999994754e+00
3.541999999999998039e+00
1.800000000000000044e+00
