1.855961299527918413e+02
1.862991211644367411e+02
1.869284052166024139e+02
1.877256618349517510e+02
1.886117796312643975e+02
1.884159390214790335e+02
1.884605444661406466e+02
1.882631762284246690e+02
1.882658345741670303e+02
1.883493278526941879e+02
1.883932604572665923e+02
1.884780408659262321e+02
1.887656978443702371e+02
1.886926240852219792e+02
1.887400243285067347e+02
1.886666912409161228e+02
1.881481729706227384e+02
1.873415888592148519e+02
1.867692816759759751e+02
1.861507895716915755e+02
1.856876662340316386e+02
1.852602689232651016e+02
1.851921908315801204e+02
1.853254452844248306e+02
1.852176214994193231e+02
1.852299207064849043e+02
1.850403239459437543e+02
1.851720443898420001e+02
1.853454993836784013e+02
1.853994943269474902e+02
1.853732265928782681e+02
1.854679056493700386e+02
1.853615208579502678e+02
1.854560816746973728e+02
1.855111936108060888e+02
1.856072662735398922e+02
1.857851174480213388e+02
1.860859772202229578e+02
1.867535123436593949e+02
1.867005175188483861e+02
1.870914318372202274e+02
1.876479109466867214e+02
1.877655666128157179e+02
1.874399662755708391e+02
1.871110770460319941e+02
1.868596737838707895e+02
1.866461351352220674e+02
1.865112476113366142e+02
1.863345935468054506e+02
1.861965591381866432e+02
1.858955142809972187e+02
1.855510245262591980e+02
1.852434591174341847e+02
1.847307667852861357e+02
1.844553199851384022e+02
1.842578989748857907e+02
1.843009080554416528e+02
1.845867758135769634e+02
1.851583594076535917e+02
1.856549084925794944e+02
1.858332409015951612e+02
1.860537786884798663e+02
1.859533118065468500e+02
1.858518301076220496e+02
1.856281112198216476e+02
1.853617285048692906e+02
1.853754833382527920e+02
1.852681649881336057e+02
1.854425908971039121e+02
1.852147382799034290e+02
1.846613517978824461e+02
1.840215674726078134e+02
1.836177449218263291e+02
1.828866110321477834e+02
1.830773848809591300e+02
1.828660453343008214e+02
1.830566114487893685e+02
1.827238499482715213e+02
1.822665150992642111e+02
1.814409243426919147e+02
1.811322468108015187e+02
1.806588351624236850e+02
1.806654900630552447e+02
1.805510000636920154e+02
1.807585859229205880e+02
1.808470564877992501e+02
1.804919762503021445e+02
1.800929053033352716e+02
1.802150558619550793e+02
1.803788443050057424e+02
1.803826710151571433e+02
1.803057282981389164e+02
1.804300285839782134e+02
1.807172005898778195e+02
1.812901016059366555e+02
1.817071733393308079e+02
1.821284579185156076e+02
1.824327857762775125e+02
1.828209957336136995e+02
1.824454502359733397e+02
1.821065153898727260e+02
1.819661771614869963e+02
1.816628052136237841e+02
1.817604093066907751e+02
1.817781912188781916e+02
1.820385769887669483e+02
1.818975525139059357e+02
1.819167197110160146e+02
1.815724441525418911e+02
1.812246910631747312e+02
1.810754455183580660e+02
1.813287328468258011e+02
1.819482149967929558e+02
1.822103181785797972e+02
1.824346648268475803e+02
1.825804695220690803e+02
1.828085550727967075e+02
1.825540960331283316e+02
1.825798949829570574e+02
1.824443383666239527e+02
1.825902407743672597e+02
1.826164048225932106e+02
1.828852573965585862e+02
1.829144014106658460e+02
1.829842438491565133e+02
1.829335796456132925e+02
1.831248279248618189e+02
1.835604322473354557e+02
1.840408406538741417e+02
1.839604451049233091e+02
1.838388334393169430e+02
1.837968014538558350e+02
1.842795974281356735e+02
1.847268660890262879e+02
1.848958243323502018e+02
1.854705296286361431e+02
1.861318481097331698e+02
1.863958061714486405e+02
1.861775819913614498e+02
1.858763454458207036e+02
1.856528741876969661e+02
1.856695698865629254e+02
1.856864342288520504e+02
1.860267012412643055e+02
1.862087891325905957e+02
1.863927162955456538e+02
1.860532487833785069e+02
1.861952007912924785e+02
1.860961624154463721e+02
1.864405680964109706e+02
1.863036041377890797e+02
1.868925294321088870e+02
1.867197266991002209e+02
1.869492188879811465e+02
1.868173928161422737e+02
1.867246392082247155e+02
1.867521608163875726e+02
1.864971321377665276e+02
1.863203354926928625e+02
1.862629651441351371e+02
1.861242072162973216e+02
1.860648557740389890e+02
1.866109654283216912e+02
1.868393590185078494e+02
1.868680394126326405e+02
1.866545852652863005e+02
1.862773588538235003e+02
1.860175341957827300e+02
1.862399335310920208e+02
1.863837712435277467e+02
1.870543143874021155e+02
1.876508226135375992e+02
1.882937602156944479e+02
1.880543032481763532e+02
1.879336396446223887e+02
1.878925652975997878e+02
1.881339043410076215e+02
1.883776811525350467e+02
1.884219001540750469e+02
1.881029294485611558e+02
1.879423529783448714e+02
1.879013666447922617e+02
1.881831986311035507e+02
1.883466652839431106e+02
1.884713790746896223e+02
1.885973526006976613e+02
1.884821743441389401e+02
1.883254286304435539e+02
1.884499279095383031e+02
1.886160887975144931e+02
1.886627159570852825e+02
1.885077938960445181e+02
1.886341352485312086e+02
1.888021568166974475e+02
1.890122796128267453e+02
1.886992723361900346e+02
1.885043154910988221e+02
1.883881974657565763e+02
1.880284822886435450e+02
1.878671538269124710e+02
1.878658119463761693e+02
1.879856686327026978e+02
1.881875440734383176e+02
1.880682263368053384e+02
1.882305316533394830e+02
1.885560925791305920e+02
1.885617096758898015e+02
1.886077875514042432e+02
1.887351389408122202e+02
1.883789282230423794e+02
1.883423517404462757e+02
1.881437896368148301e+02
1.878624137745608209e+02
1.878610240147071409e+02
1.875363878936437629e+02
1.872084726198424391e+02
1.872812854745887989e+02
1.875164499743319766e+02
1.876731817922550078e+02
1.876698805982365172e+02
1.878281622204412997e+02
1.879880426469108272e+02
1.880687299463752424e+02
1.883118484306820619e+02
1.887594428592743441e+02
1.889287301608834468e+02
1.889381112736183468e+02
1.895132437107268686e+02
1.895689330411379387e+02
1.895847808496343418e+02
1.896815968178130731e+02
1.899410068866796166e+02
1.900010170572510901e+02
1.899808253103552431e+02
1.899604296064189555e+02
1.898590198044637418e+02
1.898777977822873311e+02
1.898967654366527142e+02
1.901179448855085923e+02
1.900585301873818480e+02
1.899177072599820519e+02
1.896946537979620189e+02
1.897117715130934528e+02
1.897694661748412273e+02
1.896661274493353915e+02
1.898445731811464441e+02
1.899844173546933348e+02
1.900852700552455588e+02
1.899447172275209539e+02
1.898835527550720030e+02
1.899025785404768669e+02
1.898813924651268508e+02
1.900620125910375293e+02
1.899212248394323694e+02
1.904254796357907367e+02
1.904095753896877738e+02
1.903127024138257468e+02
1.894471741553796278e+02
1.891789637933131587e+02
1.891100644376894024e+02
1.893232974118082268e+02
1.894578761735435535e+02
1.899574506803473923e+02
1.899368188690374097e+02
1.901179988576132018e+02
1.901797968258713922e+02
1.904846432584560603e+02
1.910349931903597565e+02
1.913080739296570982e+02
1.915031049794513081e+02
1.917405100802544951e+02
1.919399091719745059e+02
1.918584941131042001e+02
1.922611051647517399e+02
1.927485910755066527e+02
1.927157485611192556e+02
1.927633823849682528e+02
1.928519013989579207e+02
1.931837387868268650e+02
1.932765038250776399e+02
1.933298018435122856e+02
1.932624261045579601e+02
1.932347738429879200e+02
1.932472463060476855e+02
1.932194407131803473e+02
1.932317582961409812e+02
1.933250083799408117e+02
1.935000084645867275e+02
1.935151600652391721e+02
1.935708687527671259e+02
1.935059280330971774e+02
1.932787151849465488e+02
1.927259749342907469e+02
1.929757322568582083e+02
1.928239719766257849e+02
1.924282545218436553e+02
1.923113682038815000e+02
1.924761294988709892e+02
1.927233631301725723e+02
1.929326900304778007e+02
1.927804949802811336e+02
1.928691868487678676e+02
1.929587745947145265e+02
1.933724995906216577e+02
1.937095955460829373e+02
1.939288843899820733e+02
1.938675599898802773e+02
1.936844040301830319e+02
1.936206101314976991e+02
1.940814243752500374e+02
1.943044690659088474e+02
1.944085546120298886e+02
1.945136915273026261e+02
1.943774661891950757e+02
1.939570365547428139e+02
1.934111480350939019e+02
1.930213616516106754e+02
1.927892541935458155e+02
1.927972264581271418e+02
1.928052792506343849e+02
1.931770497481144844e+02
1.929869189374897473e+02
1.928352716540300662e+02
1.923588602565959320e+02
1.925241012692892468e+02
1.926506073427165120e+02
1.928996033764817639e+02
1.928278821984663125e+02
1.925938204024906497e+02
1.920341620227178225e+02
1.916304666896133995e+02
1.911822895854681690e+02
1.910124137226967207e+02
1.907196098209043953e+02
1.907066765867727725e+02
1.904511884714883081e+02
1.902739277489773997e+02
1.907009371201795886e+02
1.907686233537160376e+02
1.909582054077951057e+02
1.906244499068636173e+02
1.905297473806692778e+02
1.905957044249184662e+02
1.900966711362825379e+02
1.896330011477591597e+02
1.894878799472315904e+02
1.897049292396281714e+02
1.894797265046745167e+02
1.895754813178537006e+02
1.895509912301544659e+02
1.898090820506620844e+02
1.898677596471323739e+02
1.902502622698310972e+02
1.909598608786170075e+02
1.917978392713310996e+02
1.919574134053846990e+02
1.920781953589744546e+02
1.919577730898725463e+02
1.922401748382553421e+02
1.926466412507627410e+02
1.930976174250137660e+02
1.937147650757694919e+02
1.940957222987583464e+02
1.942785073724835740e+02
1.946651589621048970e+02
1.950961201637419151e+02
1.954910304684261177e+02
1.960111418872994591e+02
1.964556988760599836e+02
1.967027261374345528e+02
1.969926526640760187e+02
1.971642956202786081e+02
1.972568642629068449e+02
1.971079436999071106e+02
1.971595390908143486e+02
1.974136758493078503e+02
1.972259352013200271e+02
1.971575103043636830e+02
1.970883942468324221e+02
1.970993881281144127e+02
1.971508970991052081e+02
1.967584819182882256e+02
1.964833150689779586e+02
1.965286010797762231e+02
1.967359606866429829e+02
1.970666269562051696e+02
1.972390171274788315e+02
1.969687041691700244e+02
1.969380850193645642e+02
1.969879646660241406e+02
1.970787521879045130e+02
1.973320729170746688e+02
1.973455281990663650e+02
1.975611395950160158e+02
1.979001410050670131e+02
1.980809505101685488e+02
1.981423742526958733e+02
1.983256305582777941e+02
1.981875056144225198e+02
1.984520258731544970e+02
1.982747736092459547e+02
1.982169430396436667e+02
1.983605485248919535e+02
1.986268166918101201e+02
1.990169865573838308e+02
1.990474611690744098e+02
1.986742032010858736e+02
1.982163668697827461e+02
1.981175422927107945e+02
1.980985275683944451e+02
1.978773005741359441e+02
1.971689904789244281e+02
1.967363540191161064e+02
1.969862161809257941e+02
1.971577941221468109e+02
1.974119132546930189e+02
1.976685992471658153e+02
1.980490901486521125e+02
1.976253435844981254e+02
1.978033773580784214e+02
1.978619973313924731e+02
1.978808053852442299e+02
1.979806115002468800e+02
1.980410217174208469e+02
1.982232542600210081e+02
1.983265194545662098e+02
1.985924438935026330e+02
1.982953978722248110e+02
1.981165635072977693e+02
1.981379429366644445e+02
1.980383261986506511e+02
1.979377032309603237e+02
1.978360638696571812e+02
1.975717816865219731e+02
1.973048299863858972e+02
1.970351818044301524e+02
1.970860422266971739e+02
1.972990325522194439e+02
1.978778106588074763e+02
1.983412228876842391e+02
1.988497200885702796e+02
1.984340606955254032e+02
1.983374350459859841e+02
1.981994293393798330e+02
1.983428579185660112e+02
1.980028867864297695e+02
1.977806937236675253e+02
1.975562562865313225e+02
1.970467235217492714e+02
1.968148722441911502e+02
1.968635073173652188e+02
1.969126336539036117e+02
1.969622562160650716e+02
1.969719759758215503e+02
1.967797737129524194e+02
1.969088623363153658e+02
1.972816791275914170e+02
1.978602819470620204e+02
1.978790726737996977e+02
1.981404774482833488e+02
1.982833105538209963e+02
1.980639500543648808e+02
1.978019697518834334e+02
1.971737068200849308e+02
1.969027341617017441e+02
1.967098324865680468e+02
1.969190227137040381e+02
1.968070936502065820e+02
1.966132259092986772e+02
1.961749756659586978e+02
1.956918946120805458e+02
1.956887824364446828e+02
1.954836186226707753e+02
1.949127460835062777e+02
1.945381273570766609e+02
1.940789165222998065e+02
1.940595116386863879e+02
1.942015269077639346e+02
1.943853807149141346e+02
1.940458391059724761e+02
1.935412516221948351e+02
1.934356076991866189e+02
1.935713209082684614e+02
1.932639605134024521e+02
1.931151116296997543e+02
1.930455673027264254e+02
1.926924922249769168e+02
1.924570628535127241e+02
1.922192554075877808e+02
1.918174297046345202e+02
1.916135653582167606e+02
1.919732983416336083e+02
1.918518165066993504e+02
1.919311277845446284e+02
1.921324523076217190e+02
1.920529821289098322e+02
1.921747294231420256e+02
1.921360903264064746e+02
1.922586770973798025e+02
1.923420980781614276e+02
1.923859576547097561e+02
1.924302602572809633e+02
1.925962224821023767e+02
1.928042651334378093e+02
1.928527930640783836e+02
1.929018111758364569e+02
1.926280920968044370e+02
1.927960526230343987e+02
1.932889420434690066e+02
1.936251939833019549e+02
1.932375696801036895e+02
1.932096663435390553e+02
1.928986528722611240e+02
1.933521746184460426e+02
1.936890652711578866e+02
1.942313790617749589e+02
1.944155344058335402e+02
1.947227620260944718e+02
1.946694565920156776e+02
1.941307642343574571e+02
1.935866305397561575e+02
1.931178086260158580e+02
1.930078875010265733e+02
1.928968560616428931e+02
1.929463192541852266e+02
1.928750699537224875e+02
1.929647171249720543e+02
1.930956738636076864e+02
1.930259331955637094e+02
1.929958921167313690e+02
1.925211031482132569e+02
1.922031344931446881e+02
1.924072065587316445e+02
1.924517237966994685e+02
1.924562866633326905e+02
1.927033198619523660e+02
1.927508281433860020e+02
1.930008365084708828e+02
1.931725621297678970e+02
1.934268304341095757e+02
1.933604347819292855e+02
1.932125603857869010e+02
1.932652125108951111e+02
1.933588005160562489e+02
1.938977782990457968e+02
1.941593720192389867e+02
1.943023959790288302e+02
1.945680767464938867e+02
1.945132088348421178e+02
1.938921301362042584e+02
1.936688183193990369e+02
1.935644629488868986e+02
1.929338009584725171e+02
1.920947484429015901e+02
1.915704529726274927e+02
1.908792454268963752e+02
1.906255004312089341e+02
1.903287883143517547e+02
1.903927154690433099e+02
1.903360762313559178e+02
1.902788648801578404e+02
1.902614796769273084e+02
1.902439188655833391e+02
1.903473927935181962e+02
1.903306997914322949e+02
1.905966664559923345e+02
1.905016832888812814e+02
1.902037204938196737e+02
1.895391116099194164e+02
1.885445571817368489e+02
1.878631890724607842e+02
1.873769586590517520e+02
1.874514733929814838e+02
1.876075488817995165e+02
1.879672210927261631e+02
1.879668899926530514e+02
1.880877676693461638e+02
1.882502703730775124e+02
1.878487579526031084e+02
1.880492504571749635e+02
1.880093438961363006e+02
1.882114584809461348e+02
1.886580388696429225e+02
1.891091301713571795e+02
1.894031617892495660e+02
1.894577391810597646e+02
1.893916557384440580e+02
1.893653088267112992e+02
1.893386957845569896e+02
1.892310058429866615e+02
1.886777836797846248e+02
1.881189734139238112e+02
1.880393670847718397e+02
1.877973404896676186e+02
1.879569095855234195e+02
1.877544541267909608e+02
1.879135900270624120e+02
1.880339293202650026e+02
1.882362922426917180e+02
1.879962547905983001e+02
1.878750048389879908e+02
1.879545503424120341e+02
1.879944952953659367e+02
1.877924194902681734e+02
1.873458782729978225e+02
1.870160386595936188e+02
1.867232713733269804e+02
1.861043145185126093e+02
1.854791055742546177e+02
1.852112177517730061e+02
1.849002199512859761e+02
1.842224443952376305e+02
1.836186307022609867e+02
1.833723542447077364e+02
1.832043982269777302e+02
1.833175739666440052e+02
1.839975494612570799e+02
1.838359085467237719e+02
1.843999076229531795e+02
1.845251592151049636e+02
1.843688476920247581e+02
1.840897451434595098e+02
1.839290354984441080e+02
1.837262984832766222e+02
1.841679782659365685e+02
1.844120992585211525e+02
1.846990901601225801e+02
1.850697880405280671e+02
1.855250384247756017e+02
1.854596347725008059e+02
1.853935704772729025e+02
1.851652227043162497e+02
1.849345683881979028e+02
1.849036044325237071e+02
1.849531357904276092e+02
1.847203391822509104e+02
1.848892314972222835e+02
1.846961934315381484e+02
1.849052458904426430e+02
1.850760059499412762e+02
1.847232383332747929e+02
1.846497356901764135e+02
1.846967027173498082e+02
1.848653562801518149e+02
1.846316730102545876e+02
1.844764373840949929e+02
1.844004418021165463e+02
1.840812543455723471e+02
1.842032872177499030e+02
1.846497850684337720e+02
1.851411970388226109e+02
1.853547444836589477e+02
1.856916610946052231e+02
1.861935970652577339e+02
1.863773707729872058e+02
1.866438088616035316e+02
1.863068776379835754e+02
1.866130077151340458e+02
1.870030380960954801e+02
1.869121596930257567e+02
1.872244037303294704e+02
1.873377815457873226e+02
1.876543247937246406e+02
1.880144694886106720e+02
1.884186560491015143e+02
1.887865212617191730e+02
1.892389103653723907e+02
1.893726367326993341e+02
1.891440775077774674e+02
1.886707853613910402e+02
1.881523084458489450e+02
1.876689984301510776e+02
1.875444428587379662e+02
1.880246897563018251e+02
1.881865553093957715e+02
1.883904599084802385e+02
1.886772322307888601e+02
1.886436689199881584e+02
1.885289585050386449e+02
1.878070287929683673e+02
1.877242715080487585e+02
1.877618904121706578e+02
1.875170610223954668e+02
1.876737990125203339e+02
1.878321202146662188e+02
1.877092123380470241e+02
1.878678912505526455e+02
1.885130214652041900e+02
1.889222439042471535e+02
1.894568120244927627e+02
1.898755677015075776e+02
1.902985532338460928e+02
1.903621749836819390e+02
1.902648232158408064e+02
1.902472961776167324e+02
1.898659557349666329e+02
1.893595512474415159e+02
1.885247992398395809e+02
1.881260598382219200e+02
1.874404644830531765e+02
1.869903681646988787e+02
1.868589577421215324e+02
1.872514724667887549e+02
1.876479519866556416e+02
1.874827797845008490e+02
1.872351310954552446e+02
1.874294253489449034e+02
1.873832579282271524e+02
1.870537958870979480e+02
1.865593897849480811e+02
1.859791816009570198e+02
1.854739208090477121e+02
1.850039604131802946e+02
1.846908691042220028e+02
1.842534031355782531e+02
1.837711142783620346e+02
1.833647618973347164e+02
1.829947089872072752e+02
1.822976858456642049e+02
1.819168543895598020e+02
1.813301559490500665e+02
1.814243999485354379e+02
1.815599999480157578e+02
1.817777777252691749e+02
1.819169471972408871e+02
1.817342900982234255e+02
1.816710000992152061e+02
1.821323233325406079e+02
1.824366902348897099e+02
1.825825153887774377e+02
1.828106216048260819e+02
1.827582036412378557e+02
1.828668723648873424e+02
1.827342145099864865e+02
1.826810247575628807e+02
1.827485098561234622e+02
1.827358685415398156e+02
1.828039076177169306e+02
1.825089975936525377e+02
1.824131288824780484e+02
1.823566958408869709e+02
1.820572685261482775e+02
1.817952207334831769e+02
1.813285057913970491e+02
1.810995007993908814e+02
1.808277785852430668e+02
1.805533117022659724e+02
1.805184966689552937e+02
1.802409057262175054e+02
1.797988946729470854e+02
1.794736309827752052e+02
1.793471020028031546e+02
1.789768707099017888e+02
1.788453239493962883e+02
1.785912363125217155e+02
1.786174104166881875e+02
1.785226367845330913e+02
1.787905422065997243e+02
1.789803456632320149e+02
1.790508542052845655e+02
1.783139941467523784e+02
1.776100950977293280e+02
1.768990859573027876e+02
1.760192787447502951e+02
1.749689684290408991e+02
1.742312812414552923e+02
1.731629103449046738e+02
1.722049599443479053e+02
1.713585453983315290e+02
1.707460054528600892e+02
1.703292984372322962e+02
1.704336347850835125e+02
1.705390250354375041e+02
1.704434596317554735e+02
1.701045046785409909e+02
1.693176814934752485e+02
1.686037186802783197e+02
1.681249683639175316e+02
1.679242104686038886e+02
1.678022327965692853e+02
1.678406391884536504e+02
1.681218577661151414e+02
1.682443007738537233e+02
1.686508088624785273e+02
1.684149584469482193e+02
1.683383418656040647e+02
1.681397392581851591e+02
1.681007467254401888e+02
1.680209562883225658e+02
1.677383396851753901e+02
1.674932724092673766e+02
1.673669418275432292e+02
1.670777190177203408e+02
1.666643626441621109e+02
1.665700632769311085e+02
1.663131952292236804e+02
1.656496921507306865e+02
1.655047395461928090e+02
1.652775146931240329e+02
1.652096108011353977e+02
1.650198088900361029e+02
1.648684938283190320e+02
1.652409028568878000e+02
1.656170735928159274e+02
1.660778521139554584e+02
1.664220728423794640e+02
1.666081543862418641e+02
1.663112670568097826e+02
1.658901687442521222e+02
1.653840088325781892e+02
1.655192008409881339e+02
1.656961624656441927e+02
1.660769317834790968e+02
1.662191230136151603e+02
1.655546697107221803e+02
1.651663330411338677e+02
1.648548818597314778e+02
1.649039210704351319e+02
1.646706273438741732e+02
1.643945730746202116e+02
1.639541142167880423e+02
1.633879941583715834e+02
1.632201961195669924e+02
1.631315112318865204e+02
1.629611224564504823e+02
1.629506287438896379e+02
1.626572007514035079e+02
1.626032330822259553e+02
1.624275081638646157e+02
1.624116244079439184e+02
1.620319438464079838e+02
1.615676200468766410e+02
1.610177980271483875e+02
1.608664626536851756e+02
1.606327905592780496e+02
1.607199904639170995e+02
1.602424146100173914e+02
1.600832470808258279e+02
1.593568152331572207e+02
1.587038537708660328e+02
1.579230846170362099e+02
1.570940248656932283e+02
1.560949746118115513e+02
1.552878531432438365e+02
1.545129829729738162e+02
1.537706898716908483e+02
1.527784746178697333e+02
1.520994693109790319e+02
1.513327972838176265e+02
1.507199972563808501e+02
1.507474719761422648e+02
1.506136080567094950e+02
1.503571798552621601e+02
1.497345251063250089e+02
1.496308334407325447e+02
1.494856903441742872e+02
1.494602932769437587e+02
1.494346396736805502e+02
1.490854946198795687e+02
1.485712066867469048e+02
1.482941481684314340e+02
1.482567153216479880e+02
1.479764801228765236e+02
1.480166465887641891e+02
1.480572187765295666e+02
1.475729482591205226e+02
1.469625739991118962e+02
1.463056303021328404e+02
1.455612427294272209e+02
1.450921643731586528e+02
1.450627922961201648e+02
1.450331235314342564e+02
1.446395187186206215e+02
1.436358774935557676e+02
1.429049267611675020e+02
1.423686128900683627e+02
1.421905180707758802e+02
1.418894121927030483e+02
1.414640527199020426e+02
1.412768209291938035e+02
1.407644655850445474e+02
1.402065308939843362e+02
1.398853847413984113e+02
1.391569542842405554e+02
1.383807619032736227e+02
1.375967291952256630e+02
1.371684133285105531e+02
1.369781952813239627e+02
1.368264598801252419e+02
1.367135958385099173e+02
1.365995917560711916e+02
1.364036280364351228e+02
1.365693212489246093e+02
1.364942638878025889e+02
1.365396604927296664e+02
1.364643035280099355e+02
1.358225288161715980e+02
1.354570998143150007e+02
1.347647472871871628e+02
1.341866134214006934e+02
1.329965792135361937e+02
1.317541204177130112e+02
1.305395155734476873e+02
1.295550662358056115e+02
1.289243093290967863e+02
1.285700094233298501e+02
1.280909186094242784e+02
1.274453723327516883e+02
1.267933053866179591e+02
1.256498034208262169e+02
1.248987913341679103e+02
1.237765569031999604e+02
1.227237948517169173e+02
1.219432271229464249e+02
1.214376031544915122e+02
1.211692961156479527e+02
1.206558546622708263e+02
1.201372269315865680e+02
1.192497241733198337e+02
1.183128527003230062e+02
1.174473259599223240e+02
1.169770969292145679e+02
1.163809059891054289e+02
1.151726323122278330e+02
1.136289215275025413e+02
1.121100217449521779e+02
1.107777997423759615e+02
1.097149492347230790e+02
1.090049992269929930e+02
1.084494941686798626e+02
1.079691860289694745e+02
1.073224101302722175e+02
1.062246566972447113e+02
1.049137946436812854e+02
1.037917117612942803e+02
1.026178906679739100e+02
1.012301925939131308e+02
9.978807332718497491e+01
9.837179123958075877e+01
9.738564771674826659e+01
9.610671486540242370e+01
9.481486350040640332e+01
9.363117525293574772e+01
9.243553055852088107e+01
9.142982884699071633e+01
9.045437257271801457e+01
8.950946724516965958e+01
8.835299721734315881e+01
8.714444163367984686e+01
8.600448649866662265e+01
8.493382474612793942e+01
8.421598459204835763e+01
8.328887332530146637e+01
8.235239729828417410e+01
8.080040131139816140e+01
7.923272859737200235e+01
7.764922080542629601e+01
7.641335434891547607e+01
7.500338823122783083e+01
7.321554366790698509e+01
7.124802390697672649e+01
6.942224637068370896e+01
6.790125896028665409e+01
6.660733228311777054e+01
6.542154776072503353e+01
6.474903814214655995e+01
6.362529105267321938e+01
6.285382934613458872e+01
6.167053469306532065e+01
6.083892393238927099e+01
5.967568073978713272e+01
5.850068761594663869e+01
5.711180567267332719e+01
5.570889461886193317e+01
5.425140870592115760e+01
5.221354414739519001e+01
5.068034762363142676e+01
4.917206830669843498e+01
4.768895788555396109e+01
4.598884634904447211e+01
4.447358217075196762e+01
4.282180017247677029e+01
4.042606078027957750e+01
3.756167755583795298e+01
3.519361369276566620e+01
3.215516534622791056e+01
2.908602560225036981e+01
2.643032889116200224e+01
2.419225140521411888e+01
2.217399131839810167e+01
2.021615284686675906e+01
1.840015439077450665e+01
1.644460039472171431e+01
1.442888928759769485e+01
1.251402958343201099e+01
1.005457533679999926e+01
7.772298319999995542e+00
5.466967999999993388e+00
3.623199999999998866e+00
1.679999999999999938e+00
