1.456277300695250574e+02
1.457249798682075834e+02
1.461464443113205220e+02
1.466529740518386973e+02
1.471242162139785137e+02
1.474790062767462757e+02
1.473929356330767177e+02
1.478312481142191928e+02
1.483143920345637810e+02
1.488832242773376606e+02
1.489325497750892282e+02
1.491843937122113175e+02
1.495599936486982813e+02
1.491717107562610352e+02
1.491835462184450876e+02
1.495591375943884600e+02
1.500193309034231675e+02
1.503629605085089906e+02
1.507504651601091439e+02
1.514247122829379748e+02
1.517421336191290209e+02
1.518203369890201486e+02
1.521013504939593020e+02
1.521831823171310418e+02
1.525082649667987766e+02
1.525538029967661089e+02
1.516301040371375564e+02
1.516667717546843335e+02
1.515825977320054108e+02
1.516995936686923301e+02
1.521410037057494549e+02
1.523444481876255736e+02
1.525903517046733100e+02
1.530811633380526473e+02
1.531728922606595233e+02
1.532251436976356729e+02
1.531163067652888685e+02
1.534508149144332094e+02
1.540311261761941921e+02
1.541728547234291398e+02
1.538715704277066152e+02
1.538904751795016352e+02
1.543540153328295332e+02
1.546202175079083361e+02
1.548487045534430990e+02
1.547966712661050224e+02
1.551481527940449894e+02
1.554627806000457610e+02
1.556593743434804367e+02
1.560195700439198561e+02
1.563834040847673634e+02
1.571145495805730263e+02
1.576510601823973161e+02
1.580717779620177623e+02
1.588199777394115131e+02
1.591716946862746056e+02
1.590017118043182052e+02
1.590320321255736644e+02
1.590222546722967536e+02
1.590123784568648091e+02
1.590832105624905068e+02
1.593971823863530233e+02
1.598759418043976552e+02
1.599959008125227342e+02
1.601170715278014143e+02
1.606435065937382660e+02
1.609328349431703487e+02
1.611846817607776643e+02
1.608734159199775888e+02
1.600741574949265953e+02
1.592264217120466867e+02
1.587337593050989142e+02
1.587613730354532038e+02
1.587892656923765458e+02
1.585750158508853644e+02
1.583586018695812641e+02
1.580995978480624160e+02
1.582420180283448872e+02
1.582646646750962702e+02
1.584087521970665762e+02
1.582310628253208051e+02
1.583748109346673516e+02
1.588432433683510965e+02
1.589931751195456968e+02
1.594274496157034946e+02
1.594620703188919038e+02
1.599818892110022830e+02
1.606685749606071170e+02
1.609581565258663716e+02
1.610486429554210304e+02
1.614632757125467890e+02
1.619225007197445905e+02
1.622247482017622247e+02
1.626512608098607302e+02
1.630416775857182756e+02
1.635976541269880045e+02
1.639976304313013031e+02
1.643612428599002442e+02
1.642840836968685210e+02
1.648526097948163738e+02
1.651440502977949336e+02
1.653576265634283118e+02
1.656137642054839034e+02
1.659532971772559620e+02
1.666598961386432052e+02
1.673332284228714002e+02
1.678113418412846158e+02
1.684559008497828358e+02
1.689453543937195263e+02
1.689953074684042349e+02
1.690861691600037773e+02
1.695819890505081275e+02
1.700828172227360540e+02
1.705483002249855815e+02
1.708164648737227935e+02
1.707237018926495864e+02
1.708724261541909186e+02
1.709822486405963957e+02
1.710931804450469258e+02
1.715284650960071247e+02
1.719277425212190451e+02
1.721290328497156850e+02
1.722919523734508687e+02
1.728201539125769273e+02
1.733940948611891031e+02
1.736506008698883079e+02
1.738288897675638509e+02
1.740089795631964478e+02
1.740292722860566528e+02
1.744942144303605573e+02
1.748426408387471440e+02
1.751945867058047099e+02
1.759541279856616143e+02
1.763981090764262945e+02
1.769677869458849955e+02
1.774220070160449438e+02
1.778808151677227443e+02
1.786270860280042712e+02
1.791384707353561794e+02
1.796954249852090584e+02
1.800155807931396055e+02
1.802177583769092735e+02
1.805027862393014857e+02
1.804270568073742425e+02
1.808758149569453622e+02
1.814907221787320282e+02
1.819906284633650557e+02
1.828592206700670886e+02
1.835345663334005337e+02
1.841359255892930662e+02
1.845009349386806150e+02
1.850716514532130645e+02
1.853653044981955418e+02
1.855003075739339806e+02
1.860811187615485949e+02
1.863041603652007723e+02
1.864082427931327288e+02
1.869174169627597166e+02
1.876337545078386029e+02
1.881149035432722201e+02
1.882372763063354171e+02
1.879972487942780504e+02
1.872295442366448697e+02
1.875045901380242128e+02
1.879036264020445515e+02
1.884683094970155821e+02
1.883114237343586126e+02
1.881933573074333594e+02
1.879932902095286522e+02
1.879932224338669755e+02
1.881143660948155230e+02
1.881963293887026225e+02
1.882791205946492710e+02
1.881607278733835926e+02
1.876775029024078094e+02
1.873106089923301738e+02
1.873036454467991234e+02
1.872966115624219299e+02
1.872491025883050213e+02
1.871203056447528184e+02
1.872326319643972568e+02
1.874269009741384764e+02
1.874211120950899669e+02
1.869304162576665362e+02
1.871216325835012810e+02
1.877592248318208306e+02
1.883224493250711475e+02
1.888913629546176480e+02
1.895064272268860464e+02
1.895216436635210187e+02
1.894158016803246198e+02
1.894705067478036256e+02
1.895661684321240443e+02
1.896627963960840475e+02
1.896391882788732346e+02
1.898981699786605191e+02
1.901193636148079520e+02
1.899387511260683539e+02
1.896755061879487130e+02
1.892479860484323524e+02
1.892201879277111232e+02
1.896365534623334668e+02
1.902187408710439627e+02
1.904431725970142963e+02
1.907102753505191401e+02
1.900507831823429399e+02
1.894250335175187274e+02
1.893182156742606708e+02
1.897759754285465590e+02
1.898747226550970311e+02
1.901764875304013174e+02
1.903600884145461123e+02
1.907475640550978540e+02
1.907349131869671339e+02
1.908433466535035450e+02
1.910336834883861172e+02
1.915491752407952788e+02
1.919486618593890910e+02
1.921501634943318209e+02
1.921516802973040114e+02
1.922340205023282351e+02
1.920747681841697272e+02
1.922775436203736206e+02
1.922803470912870409e+02
1.924447950417040261e+02
1.928129242845492399e+02
1.930231558429787526e+02
1.933971271141206216e+02
1.937344718324437736e+02
1.939944159923679479e+02
1.942569858508765890e+02
1.943605917685626991e+02
1.948692846147100965e+02
1.953427117320294997e+02
1.957401128606354064e+02
1.958586998592288637e+02
1.960996968275022709e+02
1.963835321489921171e+02
1.965086183323159048e+02
1.959480993255720875e+02
1.953415144702754276e+02
1.946883984548236981e+02
1.941903014695187153e+02
1.942124257267859093e+02
1.938711370977645174e+02
1.934455930280439588e+02
1.934197909374184405e+02
1.934745363004233525e+02
1.936510467681036687e+02
1.933444916849541642e+02
1.926307996817716059e+02
1.921523229108802013e+02
1.917094170816971257e+02
1.917064819007047163e+02
1.912186685865708284e+02
1.914936046328996326e+02
1.914884895281812476e+02
1.909580702304856175e+02
1.910283537681672499e+02
1.911801553213810507e+02
1.914951063852328730e+02
1.917324306921557593e+02
1.918509400930858817e+02
1.918898384778644015e+02
1.912826651291556459e+02
1.913562274031883987e+02
1.916729569729172056e+02
1.920736939120376690e+02
1.919936302141792908e+02
1.919935658729080501e+02
1.912662281544530458e+02
1.910163920752050331e+02
1.908852445204086052e+02
1.906315601216251991e+02
1.903753132541669117e+02
1.902376901557243514e+02
1.900178688441660881e+02
1.901998675193595147e+02
1.903837045650096798e+02
1.907714187525346290e+02
1.908802209621567556e+02
1.911921423860165703e+02
1.913860024101178681e+02
1.910565680910280832e+02
1.908450182737658452e+02
1.907929477512785752e+02
1.906191391427055635e+02
1.908072112552586930e+02
1.913204154093521652e+02
1.916367832417697343e+02
1.920775588300711263e+02
1.925227866970408570e+02
1.925684714111518474e+02
1.924125973850032949e+02
1.918107044292958108e+02
1.913239438679757995e+02
1.915191352201771338e+02
1.919587224446231346e+02
1.923219418632566828e+02
1.927292342053086713e+02
1.929790244498078664e+02
1.933121459088961558e+02
1.935678241503996446e+02
1.940281052024251096e+02
1.946546517196202331e+02
1.949642946662831946e+02
1.958427218851338694e+02
1.964875978637719527e+02
1.966541392563352133e+02
1.964991305619544164e+02
1.963829601635912354e+02
1.965080405692837928e+02
1.969172126962473044e+02
1.971284976729759251e+02
1.973015128009865293e+02
1.977591038393799749e+02
1.980192968074551061e+02
1.979992897044999438e+02
1.981002926308080987e+02
1.984043359907153388e+02
1.990346828189041162e+02
1.996309927463678378e+02
2.006373664104725094e+02
2.010882488994673167e+02
2.016244938378460176e+02
2.024489836745934497e+02
2.025949330046387331e+02
2.024999323279177759e+02
2.024443760888051429e+02
2.021054303927342346e+02
2.018034650431654029e+02
2.018216818617830768e+02
2.016380624866492042e+02
2.016950126127761678e+02
2.017525379927042763e+02
2.018914525178833799e+02
2.022337904221051588e+02
2.021351418405097604e+02
2.028031735762725987e+02
2.032355288649211786e+02
2.035106352170918171e+02
2.037481163809010241e+02
2.040688044251517965e+02
2.039886913385379614e+02
2.041905973116549262e+02
2.037480780925804993e+02
2.038263415076565366e+02
2.044306479875330922e+02
2.046370181692257120e+02
2.046838567365924746e+02
2.047715724612021688e+02
2.052238105668707817e+02
2.055998086534050628e+02
2.063836451044498119e+02
2.067309546509603422e+02
2.068393481322826801e+02
2.069892405376594695e+02
2.071810510481420238e+02
2.072535869173149763e+02
2.072864514316311784e+02
2.069560115471015820e+02
2.066626379263655622e+02
2.064875130569347448e+02
2.067146596534689991e+02
2.069845047004741048e+02
2.079035401014886872e+02
2.084682223247369848e+02
2.088769922472079941e+02
2.089666588355631518e+02
2.088956149854176658e+02
2.092278939246644143e+02
2.096847413380446881e+02
2.099441831697432974e+02
2.093981648179220372e+02
2.092102674928507327e+02
2.087376439321725741e+02
2.085834787193662123e+02
2.090742209286526361e+02
2.092062837663157779e+02
2.094608926932480983e+02
2.092736289830790213e+02
2.088420494778578416e+02
2.088909590685431965e+02
2.090615748167097649e+02
2.091935099158687308e+02
2.094075857736051205e+02
2.094622078521255162e+02
2.093153614667941156e+02
2.098134964311052784e+02
2.100742388192989551e+02
2.098123624437355090e+02
2.096690529734713664e+02
2.097263161348188305e+02
2.102286021563833174e+02
2.104935375316995589e+02
2.107611490219190955e+02
2.109102515372916855e+02
2.112224763002938630e+02
2.115378548487816772e+02
2.118968230795773309e+02
2.120573970500786629e+02
2.125428253031103623e+02
2.127099245485958079e+02
2.126766914632291048e+02
2.125219105689185994e+02
2.124463743120390404e+02
2.124104791030698038e+02
2.125358374778479629e+02
2.127836742200477147e+02
2.127511860808567405e+02
2.126779657382385267e+02
2.126040057962006244e+02
2.124080866628285662e+02
2.120889764271011018e+02
2.118878549768684820e+02
2.116847019968374752e+02
2.120451535321585368e+02
2.126112661941002671e+02
2.131022890849493479e+02
2.133154435201510921e+02
2.135711550708594189e+02
2.135466212836957141e+02
2.134006275592892337e+02
2.134551793528174812e+02
2.134698781341582787e+02
2.135655334688480309e+02
2.136621550190378116e+02
2.133557121404431314e+02
2.129249617580234144e+02
2.127322846040645459e+02
2.129417016202662012e+02
2.131936380002695728e+02
2.137309474750186098e+02
2.143948964394130599e+02
2.144998953933458097e+02
2.144847428215624916e+02
2.138633765874359938e+02
2.131549258458957468e+02
2.131261877231279982e+02
2.132991795183100407e+02
2.134335146649606827e+02
2.132863784494535935e+02
2.130569479287417494e+02
2.130676241704458107e+02
2.128359840105511012e+02
2.125211959702536433e+02
2.119203999699527401e+02
2.111923232019724992e+02
2.107801244464379522e+02
2.107678024711486842e+02
2.111593964355035098e+02
2.111913095308112815e+02
2.113851611422342103e+02
2.116213748911452797e+02
2.114963382738842199e+02
2.106427659332166513e+02
2.106290564981993896e+02
2.106152085840398058e+02
2.108436450343836270e+02
2.109531768024082794e+02
2.108617947499077161e+02
2.107290856059657358e+02
2.106354400060257888e+02
2.100964040464915854e+02
2.096731354004956529e+02
2.094880155560571495e+02
2.089777934909673149e+02
2.087452459504712863e+02
2.086719656065369293e+02
2.084767329358964218e+02
2.085219524605017796e+02
2.085272247075775169e+02
2.085729542500776006e+02
2.080938931818964477e+02
2.081352456382792582e+02
2.079345915538173699e+02
2.075702944988055378e+02
2.068790853523286160e+02
2.064233185377061091e+02
2.058417358966727591e+02
2.059411473703769673e+02
2.062031791619968999e+02
2.063466456181785986e+02
2.065723693112912258e+02
2.063155245568600833e+02
2.066217419766259979e+02
2.072946888652785447e+02
2.082168574396750671e+02
2.091887448885606773e+02
2.100492372611726068e+02
2.109588255163357076e+02
2.116351772892280962e+02
2.121567447365949874e+02
2.119563078147416775e+02
2.120770786007489619e+02
2.121586652532822654e+02
2.123218840942245436e+02
2.127291758527527463e+02
2.132213897502543887e+02
2.137185755053069727e+02
2.137763388942498466e+02
2.139558978729805006e+02
2.137736342151313238e+02
2.142359941566980979e+02
2.142989839966649868e+02
2.141605898956210012e+02
2.141016059551731132e+02
2.141228342981541175e+02
2.139826609072276540e+02
2.144067281891182120e+02
2.145926547364841213e+02
2.140935906429120621e+02
2.141955461039511590e+02
2.139752990949010609e+02
2.139548475706062902e+02
2.143382298692997665e+02
2.146446766356565377e+02
2.151966430663199503e+02
2.153097404710298406e+02
2.155855964353845309e+02
2.151369660963479191e+02
2.149262283801492686e+02
2.153598266466153177e+02
2.149897238854703119e+02
2.151007311974454126e+02
2.157381123206514246e+02
2.159778912329809941e+02
2.158564557908899815e+02
2.157741977685760162e+02
2.156103007763392156e+02
2.157679805821617549e+02
2.160888692749103086e+02
2.165342113887981270e+02
2.168628397866650346e+02
2.173159997845107512e+02
2.174909088732426881e+02
2.175867766396378613e+02
2.182088652925643260e+02
2.177867326187519552e+02
2.178451844633860617e+02
2.179446307710970245e+02
2.180046775465629310e+02
2.184693712591540304e+02
2.186155265243980068e+02
2.185611379034323534e+02
2.184253918216490717e+02
2.184498907289383851e+02
2.185150411403409123e+02
2.184596375154966950e+02
2.186056944600974248e+02
2.187128226869675132e+02
2.185382047343098861e+02
2.186042472063741968e+02
2.187517648549230671e+02
2.186583483383061548e+02
2.182811599376828724e+02
2.175365251895794358e+02
2.172288133228075537e+02
2.172008215381890466e+02
2.172533550890803156e+02
2.171448031202828872e+02
2.167523263841237053e+02
2.169215418021450716e+02
2.175369109112582748e+02
2.181988999103618312e+02
2.189079797074360840e+02
2.192605855630668259e+02
2.196975611748152630e+02
2.196945062371870563e+02
2.195298042799873883e+02
2.197674790706935255e+02
2.204519990613059406e+02
2.209414131932389012e+02
2.218802153467060236e+02
2.227072882289964753e+02
2.231386749787841097e+02
2.235744191704891364e+02
2.231256759297872350e+02
2.229552282119062738e+02
2.224194224362687180e+02
2.217569923598672972e+02
2.214111033938054618e+02
2.207384882765720135e+02
2.202206952288601656e+02
2.200613083119789053e+02
2.196578871838178770e+02
2.195332193775935252e+02
2.196093125026201847e+02
2.199285984874954067e+02
2.199682813005003368e+02
2.201699811116168632e+02
2.202121021329461712e+02
2.199314162959050805e+02
2.200519356524301600e+02
2.199716521741710267e+02
2.198905577516871119e+02
2.194450078299876736e+02
2.187121291211991547e+02
2.180526556779799421e+02
2.175481370484643833e+02
2.172809465136008669e+02
2.166878247612131361e+02
2.159674997588008409e+02
2.158055553119200454e+02
2.162076316282013693e+02
2.167753854830316129e+02
2.171064499828604539e+02
2.175216666493537332e+02
2.178198653023773659e+02
2.177574396993711616e+02
2.178559996963337824e+02
2.178343431276100830e+02
2.176912556844557116e+02
2.178295511964193736e+02
2.174035870670894894e+02
2.172965525930198396e+02
2.176732854474956866e+02
2.175689751994894436e+02
2.182312880802932966e+02
2.188194829093866360e+02
2.190499827367537478e+02
2.188787704411655852e+02
2.187866368092582832e+02
2.187743806154118147e+02
2.188024046620326430e+02
2.185074794565989293e+02
2.185732115723221511e+02
2.180335470427484665e+02
2.173672192351005776e+02
2.168557770051521345e+02
2.165007848536889412e+02
2.159805907613018974e+02
2.151723139003053120e+02
2.148003170710154279e+02
2.146669869404197755e+02
2.148151383236569245e+02
2.146819579026841609e+02
2.148706645481662179e+02
2.151420854021876323e+02
2.151738236385731966e+02
2.154079026652251514e+02
2.157655582477025860e+02
2.151975335835377052e+02
2.145833672560985690e+02
2.141650174304035374e+02
2.139848660913157516e+02
2.139241071629449777e+02
2.137011183464093733e+02
2.137183013600099457e+02
2.142609104646566607e+02
2.150110206713709715e+02
2.156878996680507043e+02
2.156847471394454487e+02
2.151563102418648157e+02
2.147841517594590073e+02
2.144486381408676721e+02
2.145945839806744573e+02
2.150248323037116336e+02
2.145301336401135188e+02
2.144344784243558024e+02
2.142974529538956574e+02
2.140782353069650412e+02
2.137355912191565324e+02
2.135915062819764785e+02
2.136479861434103498e+02
2.136242284276874841e+02
2.135194226542298850e+02
2.132923461153833102e+02
2.130225718337208320e+02
2.125480523572930167e+02
2.121091437952460410e+02
2.115445896921680458e+02
2.102470602951198373e+02
2.092192528233526616e+02
2.087467200235883524e+02
2.081077980036253336e+02
2.082705030339646441e+02
2.085156596302680612e+02
2.083188481113818398e+02
2.079180283953353410e+02
2.073515438336719683e+02
2.065369129633050136e+02
2.059160737003084023e+02
2.059758320205129110e+02
2.064806384045592438e+02
2.069501398025846299e+02
2.072223634369541116e+02
2.072953166029839736e+02
2.074498147504895371e+02
2.073634492429177385e+02
2.067105547908270182e+02
2.058894492836639643e+02
2.053428780643063192e+02
2.049928061255618275e+02
2.048008142682448351e+02
2.048897113820655136e+02
2.050199104869350037e+02
2.055958691787222392e+02
2.055311809886082983e+02
2.053850313016251050e+02
2.055202336380044699e+02
2.056568016545502928e+02
2.056735370247978665e+02
2.057712495199983209e+02
2.060719692121198250e+02
2.060120901132515883e+02
2.053455455689416738e+02
2.052379248171118888e+02
2.051696210273864835e+02
2.048986070983707464e+02
2.048268758569400632e+02
2.044715917746866012e+02
2.045571634087747839e+02
2.047648115240145898e+02
2.048937490141559863e+02
2.049027767819755184e+02
2.049927038201776384e+02
2.053259634547254961e+02
2.054201651057829849e+02
2.053537021270537934e+02
2.052057597242963709e+02
2.046118785093906354e+02
2.038099782923134740e+02
2.029999780730441046e+02
2.022222000737815790e+02
2.017597980543248468e+02
2.012927253073986833e+02
2.009421467751499506e+02
2.005072189647983407e+02
2.004315343078777119e+02
2.002338730382603558e+02
1.997917909477383773e+02
1.995472635835732262e+02
1.993810743268417696e+02
1.992940144715572330e+02
1.991252671429869849e+02
1.985507748919063431e+02
1.978896716079860312e+02
1.979895672807937217e+02
1.979692598795899983e+02
1.976659190702933984e+02
1.971574940103974711e+02
1.966843373842401661e+02
1.958831690749892118e+02
1.952759283585749017e+02
1.948645740995708309e+02
1.943278526258290242e+02
1.940281339654841588e+02
1.942910444095801097e+02
1.939909539490712689e+02
1.943342969182529600e+02
1.941558554729830348e+02
1.940564196696800821e+02
1.941175956259392592e+02
1.941793895211503980e+02
1.939993833546977555e+02
1.933327104592904959e+02
1.928209196558492238e+02
1.923847673291411695e+02
1.917017851809502815e+02
1.915371567484345690e+02
1.915728856044793815e+02
1.914069551560399134e+02
1.916433890465055754e+02
1.911145343904098013e+02
1.915096306973829599e+02
1.918279097953362680e+02
1.914221311064000588e+02
1.908506374812121464e+02
1.903137752335485402e+02
1.902159345793412513e+02
1.904403379589307690e+02
1.905861999585166870e+02
1.906527272308244676e+02
1.911239668998231593e+02
1.907514817169926289e+02
1.902136178959520976e+02
1.894683009050021667e+02
1.885134352575779246e+02
1.878317527854318598e+02
1.873048007933660415e+02
1.869341422155210921e+02
1.868021638540615186e+02
1.867092564182444505e+02
1.869386428467113603e+02
1.864834776229405406e+02
1.860641188110515998e+02
1.855597159707584751e+02
1.853330464351093951e+02
1.846192388233428119e+02
1.839386250740840012e+02
1.832107323980646072e+02
1.822330630283480559e+02
1.812455182104527296e+02
1.808136547580331239e+02
1.806602573313460880e+02
1.809093508397446897e+02
1.807165159997417447e+02
1.806429454542843587e+02
1.803262075295804721e+02
1.799254621510911534e+02
1.794802647990819935e+02
1.790305705041230624e+02
1.789399702061849666e+02
1.787272426325102685e+02
1.783103460934446787e+02
1.777680263570149464e+02
1.774222488454692837e+02
1.770729786317873788e+02
1.765181602341289988e+02
1.764021820546754782e+02
1.763254364188644558e+02
1.756014509281455958e+02
1.743448999274199878e+02
1.734392928559801703e+02
1.724033261171511811e+02
1.720033597142943051e+02
1.713569290043372462e+02
1.707443727316538968e+02
1.695599724562156325e+02
1.692120933901170190e+02
1.689415084748654294e+02
1.685065742170358476e+02
1.681884588050870946e+02
1.682307664697850100e+02
1.681522893634192712e+02
1.673861508721405755e+02
1.669355059314548271e+02
1.665207130620757709e+02
1.661825384465412583e+02
1.655177156025666534e+02
1.652098137399668758e+02
1.643735492322896903e+02
1.641348982144340027e+02
1.641362608226605175e+02
1.645416775986467428e+02
1.644663410087343323e+02
1.646326676855904338e+02
1.646794623086769889e+02
1.649287498067446052e+02
1.652209594007521218e+02
1.647080397987396623e+02
1.641495351502421158e+02
1.637470052022647451e+02
1.637848537396614290e+02
1.639038926663245093e+02
1.637009016831564736e+02
1.634958602860161250e+02
1.632887477636527933e+02
1.625542906703563801e+02
1.612871622932891853e+02
1.604112750437266186e+02
1.595265404482085785e+02
1.589965055032407122e+02
1.587035409123641898e+02
1.584480211236004550e+02
1.584323445692934911e+02
1.584569137063570565e+02
1.585625390973301307e+02
1.579419586841720502e+02
1.572747057415879794e+02
1.572471775167556416e+02
1.572597752694499320e+02
1.565856315853032470e+02
1.562279106922253504e+02
1.558261724163892268e+02
1.559052246630192258e+02
1.558234592555750453e+02
1.555792517733078739e+02
1.552517694679879128e+02
1.552442115838258303e+02
1.549133450341678326e+02
1.545791363981489042e+02
1.543627640385346922e+02
1.542250141803379222e+02
1.536414284649876834e+02
1.526883115807960394e+02
1.519275874553490269e+02
1.512399873286357774e+02
1.504242296248845321e+02
1.497618481059437840e+02
1.491735839453977235e+02
1.487409938842400265e+02
1.478191857416567530e+02
1.476961472137948022e+02
1.472890375896917874e+02
1.469182197875669544e+02
1.461800199874417103e+02
1.456363838256985161e+02
1.448448321471704787e+02
1.436816486335052900e+02
1.430319683166720779e+02
1.424565336532041897e+02
1.417944784375800964e+02
1.411661398359392194e+02
1.406526665009491239e+02
1.394875419201505053e+02
1.385934766870204555e+02
1.376903804919397771e+02
1.371417984767070095e+02
1.370321196734412581e+02
1.362344643166074718e+02
1.353883477945529989e+02
1.347357048429827557e+02
1.339148533767501306e+02
1.332473266431820775e+02
1.330579057001837668e+02
1.328665714143272965e+02
1.325116882972999974e+02
1.323552407043436006e+02
1.312679199033773614e+02
1.307756766700783260e+02
1.297532087576547326e+02
1.284375846036919029e+02
1.276339238421130489e+02
1.269029533758715047e+02
1.266898518948199523e+02
1.262321736311312605e+02
1.250021955870014381e+02
1.234769652393951418e+02
1.222191568074700285e+02
1.209486432398686162e+02
1.203521648887557802e+02
1.191840049381375195e+02
1.181656615536740844e+02
1.173794561148224176e+02
1.163832890048710453e+02
1.159427161665364707e+02
1.147300163298348110e+02
1.137474912422572970e+02
1.129166578204619924e+02
1.119562200206686668e+02
1.105820404249177216e+02
1.091939802271893427e+02
1.083979598254440191e+02
1.072706664903474802e+02
1.062127944346943877e+02
1.052654489239337465e+02
1.047529787110442641e+02
1.040333118293375634e+02
1.034679917468056516e+02
1.025737290371774293e+02
1.016300293304822731e+02
1.001919488186688625e+02
9.829489779663512650e+01
9.674232100670204204e+01
9.485082929969921395e+01
9.362710030272641859e+01
9.198697000275389257e+01
9.049188889167064076e+01
8.898170595118246240e+01
8.741586459715395563e+01
8.563218646177169546e+01
8.435574390077943008e+01
8.246034737452465890e+01
8.078822967123716126e+01
7.881639360731026045e+01
7.714787233061635163e+01
7.554330538446109244e+01
7.420535897420320737e+01
7.244985754970031167e+01
7.063621974717210605e+01
6.880426237088089181e+01
6.719622461705148453e+01
6.577396425964784044e+01
6.352925682792719897e+01
6.178712810901730279e+01
6.014861425153260654e+01
5.788748914296227355e+01
5.616918095248717435e+01
5.398907166917899048e+01
5.215057744361521230e+01
5.065714893294467203e+01
4.834055447772190917e+01
4.680864088658780275e+01
4.550367766322002439e+01
4.450876531638381550e+01
4.265531850139785064e+01
4.098517020343216899e+01
3.921734363983048866e+01
3.735085216144488385e+01
3.595035571863124346e+01
3.441450072589011455e+01
3.302474820796983579e+01
3.154014970502002058e+01
2.963651485355557824e+01
2.739041904399551797e+01
2.536405964039951044e+01
2.376167640444394280e+01
2.141583475196357966e+01
1.904629772925611775e+01
1.653161386793548360e+01
1.463799380599542665e+01
1.248282202625800963e+01
1.026547679420001202e+01
8.470178579999993573e+00
6.616341999999995949e+00
4.945799999999993979e+00
3.419999999999999485e+00
2.000000000000000000e+00
