1.781453258328047298e+02
1.784094200331346656e+02
1.787973939728631763e+02
1.792296908816811367e+02
1.795855463451320020e+02
1.801470165102353747e+02
1.802293096062989832e+02
1.800700097033315217e+02
1.795454643468004292e+02
1.794196609563636855e+02
1.792521827842054449e+02
1.792446290749540196e+02
1.791965950252057951e+02
1.793096919446525135e+02
1.795451433784383255e+02
1.798233771499370164e+02
1.800640173231684855e+02
1.804687043668367608e+02
1.810390953200370063e+02
1.815344397172086133e+02
1.819539795123330634e+02
1.822565449619528692e+02
1.825217625878313186e+02
1.829512753412434449e+02
1.830214902436803754e+02
1.832944345895765252e+02
1.834893278682587834e+02
1.836861897659192380e+02
1.839658482484019260e+02
1.842483315640432977e+02
1.842104359232752415e+02
1.842125615386610207e+02
1.842955167057205585e+02
1.842580976825449852e+02
1.841798966490347880e+02
1.843029259081149860e+02
1.843059857657744658e+02
1.844706926927007657e+02
1.843542350431317516e+02
1.843174091344766907e+02
1.841185950853306679e+02
1.839985808942729761e+02
1.836753342366399409e+02
1.835104386228686337e+02
1.832226652756245073e+02
1.829319851268937782e+02
1.826787728554488126e+02
1.825846190459079992e+02
1.821662818645532127e+02
1.819053352167219373e+02
1.816821567845662742e+02
1.814971280652183907e+02
1.817546748133514143e+02
1.818936109225766984e+02
1.820339504268457063e+02
1.823777277038854265e+02
1.823613411150362538e+02
1.822235768838745855e+02
1.822056332160353236e+02
1.815814476929646162e+02
1.813954017100657552e+02
1.814499007172372274e+02
1.814241421386233526e+02
1.814789314531549564e+02
1.814534661142991467e+02
1.813469354689882778e+02
1.811181166353422043e+02
1.808869865003452162e+02
1.808555419195411105e+02
1.808641837571118458e+02
1.807112967243548383e+02
1.806376734589447324e+02
1.805229024837828433e+02
1.800029318018003721e+02
1.794373048503038035e+02
1.792700048992963389e+02
1.793434392922197276e+02
1.794984235274930313e+02
1.795337611388832499e+02
1.793674354938214037e+02
1.792802378725467918e+02
1.791921594672186870e+02
1.793052115830492994e+02
1.793790015990402082e+02
1.795343450495344655e+02
1.792872172217534228e+02
1.790779971936899528e+02
1.789878759532221295e+02
1.789776524780019145e+02
1.792501540181839346e+02
1.796870242607920716e+02
1.800879032937284023e+02
1.803716194886156075e+02
1.807794136248642189e+02
1.812721349746105375e+02
1.817698333076868096e+02
1.818281144522090358e+02
1.822910246992011025e+02
1.825969946456571904e+02
1.826232269148066223e+02
1.823264918331380500e+02
1.822691836698355701e+02
1.822517006766017857e+02
1.822340410874771237e+02
1.824990314014909814e+02
1.830091226277691874e+02
1.832819420482517785e+02
1.836383253012651267e+02
1.840791164659254093e+02
1.844031479453777251e+02
1.848112605508871411e+02
1.850214753039265361e+02
1.850317932362889906e+02
1.850826194305960826e+02
1.854167873036319065e+02
1.851482700036689266e+02
1.849982525289572379e+02
1.848467197262198169e+02
1.848148684103233279e+02
1.849847155659836062e+02
1.855199147131142752e+02
1.860605199122366287e+02
1.864449696083186438e+02
1.867928985942621978e+02
1.870635339335977676e+02
1.873369029632302158e+02
1.876130332961926115e+02
1.878111447436288302e+02
1.877688330743724521e+02
1.877664980549225504e+02
1.874409071261827648e+02
1.875160678042263385e+02
1.872687553578032862e+02
1.872209650078829100e+02
1.875767323311954158e+02
1.876532649810054636e+02
1.878517828090963064e+02
1.873250331405010343e+02
1.866717506469707359e+02
1.863351016636071336e+02
1.863182845086938926e+02
1.867053378875704084e+02
1.870154928157259917e+02
1.871671644603299853e+02
1.867143075356866291e+02
1.862972803390775596e+02
1.858356367061371088e+02
1.852077138445840774e+02
1.849370846914990807e+02
1.845021057489899476e+02
1.844263694434227716e+02
1.845114842862872990e+02
1.845974588750368923e+02
1.845630897727652950e+02
1.844071613866306620e+02
1.843708700875066882e+02
1.840917879671781066e+02
1.839715029971491731e+02
1.838904070678277947e+02
1.836872798664928723e+02
1.834821008752443561e+02
1.836384857325712403e+02
1.837964502349200870e+02
1.839964143787067599e+02
1.839963781603107407e+02
1.842387658184953523e+02
1.843219856752482997e+02
1.842848340154019411e+02
1.840452868842457121e+02
1.836417039234802644e+02
1.829512160843230220e+02
1.822537536205293236e+02
1.819128824449787771e+02
1.820130125706851629e+02
1.822353662330154407e+02
1.823387537707226898e+02
1.827260139098210630e+02
1.827535494038598642e+02
1.832662115190494205e+02
1.831779914333840509e+02
1.834121125589730923e+02
1.833657702615906828e+02
1.834805760218074511e+02
1.835157333553606520e+02
1.835512458134961662e+02
1.837891371853499720e+02
1.838274112983329474e+02
1.839064760589228626e+02
1.843095717766892960e+02
1.844743149259485619e+02
1.842770857837869301e+02
1.843606927108963873e+02
1.846471643544400649e+02
1.847345094489292308e+02
1.848227368171008891e+02
1.845482190071726052e+02
1.845133525324975210e+02
1.843973257904018794e+02
1.843205311014160941e+02
1.840813445468847931e+02
1.839609540877626159e+02
1.837585394825883043e+02
1.835540802854428080e+02
1.834687679650942584e+02
1.835846141061568915e+02
1.836612263698540062e+02
1.835365922927821885e+02
1.834915073664473937e+02
1.835671791580268177e+02
1.834819991495225509e+02
1.834767668176996551e+02
1.834714816340405434e+02
1.832641228626673069e+02
1.830142655178449900e+02
1.828426924422681168e+02
1.827097903457246844e+02
1.826967579249743494e+02
1.827239979040141122e+02
1.828727251555701514e+02
1.830229547025974171e+02
1.829726815177745323e+02
1.827198803209837479e+02
1.826261417383683181e+02
1.829354967054219117e+02
1.832883805105274178e+02
1.834428085964929380e+02
1.838816248449418822e+02
1.842036614595373294e+02
1.842865267268061871e+02
1.844914411381873549e+02
1.843751930688762855e+02
1.842981748170466005e+02
1.844223988050983110e+02
1.843862614192904630e+02
1.844305670901929375e+02
1.843945122123157603e+02
1.846409214265812864e+02
1.844453751783653104e+02
1.844498739175406854e+02
1.843736100177177946e+02
1.841349596138556137e+02
1.840151107210666623e+02
1.838132431525933157e+02
1.837709526793870225e+02
1.835666188680674793e+02
1.837642614828962166e+02
1.840851126089859520e+02
1.841263763727136507e+02
1.842892690633464667e+02
1.844134030942892082e+02
1.842155586811008163e+02
1.843389481627278599e+02
1.843423718815436132e+02
1.839417897793365455e+02
1.837795856356938486e+02
1.838581673087815886e+02
1.837759265745271477e+02
1.835716430045727918e+02
1.835673161662353721e+02
1.841690062285198053e+02
1.847767739682029458e+02
1.845825999678814640e+02
1.844672726948302000e+02
1.846336087826554149e+02
1.848824331137942067e+02
1.850933667816095181e+02
1.854680472541506902e+02
1.854424719738906049e+02
1.854974464382738120e+02
1.854721681194690746e+02
1.859718869893623321e+02
1.862342292821838043e+02
1.862972012951352667e+02
1.866436376718525594e+02
1.868723612847009292e+02
1.869013750350511316e+02
1.872539141768186823e+02
1.872463779563839523e+02
1.870771494508925343e+02
1.871890398493861767e+02
1.867768079286724685e+02
1.863200080087609365e+02
1.858989979886460731e+02
1.855949474632801071e+02
1.852070176396761099e+02
1.853404218582581962e+02
1.855155776346049947e+02
1.852480582167735008e+02
1.854222810270435957e+02
1.855174555828732252e+02
1.856135914978511892e+02
1.857106984826774578e+02
1.861320186693726555e+02
1.865979986559305814e+02
1.873111097534650753e+02
1.875869795489547300e+02
1.877848278272275309e+02
1.877826543709364273e+02
1.882653074453900217e+02
1.887124317630202199e+02
1.892852846091113008e+02
1.897023076859717605e+02
1.903255633191626544e+02
1.904298619385484983e+02
1.902523857965132379e+02
1.903155412085991998e+02
1.897732739480805435e+02
1.890639130788691489e+02
1.885494071503726161e+02
1.881105122731042059e+02
1.879904164374790412e+02
1.879903196338176485e+02
1.879498178119376064e+02
1.878280987999368392e+02
1.878263624241782281e+02
1.879054165900783744e+02
1.880256733233117075e+02
1.876218922457705673e+02
1.873352446926974437e+02
1.873689340330281254e+02
1.876049838717452474e+02
1.877626099714599377e+02
1.880430403752124278e+02
1.881242832072850035e+02
1.885699830376617285e+02
1.885353364016784781e+02
1.882175115168474804e+02
1.878560722392395235e+02
1.875717901406463852e+02
1.873250405461074592e+02
1.868333742889961968e+02
1.862559336252489004e+02
1.857534683083331117e+02
1.851651195033662702e+02
1.850556762660264951e+02
1.848239154202284169e+02
1.845494095153833882e+02
1.846357671872560502e+02
1.847229971588434694e+02
1.846090880392368376e+02
1.843728162012486678e+02
1.838917335366145664e+02
1.837694278147625653e+02
1.836054826411747740e+02
1.837227097385597858e+02
1.832754643823840581e+02
1.829045094771552726e+02
1.825702115930870093e+02
1.821921329223095256e+02
1.820930635578886267e+02
1.817909732907976661e+02
1.812434073644417367e+02
1.805286943075169006e+02
1.798875700075922452e+02
1.790379495026193410e+02
1.783413631339586516e+02
1.781629930646043078e+02
1.780636293581859775e+02
1.782460902607931246e+02
1.782687780412059055e+02
1.782512909507134964e+02
1.784760514653677888e+02
1.782586378438049621e+02
1.779986240846518797e+02
1.780592162471234019e+02
1.781204204516398875e+02
1.784650711632718298e+02
1.785303749123955299e+02
1.783135100125217889e+02
1.784580909217393128e+02
1.784021120421602689e+02
1.785879919617779592e+02
1.786141332947250930e+02
1.785193265603287500e+02
1.784639662225544328e+02
1.789332992147018615e+02
1.792053527421226704e+02
1.796013664061847237e+02
1.798801680870551252e+02
1.799597657444989522e+02
1.802017835803023615e+02
1.802442258386898288e+02
1.806103291299895375e+02
1.806568981111012135e+02
1.812695940516171049e+02
1.818076707592093157e+02
1.821087583426357810e+02
1.820492508511471783e+02
1.819083341930789857e+02
1.814427618111902802e+02
1.813361230416057595e+02
1.813496192339454751e+02
1.813228477110560277e+02
1.815786340515723793e+02
1.811905394460328864e+02
1.812429691374063623e+02
1.811343122600068511e+02
1.811053659191986185e+02
1.810761271911093786e+02
1.812082092839487473e+02
1.815032417009594496e+02
1.815588300009679017e+02
1.817361919201702847e+02
1.821981736567381915e+02
1.821395693502404924e+02
1.819591609598391813e+02
1.818173343028673514e+02
1.817952871746137191e+02
1.818942294693069925e+02
1.819941711811178777e+02
1.819335062435525856e+02
1.821550568116697377e+02
1.824596533451211542e+02
1.823228821667894124e+02
1.819423052189792998e+02
1.813154598171512362e+02
1.807630907243943739e+02
1.802051421458528750e+02
1.793587294402562407e+02
1.788674034750056023e+02
1.785327307828337950e+02
1.783966977604380020e+02
1.785017149095342290e+02
1.786886009187206241e+02
1.789581827461834962e+02
1.788264472183666953e+02
1.790570173922893389e+02
1.788858761538279225e+02
1.787938142967965121e+02
1.789028427240356791e+02
1.789321643677135683e+02
1.789213781492049691e+02
1.789508870193992323e+02
1.791019060802011893e+02
1.793352586668701747e+02
1.796921804715856581e+02
1.798506873450361923e+02
1.801320074192286711e+02
1.802545529487153146e+02
1.801359120694104661e+02
1.799756687569802409e+02
1.798542108656365599e+02
1.799739503693297138e+02
1.798120710801311475e+02
1.798505768486173508e+02
1.803339160087045343e+02
1.807009252613166552e+02
1.812736618801191355e+02
1.816501635152710890e+02
1.819496601164352683e+02
1.820501617337735070e+02
1.823536987209834876e+02
1.825794936575579754e+02
1.824035289470283203e+02
1.823469989363927368e+02
1.822090898347404391e+02
1.818677675098389273e+02
1.818058257675140794e+02
1.817028543106199265e+02
1.814776306167875362e+02
1.812905359765535422e+02
1.811015514914680296e+02
1.810318701934029662e+02
1.813251214074763595e+02
1.815001226338160620e+02
1.814344673068835618e+02
1.815297649564487017e+02
1.815048130873215655e+02
1.817220334215367927e+02
1.820222559813507814e+02
1.818810666478289306e+02
1.815364309574028425e+02
1.811075060175788281e+02
1.805530363813929853e+02
1.800737741226197954e+02
1.793068425480998087e+02
1.786129722708085694e+02
1.777908810816243204e+02
1.773241223046705386e+02
1.767718407117892525e+02
1.764160007189788644e+02
1.763797987060390255e+02
1.764240390970097963e+02
1.764687263606161025e+02
1.769179054147638794e+02
1.770483893078414326e+02
1.771397871796379206e+02
1.772321082622605957e+02
1.771637457194554770e+02
1.773371168883384144e+02
1.774718352407459747e+02
1.773250861017629347e+02
1.772576627290535782e+02
1.774319825545995855e+02
1.775676591460607199e+02
1.777855142889496847e+02
1.781671861504547962e+02
1.785931173236914447e+02
1.788213306299913938e+02
1.790518491212034178e+02
1.791230799204074060e+02
1.789526059802096540e+02
1.783359656365754518e+02
1.781979450874504209e+02
1.778969142297474946e+02
1.780776911411591072e+02
1.783411021627870241e+02
1.784051536997847052e+02
1.784294481815999802e+02
1.786156042238393695e+02
1.781571759836757280e+02
1.778153292764401670e+02
1.777932618953941244e+02
1.780537998943382263e+02
1.782765655498358228e+02
1.780975409594300345e+02
1.779975161206364760e+02
1.777752688087239505e+02
1.776315846552766686e+02
1.778096814699765389e+02
1.776663449191681252e+02
1.777235807264323739e+02
1.773773542691239982e+02
1.772700548172973924e+02
1.770404594114114332e+02
1.766873327387986876e+02
1.763710431705038673e+02
1.760515587580852355e+02
1.760116755132171988e+02
1.758501772860779226e+02
1.759698760465433907e+02
1.763332081278217345e+02
1.762557657856780509e+02
1.762987533188675968e+02
1.763825791099670539e+02
1.769521001110780674e+02
1.774465657687653959e+02
1.778652179482479880e+02
1.781668868164112780e+02
1.779463503196082854e+02
1.778043942622299198e+02
1.775801962244751735e+02
1.778385820449242374e+02
1.778975576211356042e+02
1.775126844657934271e+02
1.777299843088821092e+02
1.779494790998813585e+02
1.782115950503850286e+02
1.784359545963483811e+02
1.785009642387360884e+02
1.786070345845818110e+02
1.788353884692744771e+02
1.793488772416914685e+02
1.798675527693847869e+02
1.803914674438231316e+02
1.804762297412362102e+02
1.804810401426618682e+02
1.804050910531940701e+02
1.800455465183784440e+02
1.798843904226040706e+02
1.802064549723282596e+02
1.803297524973007739e+02
1.803734873710114641e+02
1.805388761323337405e+02
1.805847233659937672e+02
1.807118417838327957e+02
1.807998401856894191e+02
1.807675153390802052e+02
1.805732478172527351e+02
1.804174220376290805e+02
1.798559818561907093e+02
1.796121028850417360e+02
1.794465685707490650e+02
1.792793621926758760e+02
1.792720830229048090e+02
1.791435182049547734e+02
1.792964830353074319e+02
1.796530131669773596e+02
1.798919324918967391e+02
1.802948813049459886e+02
1.807019003080264383e+02
1.809918184929553036e+02
1.805573924171268629e+02
1.807246388051783015e+02
1.808935745506852015e+02
1.810238126774597447e+02
1.806705178560204104e+02
1.808389069252730508e+02
1.806453605305791541e+02
1.805710712430087597e+02
1.806980517606156695e+02
1.804222745056718793e+02
1.805477520259309188e+02
1.807553050766983063e+02
1.808841465421190549e+02
1.810142894364843187e+02
1.807417065014996354e+02
1.804259661631303686e+02
1.801878446092229922e+02
1.797857016254778273e+02
1.796219208338155795e+02
1.793756776099153001e+02
1.791673511211263019e+02
1.785932839607333449e+02
1.782154383441751975e+02
1.780762003476517634e+02
1.776123235834871252e+02
1.776690137206936129e+02
1.777666805259530634e+02
1.778653338645992790e+02
1.781265998632312062e+02
1.785117170335677770e+02
1.786178959935022874e+02
1.787251474681840477e+02
1.785102499678631318e+02
1.787376262301651479e+02
1.787248749799651932e+02
1.788736110908728278e+02
1.790642536271444385e+02
1.792972258860044974e+02
1.794113392787920134e+02
1.796074134129211188e+02
1.796034478918399770e+02
1.793974221129698208e+02
1.793105273868378902e+02
1.794651791786249078e+02
1.792981607864893761e+02
1.794122836227168989e+02
1.797699834572903228e+02
1.796464479366563296e+02
1.797236847845018133e+02
1.798017018025268499e+02
1.794360624267943649e+02
1.793091539664588367e+02
1.787365191580391297e+02
1.787641607656963174e+02
1.785092532986832055e+02
1.784133871703869829e+02
1.784377648185728731e+02
1.783411765844170418e+02
1.779203803883001456e+02
1.776165458467678775e+02
1.773904503502708678e+02
1.769600508588595176e+02
1.766061119786453730e+02
1.760465777562082508e+02
1.760470482385942148e+02
1.763303517561554372e+02
1.765761128850058697e+02
1.768647604899047963e+02
1.769947075655601623e+02
1.768835429955157110e+02
1.767712555510261438e+02
1.769002581323489949e+02
1.768285435680296018e+02
1.773217611798281723e+02
1.773351123028562597e+02
1.775506184877336580e+02
1.778491095835692022e+02
1.779889995793635080e+02
1.781707066458209852e+02
1.778289966119407381e+02
1.773222187999400887e+02
1.770931503029700025e+02
1.765789396999699363e+02
1.766655956565351175e+02
1.766723188449847726e+02
1.766387059040254144e+02
1.764835413171967957e+02
1.763672134517138659e+02
1.761284984360749490e+02
1.757257559960351045e+02
1.755209656525609887e+02
1.753141067197587404e+02
1.749435421411699281e+02
1.744884264052225546e+02
1.739075014194166329e+02
1.732803044640572239e+02
1.730104085495532900e+02
1.730206146965182654e+02
1.726672875722410083e+02
1.726740278507484732e+02
1.727212402532813655e+02
1.724052931851324217e+02
1.719649426112454194e+02
1.710756996073178016e+02
1.707431309164832385e+02
1.700031625419024977e+02
1.695789520625273781e+02
1.694332849116443356e+02
1.691649342541855674e+02
1.690958931860459131e+02
1.691069628141884493e+02
1.690777402163514580e+02
1.691694345619713147e+02
1.690600349110821412e+02
1.691919544556387223e+02
1.692443984400390775e+02
1.692165640808481157e+02
1.693904687685329122e+02
1.695257260288216230e+02
1.695007333624454589e+02
1.697179124873189267e+02
1.696948610983014873e+02
1.696715768669714919e+02
1.698096736030019827e+02
1.697471450535371389e+02
1.699264091449867635e+02
1.702286961060476926e+02
1.703724203091383629e+02
1.703963841506450763e+02
1.705418021723692448e+02
1.708503052246151412e+02
1.710811163884998223e+02
1.715162791803033997e+02
1.716326052326294018e+02
1.715480860935653595e+02
1.713819051450156508e+02
1.710928334798139190e+02
1.707604378583976086e+02
1.708691291498966791e+02
1.708577062120164669e+02
1.707249557697137448e+02
1.706312684542567979e+02
1.704154226810673265e+02
1.700761845263306782e+02
1.697335197235666726e+02
1.696702219429962781e+02
1.695254767100975641e+02
1.696620976869667459e+02
1.696788865524916332e+02
1.693322086388808145e+02
1.690628370089702344e+02
1.688311484939093532e+02
1.686779277716256900e+02
1.684019472440662071e+02
1.680423709536021875e+02
1.676387585389923345e+02
1.672714732717094819e+02
1.669408820926355190e+02
1.667685677703395299e+02
1.664328967377167601e+02
1.663766633714307943e+02
1.664006700721525931e+02
1.664653233052044641e+02
1.664498215204087046e+02
1.664341631519278621e+02
1.663779425777049710e+02
1.662807500784898025e+02
1.660209596752421817e+02
1.657585451265071299e+02
1.651298435621287695e+02
1.650200440021504846e+02
1.649091353557072637e+02
1.645142781370781222e+02
1.646002809465434211e+02
1.646871524712563541e+02
1.645324772436927390e+02
1.640934113572658930e+02
1.639731427851169769e+02
1.633264068536530829e+02
1.628751584380339352e+02
1.624193519576097913e+02
1.619993454117274609e+02
1.615346923350783186e+02
1.613885781162406943e+02
1.612005839557990043e+02
1.613339231876757083e+02
1.617110335229046996e+02
1.613242762857621244e+02
1.608932083694566586e+02
1.604981902721781921e+02
1.600183740123015639e+02
1.594529030427289342e+02
1.589221242855847152e+02
1.581031558440255651e+02
1.575991473171968664e+02
1.574940881991891501e+02
1.573071597971605797e+02
1.574011715122832413e+02
1.572537085982657175e+02
1.575087965639053493e+02
1.575644409736417515e+02
1.572974151248905343e+02
1.567044597221115794e+02
1.566711714364759871e+02
1.565163347843191275e+02
1.566023583679989315e+02
1.566084427959591494e+02
1.564529725211701816e+02
1.563363358799698233e+02
1.555720564444145566e+02
1.549212691357720644e+02
1.544255243795676904e+02
1.539247721005734206e+02
1.534189617177509604e+02
1.529484461795461812e+02
1.527560062419663041e+02
1.526020265070363280e+02
1.524868954616531482e+02
1.520877731935885606e+02
1.518866395894839911e+02
1.515622622115998581e+02
1.513154163753532657e+02
1.511064811872257678e+02
1.509358395830563495e+02
1.510463026091476308e+02
1.508750531405531774e+02
1.509444981217709767e+02
1.503681799209805092e+02
1.500688686070506321e+02
1.496453218253038813e+02
1.493387089144479489e+02
1.492310191055034068e+02
1.492030496015185861e+02
1.490535854560791904e+02
1.489430156122013500e+02
1.490333491032334621e+02
1.489629788921550926e+02
1.489323019112676150e+02
1.486588908194622149e+02
1.483019099186485619e+02
1.480625352713620941e+02
1.481035709811739025e+02
1.478621929102766899e+02
1.479416090002794704e+02
1.478198070709892420e+02
1.476967748191809733e+02
1.476129038577588233e+02
1.475281857149079201e+02
1.469981673887953093e+02
1.463819872614103303e+02
1.460424113751613504e+02
1.455377892678400258e+02
1.451088780483231631e+02
1.444332101498213774e+02
1.437103132826479452e+02
1.433437507905535995e+02
1.427310614045997852e+02
1.423546074793933940e+02
1.420955631104988299e+02
1.417126900106045468e+02
1.415279697076814500e+02
1.405333027350318389e+02
1.396498007424564207e+02
1.391210108509658312e+02
1.387888998494608188e+02
1.386554543933947627e+02
1.385610650438330538e+02
1.387081465089220842e+02
1.386950974837595538e+02
1.383990883674338193e+02
1.380596852196302109e+02
1.377168537572022728e+02
1.372089431890933042e+02
1.368171143324175034e+02
1.361789033660782309e+02
1.356554579455337262e+02
1.352075332783170438e+02
1.348762962407239456e+02
1.345821174148727550e+02
1.342849670857300737e+02
1.337019869552826776e+02
1.332343302578615010e+02
1.327215457150116436e+02
1.322035815303146364e+02
1.318420015457721206e+02
1.308707086320936241e+02
1.301320289213063575e+02
1.299515443649556801e+02
1.292439842070260170e+02
1.286100850576018217e+02
1.281718030884868824e+02
1.272038415035219856e+02
1.265493348520426053e+02
1.261710453050933722e+02
1.256677225303974410e+02
1.249168914448456036e+02
1.239564560048947470e+02
1.231075313180754591e+02
1.224116477960359788e+02
1.216279270667027816e+02
1.206342697643463708e+02
1.197517876407537045e+02
1.191028157987415454e+02
1.185280967664052838e+02
1.181495926933387040e+02
1.176056491851905008e+02
1.166925749345358838e+02
1.163359342773089509e+02
1.155716507851606565e+02
1.151228795809703627e+02
1.148715955363337287e+02
1.142945409457917663e+02
1.139540817634260748e+02
1.135697795590160268e+02
1.131815955141577774e+02
1.130723187011692943e+02
1.125983017183530563e+02
1.117962643619726038e+02
1.110669336989621883e+02
1.105726603019819976e+02
1.097501619211939072e+02
1.087981433547413843e+02
1.080385286411530785e+02
1.075136652940938262e+02
1.072663285798928143e+02
1.069356854342349123e+02
1.061572580143786411e+02
1.055729878933119466e+02
1.050232200942545973e+02
1.043062829234894195e+02
1.036629120439287846e+02
1.024069818625541615e+02
1.013807897601560342e+02
1.003442320809655826e+02
9.986286068784414738e+01
9.893218251297373911e+01
9.815371971007459706e+01
9.732698960613588213e+01
9.641110061225839445e+01
9.516272789117014952e+01
9.406336150623253900e+01
9.363975909720448954e+01
9.260581726990341167e+01
9.204628007060951234e+01
9.099624249556514144e+01
9.058206312683354611e+01
9.012329608771069900e+01
8.937706675526334266e+01
8.854249167198318560e+01
8.786110269897289982e+01
8.705161888785141855e+01
8.603193827055687848e+01
8.508276592985532716e+01
8.408360194934890330e+01
8.335717368621095602e+01
8.242138756182917803e+01
8.147614905235272431e+01
8.068297884076046955e+01
7.967977660682873875e+01
7.846442081497849586e+01
7.687315233836217487e+01
7.546783064481022052e+01
7.445235418667706995e+01
7.338621635017887002e+01
7.247092560624119528e+01
7.162719758206183940e+01
7.085575513339580311e+01
6.987450013474330035e+01
6.916616175226599239e+01
6.820824419420812035e+01
6.732145878202844358e+01
6.642571594144288838e+01
6.539971307216460161e+01
6.436334653754001067e+01
6.323570357327273683e+01
6.225828643764926795e+01
6.131140044207002404e+01
6.027414186067686330e+01
5.890317359664336294e+01
5.788199353196296926e+01
5.656767023430607821e+01
5.519966690333945536e+01
5.369663323569648128e+01
5.221882145019842625e+01
5.076648631333173256e+01
4.917826900336539353e+01
4.741239293269235588e+01
4.607312417443676367e+01
4.427588300448158520e+01
4.278372020654705921e+01
4.139769717833038953e+01
3.979565371548521568e+01
3.821783203584363520e+01
3.670488084428652797e+01
3.525745539826920094e+01
3.391662161441332302e+01
3.252184001455889018e+01
3.103216163086757362e+01
2.960824407158336768e+01
2.837196370867008355e+01
2.728481182693945684e+01
2.630789073428229585e+01
2.540190983260836077e+01
2.388071700263470731e+01
2.250577475013606232e+01
2.083411590922834833e+01
1.930718778709933403e+01
1.792645231020133778e+01
1.661257809111246075e+01
1.524502837486107865e+01
1.382326098470814202e+01
1.238713230778601471e+01
1.101730536140001071e+01
9.714449859999996661e+00
8.196413999999995426e+00
6.218599999999993244e+00
4.139999999999998792e+00
2.000000000000000000e+00
