1.460322054937090570e+02
1.466991974683937485e+02
1.470900984529222342e+02
1.478889883362860473e+02
1.481302912487731760e+02
1.484952436856293616e+02
1.487830744299286323e+02
1.489930044746762121e+02
1.490434388633084097e+02
1.489731705689983130e+02
1.487405763323212398e+02
1.486268447801228376e+02
1.489968129092148672e+02
1.493705180901161214e+02
1.494651697879962455e+02
1.495203735232278746e+02
1.492124985083116826e+02
1.489823217255669761e+02
1.492346684096635272e+02
1.492067357673366530e+02
1.492997330983205302e+02
1.493532657558793915e+02
1.495689553089698052e+02
1.495443993019895572e+02
1.498024235373624720e+02
1.500630540781442619e+02
1.503263172506508738e+02
1.506730477279300828e+02
1.507404522504346289e+02
1.510509618691258424e+02
1.506777392617426869e+02
1.504623628906500414e+02
1.504872352430808746e+02
1.505527628717980804e+02
1.504573362341396319e+02
1.504821578122618746e+02
1.501435937497594466e+02
1.497612058078383086e+02
1.495365715230686305e+02
1.496733045687566062e+02
1.495689945138955466e+02
1.497060550645411183e+02
1.494404596611522038e+02
1.493337976375279084e+02
1.492260582197254450e+02
1.492788466865914643e+02
1.492917643298905830e+02
1.493452164948393772e+02
1.491567843382208878e+02
1.492896811497180352e+02
1.491410920704225305e+02
1.489101940105283006e+02
1.488789838490180841e+02
1.490090745949688369e+02
1.492616915100689710e+02
1.494764560707766634e+02
1.494105616876533418e+02
1.494248097855086712e+02
1.494392018035441367e+02
1.495749513167110365e+02
1.498332841582935657e+02
1.497305900588826830e+02
1.497884748069519674e+02
1.498065402090426801e+02
1.499055961707498739e+02
1.500460567381313979e+02
1.500667239779105557e+02
1.500067918968796334e+02
1.500674665625040234e+02
1.503307743055597427e+02
1.500714891975358398e+02
1.503348375732678051e+02
1.505604419931998450e+02
1.506267090840403569e+02
1.505320293778185032e+02
1.505576054321394395e+02
1.504622277092327067e+02
1.504466946557906795e+02
1.507542370260513849e+02
1.504992293192437387e+02
1.503224538578211593e+02
1.503863170281022690e+02
1.503296131596997043e+02
1.502319324845445863e+02
1.499312449338843294e+02
1.497891362968522060e+02
1.498476124210629621e+02
1.498258711323867942e+02
1.498443142751394817e+02
1.500245598738775072e+02
1.500854140140167488e+02
1.500256707212296874e+02
1.501673441628587966e+02
1.501084284473314483e+02
1.502105337851839693e+02
1.502328624092766631e+02
1.503766286962387539e+02
1.503602310063023708e+02
1.501820515215162288e+02
1.501636884055727421e+02
1.501855438440130399e+02
1.504904483272860602e+02
1.504752003305918038e+02
1.503385861925170275e+02
1.504430163560772655e+02
1.505080973293715090e+02
1.506950478074452917e+02
1.509646947549958611e+02
1.511158532878755238e+02
1.511877305938130576e+02
1.514219500947613994e+02
1.513757071664251441e+02
1.514502092590152245e+02
1.515658679383996059e+02
1.520867352913122090e+02
1.523300356477900550e+02
1.524949855028180821e+02
1.528232176796145154e+02
1.524678966460751610e+02
1.521897945919952804e+02
1.521109036282771854e+02
1.520312157861394269e+02
1.523143593799379119e+02
1.523579387676143710e+02
1.523211502703171618e+02
1.524456063336540126e+02
1.524905114481360897e+02
1.524550620688246170e+02
1.527424869382060137e+02
1.528307948870763653e+02
1.529603988758348123e+02
1.530509079553879985e+02
1.526574827832210701e+02
1.525429119022428495e+02
1.527908201032752231e+02
1.528796162659352831e+02
1.531713295615507491e+02
1.531023530924751981e+02
1.530730839317944572e+02
1.530031150826201269e+02
1.529728435177986796e+02
1.528210540583812929e+02
1.528697515741225743e+02
1.527169207819426902e+02
1.526433543251951050e+02
1.526498528537320283e+02
1.524543968219513488e+02
1.524589866888393317e+02
1.526252390796357759e+02
1.523083223026628445e+02
1.520690124269323746e+02
1.520293054817500433e+02
1.521104095775252745e+02
1.523539490682071857e+02
1.523575243113199917e+02
1.524823477892117580e+02
1.527296442315270042e+02
1.525753982136647267e+02
1.525812103168335057e+02
1.525870811281144483e+02
1.525526072001152897e+02
1.523965729294089329e+02
1.524005787165749268e+02
1.524450290066416471e+02
1.523687161683255624e+02
1.521704203720454984e+02
1.518893135071166682e+02
1.517669833405213922e+02
1.517242255964865478e+02
1.515194197944316272e+02
1.513125452469008394e+02
1.512247931786874062e+02
1.511361547259462839e+02
1.511678330565113129e+02
1.509574071277891107e+02
1.506640476038286351e+02
1.507717652563920012e+02
1.509209750064568425e+02
1.507888636428856728e+02
1.508978420635209545e+02
1.509675172358794271e+02
1.512803204402819404e+02
1.515154751922047751e+02
1.515913890830342723e+02
1.513044334172066101e+02
1.512974074921284284e+02
1.513711186789169858e+02
1.515263825039573646e+02
1.516024065696543630e+02
1.518408147168224502e+02
1.521220350674975634e+02
1.522444798661587697e+02
1.523681614809685527e+02
1.526547085666350938e+02
1.525401096632684244e+02
1.526667774376437308e+02
1.525523004420653024e+02
1.526790913556209546e+02
1.528475670258812045e+02
1.529369363897776282e+02
1.532696327169482799e+02
1.532824572898474571e+02
1.530933912018649323e+02
1.530640315170350618e+02
1.527515469869043159e+02
1.527187343302065301e+02
1.525239740709158411e+02
1.523676505766828768e+02
1.524521722996801429e+02
1.525779518178585477e+02
1.524221735533918718e+02
1.523860338923148277e+02
1.524303372649652601e+02
1.524750881464284760e+02
1.527627152994230926e+02
1.525683992923468963e+02
1.528569689821686666e+02
1.529464333153214568e+02
1.529559932477998814e+02
1.529252457048488054e+02
1.530558037422710527e+02
1.531068724669410415e+02
1.531584570373134113e+02
1.530085424619328762e+02
1.528571135979121607e+02
1.529061753514269810e+02
1.526729043953806126e+02
1.525584892882633596e+02
1.524429184729928295e+02
1.525282004777709233e+02
1.525335358361325575e+02
1.527005412486186344e+02
1.527076174228470791e+02
1.527551691139867671e+02
1.526819890040277130e+02
1.524868575798256529e+02
1.522897551311362747e+02
1.521310657890269624e+02
1.520515816050778142e+02
1.518500824293709286e+02
1.518081640700712853e+02
1.518062263334063573e+02
1.518042690236417513e+02
1.520447161854975491e+02
1.519643597833306785e+02
1.520044038215461057e+02
1.519640442641879190e+02
1.523273174385730897e+02
1.521690075137108806e+02
1.519686944582931005e+02
1.522512065235291914e+02
1.522133399227566883e+02
1.522558989118759314e+02
1.521372716281576629e+02
1.519366380082404078e+02
1.520168060689293270e+02
1.520573798676060164e+02
1.521387675430358399e+02
1.523017853970058013e+02
1.525068539363701632e+02
1.527139938751208774e+02
1.525999938132530360e+02
1.528080745588417813e+02
1.529374490493347878e+02
1.527044939892272737e+02
1.526308020093205187e+02
1.524755575851714013e+02
1.525611692779509951e+02
1.526072416949005799e+02
1.527749916110106199e+02
1.529848400111223725e+02
1.528331717284061142e+02
1.528819916448540255e+02
1.532949410554084864e+02
1.533484253084938018e+02
1.534024498065589910e+02
1.535378280874340362e+02
1.537553819064982292e+02
1.537731130368670165e+02
1.539526394311788238e+02
1.540531711426055210e+02
1.541951223662676114e+02
1.542172953194619822e+02
1.543609043630936242e+02
1.544251559223164918e+02
1.545304605275917709e+02
1.544752126541337134e+02
1.539749622769021755e+02
1.538736992695982906e+02
1.537714134036345683e+02
1.538701145491261286e+02
1.538486005546728563e+02
1.535440409643160251e+02
1.538828696609255928e+02
1.538210804655815309e+02
1.536374550157389649e+02
1.538156111270087649e+02
1.539551627545546921e+02
1.536920835904593332e+02
1.532647308994534399e+02
1.532775059590439923e+02
1.531691979384280842e+02
1.533022201398265452e+02
1.535577981210368250e+02
1.533715132535720045e+02
1.534257709632040303e+02
1.536017888517223469e+02
1.537795846987092432e+02
1.540399845441503146e+02
1.541413985294455813e+02
1.542842409388334204e+02
1.543881221604376321e+02
1.544930526873117458e+02
1.543162148356683474e+02
1.540971867026946711e+02
1.539971582855504835e+02
1.538153113995458625e+02
1.537124357571175892e+02
1.538105411688057984e+02
1.539904456250562532e+02
1.538893390152080372e+02
1.539892313284933607e+02
1.542921528570635985e+02
1.542344978354181819e+02
1.542570685206242160e+02
1.543202712329543544e+02
1.542629002353074554e+02
1.540029295306136135e+02
1.541847773036499234e+02
1.540856336400502187e+02
1.539046804444953409e+02
1.540047277217130670e+02
1.542269976986999325e+02
1.544919168673737317e+02
1.546787039064376472e+02
1.548269736428664203e+02
1.548959329725919360e+02
1.546019524975683623e+02
1.544262146440077856e+02
1.540870854989987606e+02
1.545930156555530743e+02
1.549020360157100242e+02
1.552141777936473659e+02
1.554082603976234793e+02
1.554022832299230572e+02
1.555982658888100616e+02
1.557558241301111650e+02
1.558745698283955221e+02
1.556712826549450597e+02
1.559911946009546000e+02
1.562335298999539361e+02
1.563571009090442772e+02
1.564011120293380657e+02
1.565263757872108954e+02
1.565720967547579221e+02
1.564566633886443014e+02
1.566632963521660145e+02
1.567912084365315479e+02
1.567587964005366246e+02
1.566452488894314001e+02
1.562073221105366656e+02
1.556033556672087741e+02
1.554377329971804045e+02
1.551088212092732022e+02
1.548573951608820494e+02
1.543206011726076099e+02
1.542228294672808033e+02
1.543260903709909826e+02
1.541879700717077810e+02
1.542100707795033827e+02
1.542323947267707354e+02
1.542953482088594228e+02
1.544397456655144651e+02
1.541411572378939070e+02
1.542839972099933732e+02
1.541454517272665043e+02
1.539651027548138984e+02
1.540657603583987054e+02
1.540058185438364831e+02
1.539856752968047431e+02
1.540461366634386877e+02
1.538243804681202960e+02
1.536003843112324603e+02
1.533337215264971860e+02
1.531047692186848224e+02
1.529543123421059647e+02
1.528023356990966306e+02
1.527296320192899088e+02
1.528582141608989957e+02
1.525840547079790213e+02
1.527515704120999089e+02
1.525167377899997234e+02
1.524815533232320490e+02
1.526076296194263762e+02
1.527349794135619732e+02
1.527424034480424666e+02
1.529115186343862263e+02
1.530419380145318087e+02
1.531332707217490849e+02
1.531851219411599914e+02
1.533587090314753993e+02
1.533320293247222992e+02
1.534262922471952777e+02
1.533598911587831140e+02
1.533736274331137963e+02
1.531450782152666932e+02
1.534394729447139980e+02
1.538176494391050824e+02
1.536339893324294508e+02
1.536504942751813303e+02
1.535055497729099159e+02
1.534399492655656161e+02
1.530504538036020392e+02
1.528590442460624104e+02
1.527061052990531209e+02
1.526324295950030603e+02
1.526388177727296522e+02
1.528068866391214442e+02
1.530170572112336913e+02
1.533101587992265138e+02
1.533637967668949500e+02
1.534987846130255775e+02
1.533927117303288128e+02
1.535279916467963517e+02
1.534222137846433327e+02
1.534365795804477841e+02
1.535723026065121530e+02
1.534669723298113411e+02
1.533201740705161455e+02
1.532122970409257903e+02
1.533053505463890076e+02
1.536417682286758577e+02
1.534967355845213888e+02
1.533502379641630569e+02
1.533234726910734480e+02
1.534176491829028919e+02
1.535935850332350014e+02
1.535288737709440738e+02
1.532614886575198341e+02
1.531934228863839849e+02
1.530842655418018694e+02
1.529740055977795521e+02
1.529434399977575652e+02
1.529125656543000389e+02
1.530833996508086727e+02
1.530943430816246007e+02
1.528629728097219242e+02
1.526292654643660569e+02
1.525548136003694140e+02
1.526008218185554597e+02
1.527685068874297940e+02
1.528570776640697204e+02
1.529061390546163750e+02
1.529556960147635891e+02
1.532481777926906830e+02
1.533415937299910468e+02
1.534359532626166924e+02
1.533696497602185786e+02
1.537471209699176882e+02
1.539667888585035769e+02
1.540674634934371454e+02
1.540883469630682043e+02
1.541094413768364007e+02
1.542923650271075644e+02
1.543155202294011588e+02
1.544601214438403929e+02
1.545253751957975226e+02
1.541468436321183901e+02
1.540069127597164425e+02
1.540271846057735843e+02
1.542496814199737685e+02
1.539491731514885373e+02
1.538072456075641412e+02
1.536638844520850000e+02
1.536806913657426321e+02
1.532936276421639832e+02
1.528622501435996810e+02
1.525477274177776508e+02
1.521088155735128851e+02
1.515846621954673878e+02
1.512572345408761123e+02
1.510477116574508045e+02
1.508360723812641027e+02
1.507031034154178712e+02
1.507304074903203457e+02
1.503135429195158679e+02
1.503369120399148642e+02
1.502797091312268378e+02
1.503835445769974513e+02
1.503672167444413788e+02
1.504719361054964111e+02
1.506181172782793567e+02
1.505233507861405542e+02
1.507508593799399250e+02
1.506574337171112177e+02
1.504822562799101604e+02
1.502649053332427229e+02
1.502877831648916072e+02
1.504725082473655959e+02
1.505782911589547552e+02
1.506043345039950623e+02
1.504690247515104318e+02
1.503727522742519795e+02
1.501946992669217877e+02
1.500148477443657384e+02
1.499543916609751761e+02
1.499337289504801731e+02
1.500340696469496322e+02
1.501354238858080805e+02
1.499953776624319346e+02
1.500559370327598856e+02
1.497938757906665046e+02
1.496907836269355414e+02
1.497886703302377498e+02
1.493622932628667570e+02
1.488103972352190851e+02
1.487377749850694499e+02
1.487452272576456096e+02
1.489143709673186606e+02
1.487215868356750548e+02
1.486884715511878596e+02
1.485338096476639578e+02
1.483775855026910619e+02
1.481793792956477489e+02
1.483428073693420117e+02
1.485078862316576362e+02
1.486342285168260275e+02
1.488022510270977250e+02
1.488103545728253607e+02
1.490609642149749163e+02
1.487888527423991718e+02
1.488372249923220352e+02
1.489264898912347803e+02
1.489762524153885295e+02
1.487840933488778035e+02
1.489132256049269927e+02
1.488416420251783734e+02
1.488905475001797925e+02
1.489399469698788607e+02
1.490706535049284298e+02
1.489198520251800915e+02
1.487675272981613261e+02
1.486136639375368702e+02
1.482966302399364338e+02
1.479763941817533350e+02
1.478145395775294730e+02
1.477318581591205771e+02
1.478099577364852166e+02
1.476868259964495849e+02
1.477240666630809187e+02
1.478020875384653721e+02
1.477192803418842288e+02
1.475952326685695084e+02
1.474295279480497811e+02
1.475045736848989577e+02
1.477823976615143238e+02
1.479822198601156629e+02
1.479012321819351428e+02
1.479810426080154855e+02
1.478192349575913056e+02
1.474537726844354779e+02
1.477714875600358369e+02
1.479307955151879241e+02
1.480513086011994233e+02
1.482134430315148279e+02
1.480943869005201918e+02
1.480549362631516033e+02
1.480958952153044947e+02
1.482988840558629136e+02
1.483423071271346885e+02
1.483457647748833494e+02
1.483088533079630622e+02
1.481907609171341278e+02
1.481926877950850212e+02
1.483966543384700856e+02
1.485622771095661392e+02
1.484871485955210346e+02
1.485728773692130460e+02
1.485786640093061806e+02
1.485845091003089635e+02
1.488732415154640591e+02
1.488820621368325305e+02
1.490121839765984078e+02
1.490628120975743229e+02
1.488715273712871863e+02
1.488399266376634955e+02
1.487271986239028365e+02
1.483305036605077021e+02
1.481318218793007588e+02
1.482139614942430228e+02
1.482565267618616929e+02
1.483803300624860810e+02
1.484245758206931782e+02
1.480652281017101473e+02
1.476214425269797630e+02
1.473347904312931291e+02
1.471664549811037830e+02
1.474004595768729757e+02
1.473539995725985534e+02
1.472262621945448586e+02
1.472184466611558662e+02
1.472509562233900340e+02
1.470413699226156439e+02
1.470316867905205527e+02
1.473047341318398367e+02
1.473381152846862108e+02
1.472506214996830920e+02
1.470814358582654791e+02
1.473549857154203835e+02
1.473484704196163477e+02
1.472206771915318200e+02
1.470511890823550800e+02
1.471224132145004546e+02
1.467095082974754234e+02
1.464944528257323952e+02
1.464388412381143780e+02
1.461806477152669572e+02
1.463238865810776872e+02
1.463069561425032532e+02
1.463706627702048877e+02
1.463946088587929069e+02
1.463783927866594752e+02
1.463216088754137161e+02
1.461026352276904561e+02
1.457602376037278873e+02
1.456568056603312300e+02
1.456735410710414840e+02
1.452864051222643411e+02
1.452993991133980956e+02
1.453529283973717838e+02
1.454069983811839393e+02
1.455828266476607951e+02
1.456392188360200919e+02
1.454133523596169653e+02
1.452660124844616689e+02
1.452383964489513914e+02
1.454125216656068460e+02
1.455480016824316181e+02
1.454424259418500469e+02
1.453761878200507169e+02
1.454708967879300872e+02
1.455261583716463463e+02
1.457435943147942226e+02
1.457208023381757869e+02
1.453341437759355301e+02
1.449031755312476832e+02
1.448314904356039676e+02
1.449206974097001819e+02
1.449704014239403023e+02
1.451014155797376759e+02
1.454761773532703444e+02
1.456931084376467993e+02
1.455485943814614700e+02
1.454430246277385095e+02
1.452151763916553193e+02
1.449850266582375014e+02
1.448737643012498211e+02
1.448421861628793010e+02
1.449315011746251685e+02
1.451429304794192774e+02
1.450332631105247003e+02
1.448820839500246507e+02
1.448101858081060129e+02
1.447779654627338175e+02
1.447050156189231416e+02
1.445909248675987158e+02
1.447181059268674232e+02
1.446849554816845682e+02
1.446110661431147548e+02
1.444556223667829045e+02
1.442986084512959337e+02
1.443420287386825862e+02
1.445879078168514695e+02
1.445534422392441343e+02
1.447206487265090686e+02
1.448087360873822718e+02
1.449785213003869728e+02
1.449480013135220133e+02
1.450383851651740770e+02
1.452912981466403153e+02
1.454659577238790291e+02
1.456019774988678250e+02
1.453757348473418745e+02
1.454300351993348670e+02
1.455252880801359936e+02
1.452982707880156568e+02
1.455538088767839895e+02
1.454078877543274189e+02
1.453008967215427560e+02
1.452736330520635875e+02
1.450440737899632211e+02
1.445697715050128807e+02
1.443735065707203944e+02
1.440944510815355102e+02
1.437721728096320248e+02
1.436890634440730992e+02
1.436455186303767846e+02
1.436015339700774689e+02
1.432742767374517143e+02
1.431457340782343692e+02
1.433391253315496101e+02
1.432920457894443871e+02
1.433657028176202459e+02
1.433996998157784901e+02
1.431512119351293961e+02
1.430618302375047790e+02
1.429311416540450068e+02
1.427991329838840784e+02
1.427061949332159259e+02
1.422890857911271212e+02
1.419485715061892108e+02
1.416046176830196828e+02
1.417824421040599532e+02
1.418004465697580372e+02
1.415762086563213131e+02
1.415517259154755720e+02
1.416482079954297717e+02
1.417456646418483217e+02
1.417228935776246033e+02
1.415382763410349867e+02
1.414730064050857550e+02
1.414474812172583427e+02
1.414216981992510682e+02
1.412744426255060262e+02
1.412873157833396078e+02
1.413003189730700342e+02
1.412730494677475974e+02
1.414879287553003167e+02
1.412605340962633704e+02
1.412328627234980729e+02
1.413665280035333751e+02
1.411379070742766260e+02
1.411089970447235658e+02
1.410797949946702374e+02
1.414139343380508080e+02
1.412261963010612646e+02
1.414001982839007496e+02
1.412123214988897359e+02
1.410629510089792120e+02
1.410736878878579716e+02
1.409229170584423514e+02
1.407706232913557187e+02
1.406975992841981622e+02
1.404622214991897522e+02
1.400224459587774675e+02
1.398610565240178687e+02
1.397788449737554402e+02
1.397362070441972719e+02
1.397739465092904254e+02
1.396504510194848763e+02
1.395661121408940346e+02
1.393597092332266527e+02
1.393936456901277836e+02
1.395491370607352337e+02
1.397466030916520481e+02
1.398652556481330578e+02
1.395810663112456211e+02
1.395364306174199953e+02
1.394509400175956841e+02
1.392837777955509466e+02
1.390341189854054846e+02
1.389839585711166308e+02
1.387716753243599896e+02
1.386380558831923793e+02
1.383818746294870721e+02
1.384867420499867023e+02
1.385926687373607535e+02
1.384168371084449518e+02
1.383604415236818284e+02
1.383842843673552352e+02
1.383679640074295492e+02
1.381898626337671772e+02
1.378483460947147421e+02
1.377862081764793345e+02
1.376426345216963512e+02
1.372955904259561919e+02
1.372682731575314108e+02
1.371598718762945737e+02
1.369291635114085466e+02
1.368577409206146740e+02
1.367451928491055355e+02
1.365911038879854402e+02
1.364354584727128952e+02
1.361974328007198380e+02
1.357549826269894595e+02
1.357121036636256122e+02
1.354263673369956393e+02
1.352993609464601548e+02
1.353730918651113200e+02
1.350839311768800428e+02
1.350746779564446172e+02
1.348633110671153474e+02
1.348114253203188184e+02
1.345973993134535647e+02
1.346236356701549255e+02
1.347309451213685918e+02
1.345565102236047323e+02
1.345823335591964565e+02
1.344468015749461927e+02
1.342290924999456365e+02
1.341708005049953556e+02
1.339098994999955039e+02
1.337675752525205155e+02
1.335834093459802432e+02
1.332761710565455644e+02
1.333294657136825379e+02
1.333428946602851966e+02
1.332352471316012839e+02
1.330861082137388962e+02
1.327334426401399696e+02
1.324176188284243949e+02
1.321390089176002789e+02
1.319787968864646928e+02
1.315341382691564718e+02
1.312870083526836993e+02
1.310777862148314910e+02
1.308664507220521500e+02
1.307741926485376496e+02
1.302769622712499711e+02
1.299767295669189764e+02
1.296734642090090972e+02
1.292459234434433029e+02
1.291372964075184768e+02
1.289467640479986414e+02
1.285926909575741206e+02
1.283562534924990644e+02
1.280366196893934045e+02
1.278753734236292416e+02
1.276720943673025914e+02
1.276283781487905031e+02
1.275034122715053257e+02
1.272155679510155863e+02
1.267631999505210416e+02
1.262254544954757449e+02
1.260055095913894405e+02
1.258641511024137571e+02
1.255193445478926861e+02
1.255750955029219966e+02
1.252677732352746602e+02
1.248765386214897433e+02
1.246833723449389595e+02
1.243670427726658119e+02
1.244111543158240778e+02
1.243344993089134221e+02
1.242166659685990879e+02
1.240572383521203790e+02
1.236537761132529880e+02
1.234078546598511679e+02
1.232402572321730645e+02
1.230305628607807336e+02
1.229399624856371815e+02
1.228080429147849486e+02
1.225535787018031613e+02
1.222965441432355505e+02
1.218348930739748397e+02
1.214897909838135774e+02
1.208179706907204007e+02
1.202605764552734087e+02
1.194955317730035915e+02
1.186823553262660482e+02
1.177801568952182407e+02
1.168688453487052499e+02
1.159887326754598291e+02
1.152209420964238831e+02
1.148898405014383002e+02
1.145957984863013763e+02
1.144199984710113256e+02
1.139191903747592249e+02
1.133325155300596094e+02
1.129419348788481869e+02
1.125070049281293194e+02
1.120272777051811204e+02
1.113406845506878682e+02
1.107683682330180943e+02
1.103922911444627601e+02
1.100124152974372436e+02
1.095882982802395276e+02
1.092407053335754767e+02
1.085259649834093807e+02
1.080868333165751949e+02
1.075220538551264724e+02
1.067899533890166026e+02
1.060100539282994561e+02
1.052222766952518356e+02
1.047093703992444915e+02
1.041104751507521513e+02
1.036267425765171026e+02
1.030573157338557451e+02
1.024417330645006103e+02
1.019007404691924279e+02
1.015158994638308769e+02
1.009655550139707998e+02
1.003692474888591164e+02
9.988812877662577705e+01
9.915972603699555066e+01
9.834315761312687698e+01
9.776076526578452786e+01
9.713208612705518874e+01
9.649705669399514818e+01
9.585561282221736690e+01
9.561173012345177824e+01
9.528457588227462338e+01
9.507532917401451300e+01
9.458114057981279643e+01
9.412236422203326924e+01
9.325491335558905348e+01
9.262112460160510352e+01
9.149608545616662525e+01
9.044049035976446760e+01
8.957625288865105517e+01
8.898611402894050570e+01
8.826880204943478248e+01
8.754424449437857447e+01
8.701438837816026250e+01
8.639837209915154403e+01
8.561451727187044014e+01
8.514597704229323938e+01
8.463230004272040219e+01
8.407303034618240645e+01
8.346770742038616220e+01
8.269465395998591362e+01
8.211581208079400085e+01
8.161193139474136160e+01
8.082013272196100218e+01
8.038397244642523276e+01
7.957977014790424164e+01
7.909067691707505787e+01
7.823300698694453104e+01
7.740707776459038314e+01
7.677482602483878793e+01
7.613618790387764079e+01
7.561231101401774879e+01
7.496193031718951261e+01
7.426457607796925231e+01
7.327734957370634561e+01
7.240136320576394269e+01
7.139531636945868343e+01
7.050031956510973430e+01
6.975789855061583467e+01
6.892717025314753698e+01
6.853249520519955240e+01
6.768938909616096566e+01
6.716099908703142773e+01
6.614242332023366089e+01
6.515396294973093916e+01
6.423632621184964364e+01
6.322861233520156077e+01
6.225112357091064297e+01
6.162739754637443923e+01
6.059333085492367132e+01
5.987205136860976040e+01
5.902227410970691324e+01
5.824472132293627169e+01
5.713608214438006172e+01
5.642028499432334598e+01
5.553564140840748564e+01
5.439963778627019764e+01
5.345417958209113607e+01
5.249917129504164848e+01
5.141330433842583858e+01
5.059929731154139176e+01
4.961545182983984148e+01
4.894490083822198301e+01
4.810596044264853788e+01
4.721814186126114521e+01
4.624054733460722844e+01
4.513186599455278980e+01
4.413319797429572588e+01
4.300323027706639323e+01
4.210427300713786991e+01
4.095381111832109866e+01
3.979172840234453190e+01
3.898154384075198919e+01
3.800155943510301881e+01
3.672884791424546336e+01
3.536247264065197271e+01
3.398229559661814392e+01
3.270938949153345021e+01
3.138322170861962590e+01
2.988204212991885456e+01
2.844650720193817861e+01
2.715808808276584685e+01
2.589705866946043145e+01
2.478490774692974696e+01
2.354031085548458080e+01
2.236395035907532858e+01
2.117570743340941419e+01
1.973303781152466385e+01
1.851822001164106624e+01
1.721032324408188785e+01
1.580840731725442616e+01
1.443273466389335624e+01
1.284114612514478893e+01
1.115267285368161332e+01
9.366336215840011192e+00
7.804380015999995202e+00
6.145838399999997925e+00
4.632159999999991840e+00
3.183999999999998831e+00
1.600000000000000089e+00
