1.511579102579623282e+02
1.512706164221853271e+02
1.513844610325095061e+02
1.515398596287976147e+02
1.514948077058558340e+02
1.514088966725821308e+02
1.512817138106883874e+02
1.511532462734228375e+02
1.514275214883058425e+02
1.513005267558644107e+02
1.514146734907726568e+02
1.514087611017900485e+02
1.513623849513033690e+02
1.510327120720238838e+02
1.509825374464883794e+02
1.509722600469578708e+02
1.510830909565233640e+02
1.510334252086092874e+02
1.509832577864748657e+02
1.511346038247223760e+02
1.513278826512340629e+02
1.514423057083166668e+02
1.514366724326435758e+02
1.513501741743878029e+02
1.514648223983706430e+02
1.516614367660313576e+02
1.516176128949818462e+02
1.516945584797796585e+02
1.518530893735140808e+02
1.519728175490046453e+02
1.519321389383887322e+02
1.520930696347357411e+02
1.524172420552889946e+02
1.521790323790795867e+02
1.522616488677570032e+02
1.524663119876329631e+02
1.526730424117506573e+02
1.526798408199503854e+02
1.528079200201513856e+02
1.526544646668201040e+02
1.525802673402225764e+02
1.523437043840630167e+02
1.525087923071343141e+02
1.523119114213480429e+02
1.520322337589377071e+02
1.518709431908461056e+02
1.521524678695424200e+02
1.520327958278196547e+02
1.520331270988085350e+02
1.519526536351599759e+02
1.517501551870307139e+02
1.516668234212432083e+02
1.515826499204466984e+02
1.514976261822699826e+02
1.513309355376464964e+02
1.512837732703502809e+02
1.513169426973227303e+02
1.512696390882052810e+02
1.515046859476818213e+02
1.514996827754362130e+02
1.516562452277137538e+02
1.518143891189029375e+02
1.517317061807094944e+02
1.519714203845555573e+02
1.520115357419756776e+02
1.522136724666416114e+02
1.522966388551929242e+02
1.523400392476705179e+02
1.523030699471418359e+02
1.522253231789316317e+02
1.521063870494256776e+02
1.521478657064894549e+02
1.521089552590809149e+02
1.521100558172537376e+02
1.520707634517713416e+02
1.521118822745171713e+02
1.520726083580975683e+02
1.521541498566638779e+02
1.522769190471360901e+02
1.526029485324603172e+02
1.525686348812729420e+02
1.523723584659321659e+02
1.521336954201339609e+02
1.516906014344784239e+02
1.514854559944226082e+02
1.511166222165892634e+02
1.511481032490795258e+02
1.508566699485655818e+02
1.509259292409750515e+02
1.509958881221964759e+02
1.512685738608050201e+02
1.509783574351560560e+02
1.509680378132893566e+02
1.512000381952429393e+02
1.513535739345880131e+02
1.513066403379675364e+02
1.513804447858255173e+02
1.513741866523496071e+02
1.512062491437870335e+02
1.510366152967546896e+02
1.507844598957119615e+02
1.504893534300126703e+02
1.507569226565779843e+02
1.509867905621999000e+02
1.507745359214146390e+02
1.508025615367818943e+02
1.507096581179623058e+02
1.506158162807696215e+02
1.504806225058271707e+02
1.503844671776039377e+02
1.503681486642459220e+02
1.503112612770163423e+02
1.500517790676934737e+02
1.497492717855489559e+02
1.496053250359077538e+02
1.495003283190989976e+02
1.497983114334333266e+02
1.498972842761950801e+02
1.498760447234294872e+02
1.502586310337671875e+02
1.504026576098650594e+02
1.502249066766313490e+02
1.502069764410415473e+02
1.503908852939823362e+02
1.504958437312946273e+02
1.506018623548434618e+02
1.506281437927708851e+02
1.508163068613845041e+02
1.508043503650351056e+02
1.508326771363989565e+02
1.507400779155547070e+02
1.507677554702572422e+02
1.507957125962192606e+02
1.510663763598183778e+02
1.512185619796134972e+02
1.512510727066799632e+02
1.514859320269497402e+02
1.514807394211614451e+02
1.515967064860220432e+02
1.518350570565879991e+02
1.519546030874625444e+02
1.519541445327906786e+02
1.521557015482731572e+02
1.522784864123971431e+02
1.524833196084824749e+02
1.526498177863449826e+02
1.525351694811566858e+02
1.522173429102600437e+02
1.521387302123832796e+02
1.518977072852360948e+02
1.516542497830672005e+02
1.514487371546123313e+02
1.510391284390031501e+02
1.507869984232352181e+02
1.506535337608442262e+02
1.506803371321660165e+02
1.511114516486512400e+02
1.513044966147996888e+02
1.512974713280814569e+02
1.513711831596777984e+02
1.515668516764419564e+02
1.514412643196387194e+02
1.514356205248875256e+02
1.513895156817050349e+02
1.517065814966712765e+02
1.515015974713854519e+02
1.513753509811976699e+02
1.514094454355526693e+02
1.512822681167210419e+02
1.511134021381018329e+02
1.512256587253547764e+02
1.514198572983376323e+02
1.514544013114522159e+02
1.514488902135884985e+02
1.512817072864533827e+02
1.512340477640941856e+02
1.513071189536304075e+02
1.512597161147780014e+02
1.513734506209881943e+02
1.514479299201899778e+02
1.513615453739295162e+02
1.514763084585147794e+02
1.511881903621361403e+02
1.508163539011478633e+02
1.507639938395439572e+02
1.506707008480232162e+02
1.507380816646704034e+02
1.506445269340107416e+02
1.504692191252629812e+02
1.502921405305688438e+02
1.502344853844132615e+02
1.500954397822353883e+02
1.501166058406420518e+02
1.501783897380218775e+02
1.500791815535581293e+02
1.500193753066245392e+02
1.502821972794187388e+02
1.503052497771913067e+02
1.503285351284759486e+02
1.503924597257325217e+02
1.504166259855897749e+02
1.504814403894839359e+02
1.503448892823074914e+02
1.504897871538457821e+02
1.505553405594396565e+02
1.505407480398380926e+02
1.506876242826651549e+02
1.507147720026922286e+02
1.507825979825172737e+02
1.507703009924413777e+02
1.509598999923646545e+02
1.510302020124906903e+02
1.510608101136264736e+02
1.512937475895220985e+02
1.512462096863855265e+02
1.513598077640258168e+02
1.515553613778045019e+02
1.515912741189939652e+02
1.519103778979738024e+02
1.517478564626007369e+02
1.514624812753532694e+02
1.513762437124782139e+02
1.516527714267455167e+02
1.517300721482286292e+02
1.516869415638669238e+02
1.518857995594607644e+02
1.518038379388492274e+02
1.519230686251007398e+02
1.522051198233338880e+02
1.522475957811456340e+02
1.524117129102475587e+02
1.524966797073203111e+02
1.525825047548689781e+02
1.525883886412827621e+02
1.523923117588714149e+02
1.521942543018910214e+02
1.521962164665555122e+02
1.524002186530865117e+02
1.526062814677641768e+02
1.525720014825900535e+02
1.525777792753431470e+02
1.527452315912560152e+02
1.526719511022783138e+02
1.525979304063417601e+02
1.524019499053967479e+02
1.521635857630269300e+02
1.521652381444711750e+02
1.519648870146167212e+02
1.517221080955732759e+02
1.519213213086598557e+02
1.519609306148078076e+02
1.521625561765738155e+02
1.521237941177508048e+02
1.522866607250008997e+02
1.522895562878800320e+02
1.523328851392733441e+02
1.524170556962355363e+02
1.525828845416517368e+02
1.529120045875275480e+02
1.530424288762905007e+02
1.533761907841316940e+02
1.532688795799310810e+02
1.528776561413440618e+02
1.528865213548931479e+02
1.527338599544373210e+02
1.525392524792304130e+02
1.524234873527577747e+02
1.522661488411692403e+02
1.521880291324938241e+02
1.521091203358530777e+02
1.521910306422761323e+02
1.523949804467430624e+02
1.524393741886290172e+02
1.526054284733628208e+02
1.528135641145085231e+02
1.528217819338462959e+02
1.527088706402488754e+02
1.528776471113621369e+02
1.529673203145079015e+02
1.530578993075830851e+02
1.530685851591751145e+02
1.531197829890654702e+02
1.532119020091572850e+02
1.533049515244017869e+02
1.534393449741422444e+02
1.533730757314567370e+02
1.531445209408656467e+02
1.531156777180465838e+02
1.531269471899455539e+02
1.532595426161066143e+02
1.531510531475827293e+02
1.532030839874570916e+02
1.531748323105623228e+02
1.533079114248111239e+02
1.531999105301119926e+02
1.533332429597090822e+02
1.533467100603127733e+02
1.532795051114268290e+02
1.530096011226530095e+02
1.528177789117715122e+02
1.528664433452230185e+02
1.530772155002258899e+02
1.533305207072985752e+02
1.535459805124227159e+02
1.537232126388112476e+02
1.536598107462730809e+02
1.536361724709840928e+02
1.534102752232154501e+02
1.532629042658741980e+02
1.532352568342164432e+02
1.533285422567842886e+02
1.530995376331163129e+02
1.530298359930465608e+02
1.531614504980261415e+02
1.533752025232589347e+02
1.534699015386458143e+02
1.536059611501469533e+02
1.535009708587344051e+02
1.534353240997324690e+02
1.534902263633655366e+02
1.537477033973395351e+02
1.537249529266058516e+02
1.534999524511171103e+02
1.533534873243601169e+02
1.532863508326869351e+02
1.533397483158466059e+02
1.534744932483291677e+02
1.533277709579085695e+02
1.535432029877862306e+02
1.534375787755413114e+02
1.535329078540825094e+02
1.537100079334165912e+02
1.535656645792085726e+02
1.534198632113218821e+02
1.531109729407296811e+02
1.529605787280093523e+02
1.529298775030407285e+02
1.528988661646867797e+02
1.529079456208960437e+02
1.527555006271675779e+02
1.522378794213815922e+02
1.522806862842232931e+02
1.524451376608316764e+02
1.527324622836680987e+02
1.527802649329985911e+02
1.531113787202004346e+02
1.533650290103031750e+02
1.531767969801043421e+02
1.525422191718221825e+02
1.523860799715386918e+02
1.521475555268060589e+02
1.520278338654608206e+02
1.520685190560206763e+02
1.524732515717390697e+02
1.526396480522610943e+02
1.526057051032944401e+02
1.526118233366609047e+02
1.526584074107693425e+02
1.523418256674429188e+02
1.522644703711548573e+02
1.523479498698526413e+02
1.523514645150034141e+02
1.523146106212156212e+02
1.523985965870857058e+02
1.525238349364504415e+02
1.526099342792429638e+02
1.528585194739826250e+02
1.531500196706896588e+02
1.534444643138280924e+02
1.533782467816441795e+02
1.530285321026710506e+02
1.526348809117888834e+02
1.522776574866559258e+02
1.517956136228841615e+02
1.516723369928126317e+02
1.516690272654682303e+02
1.515444719853204276e+02
1.516206787730507983e+02
1.516168472455063068e+02
1.513705527732386145e+02
1.514045987608477049e+02
1.513177765261090144e+02
1.509472490162707174e+02
1.508154030467388793e+02
1.508842455017561974e+02
1.510749954563195274e+02
1.510252479356767878e+02
1.507729777128047033e+02
1.507605835482875136e+02
1.506268520689775698e+02
1.506533859282599508e+02
1.506801878063234028e+02
1.507880684912360039e+02
1.506546146376121271e+02
1.506814289268807840e+02
1.502640696231119364e+02
1.498828986092039770e+02
1.495786854638431294e+02
1.492309954180226441e+02
1.494050458767902967e+02
1.493384301785765160e+02
1.491499294733087879e+02
1.492019489629389000e+02
1.493353019827664241e+02
1.493083858411781080e+02
1.493216018597759387e+02
1.493753554139152868e+02
1.493488438524398134e+02
1.494028725782214622e+02
1.494170430083046028e+02
1.491485282912170192e+02
1.488368972638552634e+02
1.487645426907638750e+02
1.490954976674380532e+02
1.492277754216536323e+02
1.493209852743984811e+02
1.494959447216145350e+02
1.492282269915297945e+02
1.487153807995246382e+02
1.486013947469957657e+02
1.485670654010047826e+02
1.484111771727319820e+02
1.483345223966993842e+02
1.482570933299996057e+02
1.484213063939392327e+02
1.485063700948871599e+02
1.485114849443309595e+02
1.485974595397277653e+02
1.485630904441696885e+02
1.486091822668385305e+02
1.484941235018569898e+02
1.485395186887449483e+02
1.485853724128738804e+02
1.486316893059317863e+02
1.487996861676085700e+02
1.490501880480896943e+02
1.490607960081715646e+02
1.489907030385567168e+02
1.490007101399567375e+02
1.490108183231881469e+02
1.488190084072609523e+02
1.489484933406681080e+02
1.491196902430990860e+02
1.494138285283827940e+02
1.495493217458415813e+02
1.496457795412540008e+02
1.498644237790439036e+02
1.498832563424691102e+02
1.499022791338068146e+02
1.498406859937448701e+02
1.496976626199438840e+02
1.497552147676202310e+02
1.497729442097168260e+02
1.498312567774920296e+02
1.501325826035271120e+02
1.501945278823507124e+02
1.502975029114657275e+02
1.504419221327934224e+02
1.505878001341349091e+02
1.504927274082162398e+02
1.504775024325423090e+02
1.507853559924668048e+02
1.508134909014819129e+02
1.508823140419005711e+02
1.507094081231320786e+02
1.506963718415468918e+02
1.508448200419675516e+02
1.511159798403708976e+02
1.514302826670415527e+02
1.513841239061022179e+02
1.514183069758612419e+02
1.513720272483449207e+02
1.514868962104489754e+02
1.515221173842917040e+02
1.515576943275678730e+02
1.513916104318861358e+02
1.513450610423093394e+02
1.512980414568780532e+02
1.512505469261393500e+02
1.512833807334743312e+02
1.511953340742163903e+02
1.508235697719356665e+02
1.505692623958951799e+02
1.506356185817114124e+02
1.505410288704152606e+02
1.505666958287031036e+02
1.504310058875785785e+02
1.504555615026048656e+02
1.503187489925298621e+02
1.502209585783130308e+02
1.498393520993058416e+02
1.498983354538443109e+02
1.500387226806512331e+02
1.500189117986375322e+02
1.500393048471090083e+02
1.498982877243523717e+02
1.499174623478307637e+02
1.500176387351824587e+02
1.497955946820019619e+02
1.495309037191941570e+02
1.497483875951460561e+02
1.497660480759046493e+02
1.498646950261662028e+02
1.498431262890574089e+02
1.497001275647040472e+02
1.498789167320243791e+02
1.499787037697211929e+02
1.501603068381025139e+02
1.501821281192954416e+02
1.504465940598940392e+02
1.503904990503984891e+02
1.504146455054526257e+02
1.503582277832857415e+02
1.502204321043286939e+02
1.502832647518476676e+02
1.504679441937849447e+02
1.505332769634192402e+02
1.506396737004236002e+02
1.506663370711345067e+02
1.505316536072067493e+02
1.505572258658653766e+02
1.505426523897631625e+02
1.503259115048109891e+02
1.502281934392036646e+02
1.501698923628320586e+02
1.503130225887184963e+02
1.503363864532518903e+02
1.501579661143953786e+02
1.501393597115105365e+02
1.501609694055666751e+02
1.502636054601683782e+02
1.501652580405729509e+02
1.501063212531053921e+02
1.496023447001060731e+02
1.495781259597025610e+02
1.495536625855588397e+02
1.496097601874329825e+02
1.496260203913462306e+02
1.496424448397431775e+02
1.493358028684280612e+02
1.491876796650790595e+02
1.492400804697763022e+02
1.492930105755314685e+02
1.492656672480123348e+02
1.494400679272847015e+02
1.496970383103886775e+02
1.495525639498875989e+02
1.494874383332197567e+02
1.495428670032528089e+02
1.492352191952043938e+02
1.490860799951560978e+02
1.490162424193498794e+02
1.489456994134840784e+02
1.487128276903881385e+02
1.486392198892809802e+02
1.487668887770515767e+02
1.486938270475269519e+02
1.490240677247743122e+02
1.493576441664394281e+02
1.494925698650901609e+02
1.495884544091814803e+02
1.496449034436180909e+02
1.498635388319373476e+02
1.500035745777142608e+02
1.498217925027418573e+02
1.499210025280219725e+02
1.494151540687086026e+02
1.491062162310194310e+02
1.488345618495145288e+02
1.488025877267818942e+02
1.488106946735173324e+02
1.487380754277959340e+02
1.488667428563591386e+02
1.488350937943022245e+02
1.489647412063662557e+02
1.488936779862280559e+02
1.490239171578061246e+02
1.487110274321275369e+02
1.488394216486137793e+02
1.490903248975891700e+02
1.489397221187768139e+02
1.489896183017955877e+02
1.487167861634297026e+02
1.487240264277074857e+02
1.489737640683905795e+02
1.491048121902938988e+02
1.492371840305994510e+02
1.492900848793933903e+02
1.492223079589832651e+02
1.492750585444274520e+02
1.494091500448767249e+02
1.493425758029055714e+02
1.495177533362678730e+02
1.495734882184526100e+02
1.497914022408609753e+02
1.500519214554148277e+02
1.501130519751666839e+02
1.499323757324915789e+02
1.498710865984771488e+02
1.499707945439155310e+02
1.499907015595106827e+02
1.500916177368794138e+02
1.503551694311916549e+02
1.503789590214052510e+02
1.503221808297025746e+02
1.503052331613159254e+02
1.500860941023395014e+02
1.497435293963022502e+02
1.493571004003056260e+02
1.488859600003089838e+02
1.488545050508168401e+02
1.487823283341586205e+02
1.485882104385438538e+02
1.484325357965089438e+02
1.482752886833431489e+02
1.481972612963062659e+02
1.481992538346520405e+02
1.482820745804570208e+02
1.481233076570268850e+02
1.486094016737643244e+02
1.487771734078437760e+02
1.487042155634778169e+02
1.485497126903824210e+02
1.483128411013963444e+02
1.483160011125215476e+02
1.482787890025471143e+02
1.482816050530776124e+02
1.483248535889675281e+02
1.481665187767353018e+02
1.481277967441764361e+02
1.476442391355322172e+02
1.474790294298306321e+02
1.470293226563941005e+02
1.468983057135297372e+02
1.468467734480099125e+02
1.468755287353630479e+02
1.470257866013768080e+02
1.470159460619969991e+02
1.471676222848452369e+02
1.471996184695406384e+02
1.471511297672128649e+02
1.469809391588010783e+02
1.464857971301020427e+02
1.464705021516180921e+02
1.462530324763825718e+02
1.461949822993753969e+02
1.460959417165414322e+02
1.459959007237789876e+02
1.458140411351304238e+02
1.460343849849803632e+02
1.460145302878590883e+02
1.462368992806649146e+02
1.462190901824902483e+02
1.460798890732224322e+02
1.459796859325481648e+02
1.457168544773214478e+02
1.456937924013344627e+02
1.454280731326611829e+02
1.452808819521833072e+02
1.451726080325082648e+02
1.449016242752609571e+02
1.450723477527888576e+02
1.453660078311002053e+02
1.454606139708081400e+02
1.454753676472807342e+02
1.454094622699810486e+02
1.455449113838190840e+02
1.457221327109278377e+02
1.455375077888161570e+02
1.455126341301175330e+02
1.454471051819364504e+02
1.453001062443802311e+02
1.453132386306874935e+02
1.454073117481686950e+02
1.454215270183525774e+02
1.452338656751038286e+02
1.451251168435390468e+02
1.451364816601405607e+02
1.447439208688289511e+02
1.446302230998271625e+02
1.445557809089165460e+02
1.443997786958757104e+02
1.442826047433088661e+02
1.444066714578874553e+02
1.443299711695831036e+02
1.442524961308920410e+02
1.440934304352446134e+02
1.439327580153986048e+02
1.440936949650486838e+02
1.440542373384335235e+02
1.440547851903362186e+02
1.442977628185213916e+02
1.443007705237594109e+02
1.443442126502621079e+02
1.443880935861235173e+02
1.441091854405284778e+02
1.440294802429582433e+02
1.436257376191498452e+02
1.433391289082318849e+02
1.430900292002343406e+02
1.427980092931660749e+02
1.425434437304709263e+02
1.423267108388593556e+02
1.421077887261209298e+02
1.417654431576979732e+02
1.417024678360585312e+02
1.415580483192505596e+02
1.416545942618694198e+02
1.415500952140096729e+02
1.414849446606153549e+02
1.413383279400161996e+02
1.412710383232482059e+02
1.412030690133818780e+02
1.410940091044266751e+02
1.411454637418447930e+02
1.412378421634795700e+02
1.413715577408887327e+02
1.412641997382713157e+02
1.410345451901729916e+02
1.408429749395692454e+02
1.408918938783523345e+02
1.406584786650024341e+02
1.406247259242447853e+02
1.406714403275203722e+02
1.405570104318383642e+02
1.405222327594329670e+02
1.402042755145784554e+02
1.401255308228066667e+02
1.401267988109158296e+02
1.399260594049651729e+02
1.400061206110758860e+02
1.400869905162386431e+02
1.400878692083219335e+02
1.399271406144659409e+02
1.400072127418851551e+02
1.398456694362478743e+02
1.398037065012604501e+02
1.397209156578389013e+02
1.395968845028673115e+02
1.395120045483511149e+02
1.395070753013646083e+02
1.393404801023886250e+02
1.393338182852411364e+02
1.392462810962029778e+02
1.389558394911144319e+02
1.387836762536510946e+02
1.387713901552023685e+02
1.386377678335385042e+02
1.385836038722608805e+02
1.385692968406677892e+02
1.385144412531995215e+02
1.384590315688889746e+02
1.384434662312005457e+02
1.382257234658591472e+02
1.380057812786459976e+02
1.377432134127734855e+02
1.376396095078521284e+02
1.375349590988406021e+02
1.375908677766066148e+02
1.374857250268750875e+02
1.375007323503790531e+02
1.374350831822012822e+02
1.371263466486877860e+02
1.370973198471596959e+02
1.369871917648080739e+02
1.367143351159675433e+02
1.364791263797652618e+02
1.362415417977425989e+02
1.362439816138819424e+02
1.361252339534154316e+02
1.362477110640561762e+02
1.359673849131879990e+02
1.354418029426143164e+02
1.351129322652672045e+02
1.349019517830980135e+02
1.346080321041398804e+02
1.342707394991310252e+02
1.341724641405365901e+02
1.343560243843801345e+02
1.341373983680608148e+02
1.341993922909701951e+02
1.336963558494647941e+02
1.335922786358233907e+02
1.334063420563871034e+02
1.332589313700876801e+02
1.333120518889774360e+02
1.331636887767451753e+02
1.332158472492371004e+02
1.331069164133706977e+02
1.330776933468392826e+02
1.330885791382216041e+02
1.330995748870921034e+02
1.331510857445374256e+02
1.328798845904420602e+02
1.325655399903450871e+02
1.324096363538843093e+02
1.320501377311963722e+02
1.318890280113092501e+02
1.318879070821307380e+02
1.311999061435666647e+02
1.306665718621885333e+02
1.299662342042304886e+02
1.297032668729602563e+02
1.291548150231919010e+02
1.285200151749415056e+02
1.281212274494358212e+02
1.277184115650868392e+02
1.275539510758454469e+02
1.275090414907524803e+02
1.274232742330834611e+02
1.272962365990740352e+02
1.272487238374487788e+02
1.271199230681297081e+02
1.269898212809389406e+02
1.266967891726659161e+02
1.264007971441068605e+02
1.262230274182899308e+02
1.259626539578684259e+02
1.259016706645133894e+02
1.258804754187003141e+02
1.258186620390909098e+02
1.255946081202941826e+02
1.251662708285799113e+02
1.253396675036161980e+02
1.251107752561776181e+02
1.247987628850282391e+02
1.245240029141698699e+02
1.243272756708787199e+02
1.243305814857360190e+02
1.244147287734704150e+02
1.241764937105765370e+02
1.238954481925015898e+02
1.234499476691934206e+02
1.229595431001954182e+02
1.226258011113085757e+02
1.220866677892005328e+02
1.215420886759600450e+02
1.209920087635962602e+02
1.207596048117133734e+02
1.206864695067811937e+02
1.203297671785671099e+02
1.199290577561282021e+02
1.195647048041699776e+02
1.189138432365354845e+02
1.184988315520557194e+02
1.183624561131878608e+02
1.180630869830176266e+02
1.178010979626443486e+02
1.174960585481254185e+02
1.173091500486117980e+02
1.170395455036481849e+02
1.169692378824727825e+02
1.168174120024976332e+02
1.167852646489873649e+02
1.163891562110986229e+02
1.159486426374735260e+02
1.156652955934075351e+02
1.153790864579871993e+02
1.150899863211995893e+02
1.147171579002015420e+02
1.144617756567692055e+02
1.140017935926961883e+02
1.135371652451475200e+02
1.130274396415628928e+02
1.124317572137002088e+02
1.123149062764645691e+02
1.119140467439037110e+02
1.113879260039432495e+02
1.111797232363060886e+02
1.109290133700062171e+02
1.105141549191980772e+02
1.102163181002003540e+02
1.099962809092930200e+02
1.096124049588820526e+02
1.091842474332138835e+02
1.088325731648625379e+02
1.083965385503662731e+02
1.077540793438044204e+02
1.072667468119235679e+02
1.066532796080036150e+02
1.061548278868720416e+02
1.060553817039115216e+02
1.056721027312235179e+02
1.051233360921451094e+02
1.046902384769141889e+02
1.042931701787009899e+02
1.038516870491931883e+02
1.035269566153466769e+02
1.031181379952996764e+02
1.027859979750501793e+02
1.023292908838891577e+02
1.018275665493829933e+02
1.011187540902856909e+02
1.007664182730159013e+02
1.001680992656726659e+02
9.960414067239661051e+01
9.931731381050147434e+01
9.874476142474914298e+01
9.832804184318085561e+01
9.754347660927346908e+01
9.707421879724617497e+01
9.603456444166261008e+01
9.538844893097237332e+01
9.477621104138631836e+01
9.403657680948110453e+01
9.353189576715274711e+01
9.257767249207337557e+01
9.181583080007419539e+01
9.084427353542844230e+01
8.994371064184697673e+01
8.951889963822941354e+01
8.880696933154482053e+01
8.845148417327750678e+01
8.784998401341181307e+01
8.716160001354720066e+01
8.658747476115865993e+01
8.616916642541281135e+01
8.538299638930573110e+01
8.450807716091490818e+01
8.386674460698488076e+01
8.354216626968161563e+01
8.293148108048653455e+01
8.235503139443086695e+01
8.148993070144526030e+01
8.077770777923770140e+01
8.009869472650258615e+01
7.937241891565933827e+01
7.871961506632254668e+01
7.806021723870958340e+01
7.739415882697943516e+01
7.668096851210049181e+01
7.600097829505098446e+01
7.547573565156659470e+01
7.490478348643082995e+01
7.424725604689980685e+01
7.346187479484844118e+01
7.258775231802876249e+01
7.162399224043302581e+01
7.085251741457882702e+01
7.003284587331204136e+01
6.924529886193136008e+01
6.844979683023359485e+01
6.756545134367036098e+01
6.691459731683872292e+01
6.609555284529159280e+01
6.502581095484005402e+01
6.418768783317186433e+01
6.342190690219374716e+01
6.272919889110477953e+01
6.186787766778262920e+01
6.075543198765917907e+01
5.995498180571641456e+01
5.902523414718832129e+01
5.824771125978626429e+01
5.754314268665287102e+01
5.650822493601301488e+01
5.554366155152825968e+01
5.452895106214984366e+01
5.346358693146446228e+01
5.238746154693383517e+01
5.130046620902411547e+01
5.012168303941830061e+01
4.893099296910954621e+01
4.772827572637329752e+01
4.667502598623560317e+01
4.573234948104612130e+01
4.473974695055162698e+01
4.361590601065819328e+01
4.256152122288710160e+01
4.149648608372439185e+01
4.038028897345898116e+01
3.953564542773633406e+01
3.852085396741045287e+01
3.729379188627312658e+01
3.609473927906374513e+01
3.488357502935734544e+01
3.366017679733065648e+01
3.206078464376827952e+01
3.076846933713967758e+01
2.934188821933300062e+01
2.814332143366968353e+01
2.685183983198957947e+01
2.542610084039350227e+01
2.398596044484193612e+01
2.249086913620395833e+01
2.102107993555953769e+01
1.977886862177731331e+01
1.864532184017911121e+01
1.725790084866575924e+01
1.585646550370278618e+01
1.456208636737654416e+01
1.289099633068337880e+01
1.160706700069026809e+01
1.018895656635381286e+01
8.998946026620004091e+00
7.756511137999996919e+00
6.299506199999996170e+00
4.787379999999993530e+00
3.461999999999997968e+00
1.800000000000000044e+00
