1.939596496991334504e+02
1.948683330294281006e+02
1.957861949792193741e+02
1.964709040194130978e+02
1.972433373933476162e+02
1.979831690841902230e+02
1.985688576607971356e+02
1.986756137987851218e+02
1.987026402007925583e+02
1.986491315159519502e+02
1.991607389050032282e+02
1.997179180858605037e+02
2.001595132180417806e+02
2.002419325434778159e+02
2.002847803469467181e+02
2.004088690373206987e+02
2.003725949871908654e+02
2.005379747345366184e+02
2.006646209439775816e+02
2.011157787312893674e+02
2.016523017487778304e+02
2.016285876250285867e+02
2.017662501262900605e+02
2.022285354811031368e+02
2.024934701829313894e+02
2.028014850332630772e+02
2.033550353871368088e+02
2.036717529162984022e+02
2.043957100164622034e+02
2.052077878954164021e+02
2.060280685812280979e+02
2.065334026073018379e+02
2.068822248558611818e+02
2.077598230867284883e+02
2.084038617037664380e+02
2.091756178825924621e+02
2.100763816995881257e+02
2.111478603026147880e+02
2.123109700026399196e+02
2.133646161642829497e+02
2.142268850144270118e+02
2.146938232468958176e+02
2.153270941887843719e+02
2.156031254432161575e+02
2.158011368113289450e+02
2.161223604154841098e+02
2.160427882984677126e+02
2.158007962610786024e+02
2.157179760212933672e+02
2.159979555770622994e+02
2.163211672495579023e+02
2.165264315652110838e+02
2.170165975406173970e+02
2.177137348895130060e+02
2.180946817065783421e+02
2.187219007137140352e+02
2.195574754683991330e+02
2.205631065337370558e+02
2.213768752866033083e+02
2.224412881682849843e+02
2.229507961295809935e+02
2.230210061914968662e+02
2.228495012035326113e+02
2.234439406096280720e+02
2.233979198077054491e+02
2.234726462704104506e+02
2.235077235054647531e+02
2.236643671772362438e+02
2.235801688658953594e+02
2.234547160261573708e+02
2.238128444708653149e+02
2.240129742129968236e+02
2.249423981949460085e+02
2.258408062575213648e+02
2.265462689469925976e+02
2.271780494414055624e+02
2.278162115569749915e+02
2.288244561181571441e+02
2.298024809274309916e+02
2.304267484115456455e+02
2.310573216278235975e+02
2.316538602301256162e+02
2.320948083132579143e+02
2.324594023366246915e+02
2.331913154915404220e+02
2.339306217086277684e+02
2.345965875844721324e+02
2.356329167519908765e+02
2.358716330828191019e+02
2.360723566493134911e+02
2.361134915649632262e+02
2.359530217827890510e+02
2.361545674573620772e+02
2.360349166235997131e+02
2.361564814379796360e+02
2.361984660989687939e+02
2.359580465646152163e+02
2.355939864289039463e+02
2.353474610392960074e+02
2.354620818578758872e+02
2.358606887453297816e+02
2.360613017629591468e+02
2.362235371343020915e+02
2.364682193275788791e+02
2.367153730581585478e+02
2.376114879375352302e+02
2.384358464015514016e+02
2.391473195975267174e+02
2.392195147449755552e+02
2.397368835807848200e+02
2.397746298795791233e+02
2.402572018985648299e+02
2.409870726248135497e+02
2.416839117422359777e+02
2.419433451941776241e+02
2.427710557516956271e+02
2.433647027794899032e+02
2.437219219994855166e+02
2.442039616156425552e+02
2.447716783996389438e+02
2.457087660602398387e+02
2.460492586467086653e+02
2.467568269158660428e+02
2.475523504200669720e+02
2.484771216364319457e+02
2.489263854913455418e+02
2.490165510013584083e+02
2.495520717185430044e+02
2.499313855742867645e+02
2.505973591659472390e+02
2.514720799656023758e+02
2.523960403692951786e+02
2.524000407770660672e+02
2.526061017950171390e+02
2.527738401969851054e+02
2.530644850474607779e+02
2.535600859065245061e+02
2.537374605116412170e+02
2.540378389006476993e+02
2.544624635360075899e+02
2.546893571070770577e+02
2.545953102091693552e+02
2.551467779890619454e+02
2.556230080697588960e+02
2.560232404745028134e+02
2.569527681560650763e+02
2.575280486424876472e+02
2.580283319621105420e+02
2.583316484465756844e+02
2.583552004510859774e+02
2.585810105566519042e+02
2.592131419764168641e+02
2.600940828044612090e+02
2.611051341459219657e+02
2.617627617635562842e+02
2.625886482460166462e+02
2.633016648949685532e+02
2.636178433282506148e+02
2.638968114426762099e+02
2.642998095380571044e+02
2.653129389273302081e+02
2.664171100276070661e+02
2.671283939672779866e+02
2.677660545124027749e+02
2.682081358711158714e+02
2.685738746172871743e+02
2.689029036538260016e+02
2.698413168220457692e+02
2.706275927495416909e+02
2.719874674237793215e+02
2.735630984078574102e+02
2.746697963715736250e+02
2.757472690621961533e+02
2.764719889517116371e+02
2.770424130825364841e+02
2.775377909924629307e+02
2.782805969620812334e+02
2.788692898606896051e+02
2.793023129905956807e+02
2.792144575662585453e+02
2.794489470366247588e+02
2.799282293299243065e+02
2.807759892221462223e+02
2.809454436587335522e+02
2.811974178371056610e+02
2.811691089263675281e+02
2.809384938650165964e+02
2.805439331969874956e+02
2.805090234313000224e+02
2.806353772033332916e+02
2.811266436397329471e+02
2.811380238785183110e+02
2.811091150288072527e+02
2.813223384129357214e+02
2.816993317302374180e+02
2.820397290204414276e+02
2.827067969903453672e+02
2.833806030205516890e+02
2.842228313338894736e+02
2.855584154887754949e+02
2.863822378674527727e+02
2.874972099671211367e+02
2.874921312799221482e+02
2.880930618989120262e+02
2.878111736352641969e+02
2.877284582174386287e+02
2.878469274923606918e+02
2.878453813054161401e+02
2.880054356620372573e+02
2.877630663252911631e+02
2.879222892174643107e+02
2.877194840580450546e+02
2.875146303616618297e+02
2.871460912744045118e+02
2.868546376509139577e+02
2.871663006574906944e+02
2.874811117752427094e+02
2.884051634093352163e+02
2.890961246558946982e+02
2.900768935918130751e+02
2.911483773654675247e+02
2.911801791570377986e+02
2.919395749060997218e+02
2.925046211172722792e+02
2.928733546639099927e+02
2.933670249130415186e+02
2.939464898111507409e+02
2.937237270819715604e+02
2.940643707898713046e+02
2.947316876665362884e+02
2.952845329965009569e+02
2.961257909055566415e+02
2.965715059652098375e+02
2.963348545103129368e+02
2.958533883942556599e+02
2.958519074689438639e+02
2.962140479484289699e+02
2.963778262105339536e+02
2.964624507177102828e+02
2.962651017350607958e+02
2.964293956919816537e+02
2.960700966585664560e+02
2.957475723823907288e+02
2.955025983660523821e+02
2.950531296626784297e+02
2.950435653158372133e+02
2.951147124402405097e+02
2.954290024648881285e+02
2.957060630958469005e+02
2.967940031271162979e+02
2.976101041688046962e+02
2.977879840088937726e+02
2.975636202110044337e+02
2.973773941525289501e+02
2.972296910631612263e+02
2.975249404678403380e+02
2.981464045129701503e+02
2.980468732454240808e+02
2.979463366115409144e+02
2.968750874864035154e+02
2.956314015014173151e+02
2.950216176781995614e+02
2.952137552305041481e+02
2.949229850813164830e+02
2.953969546275930043e+02
2.958353077046394901e+02
2.961972805097362311e+02
2.961588692017546691e+02
2.968069385876314641e+02
2.977039783713444194e+02
2.982868468397413153e+02
2.990372190300429907e+02
2.997143626566077046e+02
3.000347097541493895e+02
3.005603128829796447e+02
3.011316291747274931e+02
3.019915446209353718e+02
3.031025703241778047e+02
3.036591619436144356e+02
3.043425878218332059e+02
3.047904927493258924e+02
3.048792856053791525e+02
3.047669551569493365e+02
3.048151062191417395e+02
3.055506123425665237e+02
3.059299114571385871e+02
3.057473853102405883e+02
3.057246316265047881e+02
3.057420521479852482e+02
3.059616688363483945e+02
3.062643119559082834e+02
3.065296080362711564e+02
3.069592000366360480e+02
3.072719192289259240e+02
3.068201204332593761e+02
3.062829499325845859e+02
3.061443938712982344e+02
3.060044382538357013e+02
3.059034729836712359e+02
3.064075484683562536e+02
3.070783317862184276e+02
3.073518502891078015e+02
3.081533841304128032e+02
3.089226102327401122e+02
3.099824345785244191e+02
3.110529642207324059e+02
3.115686507280123578e+02
3.116046977050634155e+02
3.117623209142074643e+02
3.116791120345519062e+02
3.115950626611630696e+02
3.114293562233972352e+02
3.110599557812084299e+02
3.104848038194026572e+02
3.105099028478819037e+02
3.107372756039220576e+02
3.111285612160815504e+02
3.107965264808919414e+02
3.106631580615064081e+02
3.100839980419256108e+02
3.098222202443689071e+02
3.096790103478483616e+02
3.093727377250982613e+02
3.088209471970686195e+02
3.080211587849179864e+02
3.072536957423423019e+02
3.066805007498396094e+02
3.064651522725654900e+02
3.064900528005719593e+02
3.067980331318900653e+02
3.072303364968590245e+02
3.079498348453122389e+02
3.088382170154656592e+02
3.096143606216837156e+02
3.099538996178624188e+02
3.095291915331952737e+02
3.090193853870649718e+02
3.084640256434999515e+02
3.077010360035349095e+02
3.074959959631667061e+02
3.080565615789569165e+02
3.091480419989464963e+02
3.105333757565115320e+02
3.118114906631449230e+02
3.132237279425696670e+02
3.139229575177478750e+02
3.142252096138876709e+02
3.145709188019065436e+02
3.140312311130361422e+02
3.137689203161990577e+02
3.132615356729282325e+02
3.131934703766946768e+02
3.139732024007018367e+02
3.149224266673766692e+02
3.155580067347206068e+02
3.156747542774966178e+02
3.156714689671691190e+02
3.157893625930993835e+02
3.150195581748486688e+02
3.140803617927760456e+02
3.124044058512878337e+02
3.106307129810999754e+02
3.096471848293926996e+02
3.090577624539334352e+02
3.087856186403359970e+02
3.081470895356937376e+02
3.074617066017096363e+02
3.075370773754644347e+02
3.076536135105704375e+02
3.078521348591621063e+02
3.072849847062248045e+02
3.071969542487112221e+02
3.070272265138502803e+02
3.066133601150017967e+02
3.065993536515168216e+02
3.060599531833493074e+02
3.057979325084335755e+02
3.051696287963976033e+02
3.054642715115136298e+02
3.057214863752658403e+02
3.059812993689552059e+02
3.053548478474297667e+02
3.051261089367986870e+02
3.048950595321199444e+02
3.050657166991101690e+02
3.050360774738493888e+02
3.051273509836856874e+02
3.054215666501880833e+02
3.061227945961490491e+02
3.065482773698466303e+02
3.068972498685317305e+02
3.072497473419502398e+02
3.074845932746981703e+02
3.074389831057557672e+02
3.072312960664216916e+02
3.066174707741636780e+02
3.055934048223866171e+02
3.041145503256425400e+02
3.024591417430731326e+02
3.020395371142155909e+02
3.023025627416309931e+02
3.026894573147792471e+02
3.032822801159380219e+02
3.041235152686238052e+02
3.038419346147728106e+02
3.040423581967411906e+02
3.040023820169105875e+02
3.036791737544560306e+02
3.031910846004608402e+02
3.031829137378383621e+02
3.028110239776137860e+02
3.024353777551651774e+02
3.020559371264298534e+02
3.020363001277063972e+02
3.018548486138449789e+02
3.029240895089341734e+02
3.042465550595281911e+02
3.052995505651811641e+02
3.060803541062439308e+02
3.052528829355989615e+02
3.049827100359592578e+02
3.043461717534946160e+02
3.041476482358514204e+02
3.033814628644965410e+02
3.029711746106026453e+02
3.033648228389927226e+02
3.037220432717106746e+02
3.043657002744549231e+02
3.048946467418730890e+02
3.053885320624974611e+02
3.054025576388868899e+02
3.049722804433204715e+02
3.042952327710306122e+02
3.039749825970000074e+02
3.039343258555554144e+02
3.041760867227833387e+02
3.037334209321043090e+02
3.038923443758645817e+02
3.038104488645096239e+02
3.039701503681922077e+02
3.041718690587795777e+02
3.046584535947273480e+02
3.047863167623498271e+02
3.048750674367175293e+02
3.044394620572904842e+02
3.042014768255455124e+02
3.040418957833795162e+02
3.035170664478574736e+02
3.039162287352090175e+02
3.046426552880895429e+02
3.052956114021106373e+02
3.055915266687998155e+02
3.060520471402014095e+02
3.057495425658597696e+02
3.056460025917776306e+02
3.059454571634117883e+02
3.062883405691025587e+02
3.064326672415182315e+02
3.063360275166843962e+02
3.064808358754387427e+02
3.063846827024633512e+02
3.064087704065284470e+02
3.066755256631611246e+02
3.071065915789506562e+02
3.077844359383332176e+02
3.076206423619534576e+02
3.072935781433872080e+02
3.065187658014011163e+02
3.060593593953537379e+02
3.052720801973276252e+02
3.054465456538664512e+02
3.059056016705717980e+02
3.061268703743161836e+02
3.063503741154695490e+02
3.064549233489603921e+02
3.061968922716763473e+02
3.055322144158355968e+02
3.051436509250862628e+02
3.050743948738223139e+02
3.054488837109325914e+02
3.058675593039739056e+02
3.061288477817900571e+02
3.055846947290808657e+02
3.041865603324051222e+02
3.036631922549539127e+02
3.030537295504591384e+02
3.028421510610697283e+02
3.032344960212835190e+02
3.038328242639217365e+02
3.050028527918408372e+02
3.063463159513545406e+02
3.068144605569231658e+02
3.065196571282061768e+02
3.061410678062684951e+02
3.065263311174429646e+02
3.068750819368115117e+02
3.072677595321322315e+02
3.075835954870024693e+02
3.079430257444481640e+02
3.083868946913607374e+02
3.084716107993546643e+02
3.083955664639941574e+02
3.084399661252481337e+02
3.090100667931782823e+02
3.093435018112914463e+02
3.099227291023149746e+02
3.105078071740539940e+02
3.113816234081355105e+02
3.117390135435721277e+02
3.114939530743130831e+02
3.108423768427417144e+02
3.105882594371133791e+02
3.099275347849634841e+02
3.097449846312758837e+02
3.092373582134101753e+02
3.090478365792010891e+02
3.087351884638401316e+02
3.086214024887270853e+02
3.085468712007348699e+02
3.084311830310453502e+02
3.087587707384294617e+02
3.086856270085146434e+02
3.088541686954686725e+02
3.090648168641114353e+02
3.095604210748604146e+02
3.096973950251115184e+02
3.097145404294053606e+02
3.101763034640440537e+02
3.108447509737831069e+02
3.114795464381645616e+02
3.121207539779438775e+02
3.131320747251955936e+02
3.142344189143391873e+02
3.149842615296352619e+02
3.159032944743790381e+02
3.165083782569487880e+02
3.170387659161126521e+02
3.168876423395068969e+02
3.168158003429357450e+02
3.164604043868033045e+02
3.161418226129322875e+02
3.165068915282137709e+02
3.166332237658730833e+02
3.172860846119930329e+02
3.179859440525177092e+02
3.182484283358756443e+02
3.178670993291678428e+02
3.177647467971395372e+02
3.180249967647864651e+02
3.186111078432198838e+02
3.189203109527474567e+02
3.193134454068135710e+02
3.205590357644583719e+02
3.216555916812711189e+02
3.226420117992650489e+02
3.225878907063282099e+02
3.217655461680087114e+02
3.214197436040489606e+02
3.205451955596446965e+02
3.201062581410556049e+02
3.198245031727842616e+02
3.190954577502873235e+02
3.186418765154421635e+02
3.179412894095366369e+02
3.171124135449861114e+02
3.167600136818044803e+02
3.167272865472777426e+02
3.171386732800781374e+02
3.165441144243210942e+02
3.165092064892131702e+02
3.156254611002161141e+02
3.147327889901171716e+02
3.141543323132488013e+02
3.139336690032808974e+02
3.139936050538201471e+02
3.143773788422429902e+02
3.144013927699416513e+02
3.142236290605471822e+02
3.135996253136851806e+02
3.135349750643279094e+02
3.129444192568963672e+02
3.127519386433296518e+02
3.132847865084137879e+02
3.144694813216308944e+02
3.146560417390202247e+02
3.151273148878997290e+02
3.143912271594952017e+02
3.145365930903994922e+02
3.146834273640399715e+02
3.144681084485249016e+02
3.142102105540649859e+02
3.138688995495604104e+02
3.138877773227894181e+02
3.137452296189787830e+02
3.135608379989676564e+02
3.140210484838065668e+02
3.136778267513191736e+02
3.130483098498184518e+02
3.127356665149671358e+02
3.126218853686534089e+02
3.120221064329832075e+02
3.119011176090749586e+02
3.119809268778520845e+02
3.116170978564165353e+02
3.116940382388045805e+02
3.115697355947526148e+02
3.116057935300532336e+02
3.113593874040928995e+02
3.115953408122180122e+02
3.116316573860770518e+02
3.121935933192698371e+02
3.122359528477475124e+02
3.116322756037851036e+02
3.115073490947313530e+02
3.113407566613457789e+02
3.108492491528735968e+02
3.101103526796703136e+02
3.099296491713838009e+02
3.101107567387717268e+02
3.107381381199716088e+02
3.110486243636073027e+02
3.120491155187946219e+02
3.130597126452476573e+02
3.138380935810584447e+02
3.139778723040997761e+02
3.137958306102016763e+02
3.133695258688914009e+02
3.133025513827183772e+02
3.131540923057748955e+02
3.135697902078545098e+02
3.143937274826805606e+02
3.146603307905861016e+02
3.153336674652393299e+02
3.158925933992325099e+02
3.166187812113451514e+02
3.173523042538843129e+02
3.183760649029144929e+02
3.191273382857713159e+02
3.194417558442127074e+02
3.198401574183974390e+02
3.198385428468646978e+02
3.205237806534001948e+02
3.211755360135350656e+02
3.222379151651851998e+02
3.233110254193799733e+02
3.234656822417982198e+02
3.234602850927246891e+02
3.242629142350761526e+02
3.246696103384606431e+02
3.256056670085469023e+02
3.269148151601488621e+02
3.276311264243915389e+02
3.285162893175677823e+02
3.280770599167340151e+02
3.277142019360964582e+02
3.271860625617141523e+02
3.265313763249627641e+02
3.254660366918812997e+02
3.247535724160416635e+02
3.248823963798400882e+02
3.250529256362033834e+02
3.249423491274777689e+02
3.246286354823007514e+02
3.246753893760619576e+02
3.251670599758199955e+02
3.260273333089086236e+02
3.260478114231395921e+02
3.266341529526665113e+02
3.270243969218848861e+02
3.270549463857421983e+02
3.273282286724675600e+02
3.273214431035026450e+02
3.276782253570738135e+02
3.283618437950249813e+02
3.286079230252773868e+02
3.290181040659363703e+02
3.293920243090267377e+02
3.296889134434610469e+02
3.299079933772328559e+02
3.300080741184181079e+02
3.295031051701187721e+02
3.287506112829490803e+02
3.281117285686357263e+02
3.280320490592278020e+02
3.286384333931592892e+02
3.296953872658180558e+02
3.300761487533514469e+02
3.302587361144967986e+02
3.303219556712093095e+02
3.299413693648563708e+02
3.293953225907641240e+02
3.298134571623879765e+02
3.299933910731194260e+02
3.298115061344646506e+02
3.293449556913778906e+02
3.283888441327042642e+02
3.267766102350545907e+02
3.250672830657122176e+02
3.241487707734474384e+02
3.236654250236840653e+02
3.236216414380648985e+02
3.234562034727932200e+02
3.237739429018107558e+02
3.244585281836470472e+02
3.246247759430779070e+02
3.248331070132110767e+02
3.239930373870816993e+02
3.235889266536171363e+02
3.240696228824416494e+02
3.243127503863055381e+02
3.247199498851571207e+02
3.239595453385429096e+02
3.231914599379207971e+02
3.222135958968908085e+02
3.215490867645364688e+02
3.208778654187238999e+02
3.204018842613373863e+02
3.204463477387241142e+02
3.208953007461860807e+02
3.221164654001892131e+02
3.226630963638259573e+02
3.232556528927544832e+02
3.239350029219746148e+02
3.249040433555291543e+02
3.256808518742728324e+02
3.258594463376481940e+02
3.259994407450995482e+02
3.257772128738378115e+02
3.250678917917549597e+02
3.246342341330865224e+02
3.251254890233197443e+02
3.253388778013326146e+02
3.255140179811437520e+02
3.256505232132765286e+02
3.257884072861376126e+02
3.253216235213518530e+02
3.244056803245983360e+02
3.237633134591901012e+02
3.235184984436265836e+02
3.238368671147746909e+02
3.240776435502783670e+02
3.243208520709873710e+02
3.237988404757447825e+02
3.229079196724689496e+02
3.222504239115862106e+02
3.223135595066521546e+02
3.227005651582345536e+02
3.231722880386209340e+02
3.226386747864854101e+02
3.213319947338248994e+02
3.197292876099231762e+02
3.190396844544682722e+02
3.185855398529984654e+02
3.181268079323207303e+02
3.177038463962836090e+02
3.176402488851350654e+02
3.168083322072066608e+02
3.162508406133414383e+02
3.161725662761019748e+02
3.164571376526275230e+02
3.170678158107344871e+02
3.161897129401359621e+02
3.150199120607439340e+02
3.139595071320648003e+02
3.128883910424901273e+02
3.124125162045347111e+02
3.122954709136712950e+02
3.118540110239116530e+02
3.114484959837483871e+02
3.110792888724726595e+02
3.103427160328002969e+02
3.102451677098995333e+02
3.099042098079791003e+02
3.090749594019999336e+02
3.085605650525255896e+02
3.077177424772990548e+02
3.072704469467673789e+02
3.068186332795625049e+02
3.072107406864262771e+02
3.071623643297244826e+02
3.067094589189141516e+02
3.062115746655690032e+02
3.055874491571393605e+02
3.050782314718574071e+02
3.049679105776337451e+02
3.050584955329647983e+02
3.052308035686507992e+02
3.055664682511629167e+02
3.053802709607703036e+02
3.045457282432028023e+02
3.039047760032351562e+02
3.039846222254902273e+02
3.040248709348385887e+02
3.048332029644828935e+02
3.061345484489727369e+02
3.069237863120939664e+02
3.078018043556505177e+02
3.084058629855051095e+02
3.086523868540460285e+02
3.093862493475205611e+02
3.096022720682019553e+02
3.087295677456598924e+02
3.073631997430906608e+02
3.054577775182742130e+02
3.041391692103777586e+02
3.024032012226041957e+02
3.012557588107110291e+02
3.009452109199098118e+02
3.010759706261713404e+02
3.014504753799713512e+02
3.018287630100717251e+02
3.016048111212849108e+02
3.011361728497827244e+02
3.008244170199821497e+02
3.005095121413966126e+02
3.003126385266631928e+02
3.003966045723873322e+02
3.006430349216034301e+02
3.010131665874782811e+02
3.013062288762405387e+02
3.014810392689296918e+02
3.010111507766960131e+02
3.001324755320159738e+02
2.989216924565822069e+02
2.979006994510939990e+02
2.971522216677716983e+02
2.965577996644158247e+02
2.962402016812283705e+02
2.957577794759877179e+02
2.951492721979673775e+02
2.942113860585535576e+02
2.926175616753067743e+02
2.910884461366729852e+02
2.893822688249214821e+02
2.875376452776995393e+02
2.863612578562626823e+02
2.847285432891541745e+02
2.836449932213686793e+02
2.828333264862302485e+02
2.821346732184140365e+02
2.823582557761761791e+02
2.825032886628042093e+02
2.824881703664687507e+02
2.823920912792615354e+02
2.820122134133957275e+02
2.815476903165614431e+02
2.807956467844055624e+02
2.794703502872783929e+02
2.781316669568465727e+02
2.773855221786330958e+02
2.766722446248820120e+02
2.760325703281630467e+02
2.753460306345083382e+02
2.751778087217263078e+02
2.746038471936630572e+02
2.736604517107702463e+02
2.721014663745150415e+02
2.708499660348638827e+02
2.691817838735991586e+02
2.677391756298986252e+02
2.664436117473720742e+02
2.656602138862342599e+02
2.641416301881162667e+02
2.628905355435518914e+02
2.611419550944972912e+02
2.598605607015122132e+02
2.584046067692044630e+02
2.566915219890951789e+02
2.556480020091864276e+02
2.539878808173604909e+02
2.532402836538999225e+02
2.532932158120195538e+02
2.536699149616350155e+02
2.544544595572075139e+02
2.544792520779873257e+02
2.534133859373617099e+02
2.527003898357185108e+02
2.519397877128467087e+02
2.512523108210568523e+02
2.500730412333910806e+02
2.492454961953449413e+02
2.486924203993379763e+02
2.480529498983212875e+02
2.480938887861834417e+02
2.482968573597810007e+02
2.474917751108901598e+02
2.467593687988785405e+02
2.458983523220989866e+02
2.449882346687864754e+02
2.445133683523100387e+02
2.434276448003128905e+02
2.418865098993063896e+02
2.403298079790969553e+02
2.383937454334316897e+02
2.363573186196284155e+02
2.344619379996246096e+02
2.333958969693179881e+02
2.321170676457759043e+02
2.308253208543191306e+02
2.294397180346659297e+02
2.275552707420865772e+02
2.258538088303901645e+02
2.247816250812028045e+02
2.240622475567703304e+02
2.232143914714849871e+02
2.224791833045306646e+02
2.207264477823538016e+02
2.183499472549027587e+02
2.161918659140433761e+02
2.140927938525697698e+02
2.122957513662317410e+02
2.106421730972038233e+02
2.090931041385900357e+02
2.075283880187774344e+02
2.062710990088661447e+02
2.049607060695618657e+02
2.041219253227896786e+02
2.038807326492826917e+02
2.036371036861442292e+02
2.024213168546911277e+02
2.009104210653448206e+02
1.991822435003481928e+02
1.979618621215637972e+02
1.961230930520841014e+02
1.943465586384689630e+02
1.920672309479484454e+02
1.898860918666147768e+02
1.879657493602169325e+02
1.862280296567847131e+02
1.841899289462473064e+02
1.820908373194418459e+02
1.807786235549917251e+02
1.792107308636280152e+02
1.774249806703313652e+02
1.751767481518497505e+02
1.735118668200499314e+02
1.720321887071213212e+02
1.707799885930517121e+02
1.697575642354060506e+02
1.681591557933393517e+02
1.656961169629688868e+02
1.627637545080493453e+02
1.600037924323730181e+02
1.582664570023970327e+02
1.558247040428254593e+02
1.531966707503284510e+02
1.507845159094232201e+02
1.481863797064877986e+02
1.453599795015027780e+02
1.425454338399017900e+02
1.399852867069714932e+02
1.378841279868400989e+02
1.361253818048888888e+02
1.343084664695846300e+02
1.324327944137220072e+02
1.302957519330524576e+02
1.287835878111639545e+02
1.259228159708727617e+02
1.238008242130027270e+02
1.218190143565685730e+02
1.198575902591601761e+02
1.181187780395557780e+02
1.163624020601570521e+02
1.146286889496537214e+02
1.126350393430845429e+02
1.099747872152368444e+02
1.073684719345827148e+02
1.048570423581644775e+02
1.026434771294591144e+02
1.005691688176353864e+02
9.790825133094482169e+01
9.534166801105531874e+01
9.367845253641945646e+01
9.224086114789854207e+01
8.913218297767521392e+01
8.663856866431837034e+01
8.460461481244287540e+01
8.206526748731599241e+01
7.970229039122837378e+01
7.771948524366503364e+01
7.575705580168184383e+01
7.296672303200185183e+01
7.010780104242613220e+01
6.730080913376383478e+01
6.385940316541805828e+01
5.993879107617980395e+01
5.553413240018162611e+01
5.165063878806230946e+01
4.780872604854777563e+01
4.449366267530079000e+01
4.126632593464731258e+01
3.764275346934068978e+01
3.414419542357646264e+01
2.972140951876409076e+01
2.460748436238798931e+01
1.992675188119999419e+01
1.580479988000000446e+01
1.164121199999999412e+01
7.758799999999999031e+00
4.120000000000000107e+00
