2.086692017103969192e+02
2.098072744549456843e+02
2.104719943989346689e+02
2.121535296958924164e+02
2.130035653493866619e+02
2.142662276256428129e+02
2.157032602279218452e+02
2.165487477049721861e+02
2.176451997019921691e+02
2.180658582848408003e+02
2.186119780654957481e+02
2.195676546116127099e+02
2.202097521329421568e+02
2.210199516494362229e+02
2.215555067166023093e+02
2.226217239561631231e+02
2.236179029860238643e+02
2.242201040262865774e+02
2.250304081073613531e+02
2.256468768761225760e+02
2.260271483597190354e+02
2.263304528886052083e+02
2.269600534228336244e+02
2.278788418412446788e+02
2.289281230719657856e+02
2.297455788605718396e+02
2.307733119803752686e+02
2.316498100811878373e+02
2.320503132133218003e+02
2.317679931447686954e+02
2.314020132775443130e+02
2.309919326035792722e+02
2.312645783874527865e+02
2.312571498863177339e+02
2.311284342286036235e+02
2.312004386147505386e+02
2.307883218330801185e+02
2.304124462960414519e+02
2.306388346424662075e+02
2.312311461035007483e+02
2.318294405085867425e+02
2.323933742510975549e+02
2.332862366172705890e+02
2.337840773911831604e+02
2.340445226173573019e+02
2.350348713306632931e+02
2.350655265966307468e+02
2.351368955521517137e+02
2.353301975274275435e+02
2.359294924519451513e+02
2.370196893453987173e+02
2.381208983286866783e+02
2.391524225542272291e+02
2.402751742971995839e+02
2.406819942395945304e+02
2.412949436763584856e+02
2.417120643195545995e+02
2.420525902217732153e+02
2.422753436583577127e+02
2.427427713720783231e+02
2.434573448202815769e+02
2.434114594144249963e+02
2.432438983984095557e+02
2.435998973721316077e+02
2.430301993657891444e+02
2.433032316826154329e+02
2.426901330127419385e+02
2.423132656694352534e+02
2.422154198681180333e+02
2.427630503718358455e+02
2.433162124968031890e+02
2.437941540371752183e+02
2.444385394314909661e+02
2.447257974055468708e+02
2.448543408136838764e+02
2.451457988017012326e+02
2.455210088906081296e+02
2.455767766571796074e+02
2.457947238961396295e+02
2.462168928243835353e+02
2.467241341660443084e+02
2.471556910768135253e+02
2.479148394715288362e+02
2.483988277490177552e+02
2.488473007565822002e+02
2.492598997541239214e+02
2.497574744991153750e+02
2.502196712112273929e+02
2.501612840517452412e+02
2.504255394462071536e+02
2.499247873194023555e+02
2.487321084034369392e+02
2.483354630337740048e+02
2.486620838724992097e+02
2.495172564368678536e+02
2.497346024614832345e+02
2.505602045065488994e+02
2.515557621278261990e+02
2.524805678058845615e+02
2.535763311170566112e+02
2.546023546636927506e+02
2.553155097613053783e+02
2.553489997588946494e+02
2.557464644029240048e+02
2.566731963665907301e+02
2.576092892591823329e+02
2.588780699587693448e+02
2.595536060189592718e+02
2.604379858777364802e+02
2.600787736138755690e+02
2.596755289029053984e+02
2.603995241443479358e+02
2.616560849942915752e+02
2.627233181760524872e+02
2.628316345212639362e+02
2.629410449709737350e+02
2.630111565363364434e+02
2.628799560973100142e+02
2.627070263609197696e+02
2.628555821827467867e+02
2.632480628108547194e+02
2.638061240513707730e+02
2.642890141933025916e+02
2.648575900942464614e+02
2.658359495901488572e+02
2.670262117072199430e+02
2.675820320274934261e+02
2.683050828560545824e+02
2.693182655111653503e+02
2.700184500112792421e+02
2.709277272841189301e+02
2.716037649334547837e+02
2.724078433671261337e+02
2.733816599667939613e+02
2.740420807745398406e+02
2.742647280550915525e+02
2.745704323788796160e+02
2.743943761402810537e+02
2.744589657982652966e+02
2.745646119174396631e+02
2.751157696135736046e+02
2.755512824379535459e+02
2.760720024625804854e+02
2.765171742046269969e+02
2.768052264693199049e+02
2.772174004740596160e+02
2.779165661354125518e+02
2.787844102377919739e+02
2.791357679169612425e+02
2.794906746635986110e+02
2.794855299632303058e+02
2.795611413769992737e+02
2.797991327040403462e+02
2.801203360646869100e+02
2.800003394592781660e+02
2.800811509689698937e+02
2.802435868373430026e+02
2.804076634720644279e+02
2.805329934061256267e+02
2.806191852587121502e+02
2.808274598572851914e+02
2.807146059164508642e+02
2.805198039560095822e+02
2.810099029858700419e+02
2.809392959453240906e+02
2.811508039851754006e+02
2.810412161466414318e+02
2.812537536834757930e+02
2.817916703873495976e+02
2.820521923104550979e+02
2.825577700105596364e+02
2.831896666773338325e+02
2.839491582599316644e+02
2.843526851110410121e+02
2.848006920313556520e+02
2.850108000316724315e+02
2.848593939713848044e+02
2.847468625973601775e+02
2.841483460579389657e+02
2.834225717756962695e+02
2.828106785613093734e+02
2.827178571326364818e+02
2.827857142753903190e+02
2.826926406822126978e+02
2.826390309921338826e+02
2.828273040324595513e+02
2.826942464974348468e+02
2.825598449469046614e+02
2.818584292392961856e+02
2.810287164033297245e+02
2.805946630336656540e+02
2.807218818521871526e+02
2.803251331840272087e+02
2.800051850343714364e+02
2.790759444791621604e+02
2.784605499789534520e+02
2.778389393726804428e+02
2.776150902754336016e+02
2.776718083590236006e+02
2.778503114737603141e+02
2.781114257310721314e+02
2.780923492233054048e+02
2.778710598215200207e+02
2.778495553752737237e+02
2.775854094699731149e+02
2.780458681514874684e+02
2.783493617691818258e+02
2.782922846153335286e+02
2.776689743589222985e+02
2.772413882413354713e+02
2.767286749912481696e+02
2.760491666578268450e+02
2.753223905634621929e+02
2.748711015792554235e+02
2.748192945245003784e+02
2.751306005297987554e+02
2.753642429593924703e+02
2.755194373327191784e+02
2.759590276088069345e+02
2.757565935442486307e+02
2.757137308527770188e+02
2.763573038916931637e+02
2.768861655471650920e+02
2.777840056031973290e+02
2.783272783870680200e+02
2.781487660475435177e+02
2.779280465126710169e+02
2.776646934471423265e+02
2.776007004516582128e+02
2.778188893451095964e+02
2.777564538839480974e+02
2.780570241252005985e+02
2.776333577022235204e+02
2.773670279820435667e+02
2.765727555374185158e+02
2.761340965024430147e+02
2.759738348509528691e+02
2.756907422736894091e+02
2.755664063370608119e+02
2.752387942798578706e+02
2.747058528079380721e+02
2.741271240484212512e+02
2.732193172206289660e+02
2.726659769905347730e+02
2.727131080712458129e+02
2.730839475467122384e+02
2.737009571178909937e+02
2.749302597150420411e+02
2.748386461768103004e+02
2.752713597745565721e+02
2.757488482571264967e+02
2.757059073304319554e+02
2.761877851822544585e+02
2.767957426083373775e+02
2.774906490993313355e+02
2.781117667670012565e+02
2.788199664313139579e+02
2.791312792235501661e+02
2.789608881045959379e+02
2.785867556612076896e+02
2.786936925870779191e+02
2.792057500879577674e+02
2.795613637252101853e+02
2.801225896214244813e+02
2.807298885064892033e+02
2.810200894004943848e+02
2.805455448489835817e+02
2.804702473222056369e+02
2.810406538608137339e+02
2.814552059200141798e+02
2.821971776969836583e+02
2.829466441383682991e+02
2.832188324629980798e+02
2.837765984474738730e+02
2.843399984317915710e+02
2.844646448805978594e+02
2.844693382632308385e+02
2.845144830941705436e+02
2.845600839335070873e+02
2.844849332661691506e+02
2.847726598648164895e+02
2.851036968331482058e+02
2.852764614476240013e+02
2.854913751996187443e+02
2.852236113127466410e+02
2.849127386997448639e+02
2.843967057573189550e+02
2.830673795528467735e+02
2.818458379321706957e+02
2.814604423557279915e+02
2.806671134906324028e+02
2.804314277683162118e+02
2.798701290589058885e+02
2.792627566251571238e+02
2.786896531567242619e+02
2.782723769259838491e+02
2.775680575009943709e+02
2.768162196979741339e+02
2.763396158565391829e+02
2.759794099561001985e+02
2.761004140970707681e+02
2.762630445424952086e+02
2.768717621641362712e+02
2.765977395597332134e+02
2.757956965249827022e+02
2.750663601262451721e+02
2.744912728547948291e+02
2.746780533886820308e+02
2.755939933219015643e+02
2.763171649716155116e+02
2.772900656278941369e+02
2.775859248766608403e+02
2.774807321986481838e+02
2.771724567663094945e+02
2.769822795619294880e+02
2.771134136989196008e+02
2.773670845443637063e+02
2.775829136811760804e+02
2.769928421021981535e+02
2.765584263658569171e+02
2.759176023897528580e+02
2.759571741310639936e+02
2.760375496273380236e+02
2.759571208356942975e+02
2.761587079148437169e+02
2.753118261766101114e+02
2.746584102794035971e+02
2.747256669488922967e+02
2.751976433827198889e+02
2.753107508916354504e+02
2.747381322137735538e+02
2.744021537512853115e+02
2.739011654053390998e+02
2.736375408134758800e+02
2.740177179934086666e+02
2.742805232256653198e+02
2.745055790158231730e+02
2.747733121371967968e+02
2.750033455931281310e+02
2.749124702960883155e+02
2.751843134303933880e+02
2.757013266973669943e+02
2.766680067650163437e+02
2.774020270353694855e+02
2.773757848842126350e+02
2.778745301860729455e+02
2.779742729152260381e+02
2.776305787022494087e+02
2.786975542446953682e+02
2.793308628734292256e+02
2.803342049226550898e+02
2.815497019420758988e+02
2.818885878202794970e+02
2.821500887073529498e+02
2.823334229367195576e+02
2.828822453906273040e+02
2.831537832228571574e+02
2.822967507301574983e+02
2.816330815456133223e+02
2.811243247935488512e+02
2.808932573672200306e+02
2.810234922901217374e+02
2.810742346364862669e+02
2.809234693297838703e+02
2.806499690199849510e+02
2.804949182020045555e+02
2.804595133353585084e+02
2.798176902377362580e+02
2.798562527653896268e+02
2.800972250155452912e+02
2.806234596116612465e+02
2.812762218299603205e+02
2.815719412423837866e+02
2.820322638811965703e+02
2.823356200820171580e+02
2.821167879616325536e+02
2.821381696582153609e+02
2.822405754123392967e+02
2.819399751639794545e+02
2.815959345090706734e+02
2.813292267768388228e+02
2.814234613907469225e+02
2.812358195866116262e+02
2.814099187743552193e+02
2.818686048225812897e+02
2.820086917399812023e+02
2.819481734747286055e+02
2.810385590653829695e+02
2.799985445104876476e+02
2.792712570813012007e+02
2.787790475568680222e+02
2.785646945018878569e+02
2.787522166685734533e+02
2.792648653217918309e+02
2.796614801230211924e+02
2.801429092151728355e+02
2.802655648638111074e+02
2.801066311755684524e+02
2.806733648238056276e+02
2.812862270947525758e+02
2.821881081765183126e+02
2.825738466429472169e+02
2.831655016595431675e+02
2.836419208682260660e+02
2.846080008769966980e+02
2.849777786636324208e+02
2.853108875390221897e+02
2.849200884232548674e+02
2.843637256800548130e+02
2.839229552323782286e+02
2.835585406387674539e+02
2.833116572108761488e+02
2.833047042534101934e+02
2.838633376297074165e+02
2.843872097269772894e+02
2.849163734615941053e+02
2.852892661228218003e+02
2.858679455786068502e+02
2.854019652309160620e+02
2.849716820514310598e+02
2.848198808600315033e+02
2.845857382424553634e+02
2.847532709519733771e+02
2.851245161131045052e+02
2.859843597102067179e+02
2.866104643537457832e+02
2.874853175290357967e+02
2.876821389182174471e+02
2.881233726446649825e+02
2.885286592370346739e+02
2.884935951889243029e+02
2.887006012009337041e+02
2.896369709100336536e+02
2.896131019293281383e+02
2.892253554841693131e+02
2.894801570547153915e+02
2.890910677320365494e+02
2.884960280121585470e+02
2.885818464769283764e+02
2.882240873504321712e+02
2.876606942933656228e+02
2.876168629225917925e+02
2.881786494167587307e+02
2.891501509260180569e+02
2.898890413394119037e+02
2.908778195347595101e+02
2.915129490250105846e+02
2.925585343686976216e+02
2.935742771401000368e+02
2.942366435758580110e+02
2.943400440160169751e+02
2.943636808242588927e+02
2.948724048729895344e+02
2.958307119929186797e+02
2.962330424170888250e+02
2.959929721384752952e+02
2.953868405439150138e+02
2.947745864079938087e+02
2.945601882909018059e+02
2.947476649403070610e+02
2.955026918588953322e+02
2.956592847059536098e+02
2.959790754605607503e+02
2.967061368288494236e+02
2.965112493220697729e+02
2.964760094162314772e+02
2.962787973901332634e+02
2.964432296870029404e+02
2.960436663505078059e+02
2.964077437883919401e+02
2.964522664529214353e+02
2.960931984372953707e+02
2.959729277144394359e+02
2.962958865802426089e+02
2.969453399800428883e+02
2.976013535151942619e+02
2.977791449648427715e+02
2.968274191564072453e+02
2.962701203600069562e+02
2.958688084444518154e+02
2.952614226711625065e+02
2.951327501728911216e+02
2.945179294675674555e+02
2.938564944116839683e+02
2.933095903148324055e+02
2.925955457725585802e+02
2.916722684571291779e+02
2.906588570274028598e+02
2.892311687145482324e+02
2.882739077924742901e+02
2.872665735277522003e+02
2.863702762906576709e+02
2.856669457481384029e+02
2.853201472203425055e+02
2.853334820407483221e+02
2.855489717583334368e+02
2.861706785437700660e+02
2.862734126704752384e+02
2.855286996671469524e+02
2.845340400678249466e+02
2.840141818866919721e+02
2.835294766532239805e+02
2.831610875285090287e+02
2.829505934631408763e+02
2.833440338011523068e+02
2.831353876779313055e+02
2.826418057352841515e+02
2.826684906417003162e+02
2.828166572138410402e+02
2.828855123372122193e+02
2.831570831689000443e+02
2.831485688574754249e+02
2.833419887449244925e+02
2.838201906514387360e+02
2.837779703549886676e+02
2.839777478333232921e+02
2.846239877104263201e+02
2.852767552630577370e+02
2.854512679424814223e+02
2.855871393358413002e+02
2.856839791271128774e+02
2.858222011384964958e+02
2.853961627661581701e+02
2.850466290567255783e+02
2.847339687441673846e+02
2.850646148930975414e+02
2.851157726192907376e+02
2.852078511305978736e+02
2.849776274046436697e+02
2.847046741461053330e+02
2.844289637839449938e+02
2.841504684686308337e+02
2.842732004733647955e+02
2.846800004781462690e+02
2.842020206849958299e+02
2.843656774595916090e+02
2.841269469288819778e+02
2.840474211402844276e+02
2.845731526669538880e+02
2.851445986534886288e+02
2.855602006600899472e+02
2.861820208687772151e+02
2.868909301704824770e+02
2.871625557277596386e+02
2.873965209371307310e+02
2.874712332698288719e+02
2.876275083533626002e+02
2.877045538922860715e+02
2.875803574669543536e+02
2.874145024918738045e+02
2.869237398907805527e+02
2.868724645361431840e+02
2.868610752890346021e+02
2.870919952414490126e+02
2.871636315570183342e+02
2.872763955121392883e+02
2.879155510223631609e+02
2.882783343660245805e+02
2.885235700666909793e+02
2.888520909764555995e+02
2.879718090671264576e+02
2.871230394617435877e+02
2.870333731936808590e+02
2.867811850441206616e+02
2.858799848930516987e+02
2.852121059525780424e+02
2.843758645985631688e+02
2.834907723217817761e+02
2.831623962846281302e+02
2.829115113986147207e+02
2.829005165642568613e+02
2.829702187517745529e+02
2.832830492442161585e+02
2.833162113577942023e+02
2.838749609674683825e+02
2.844797585529994421e+02
2.851310692454546825e+02
2.855465345913684132e+02
2.858853884761284689e+02
2.856620085617450400e+02
2.851535440017628389e+02
2.847611555573365649e+02
2.844860157144801747e+02
2.848141572873552150e+02
2.851456134215700331e+02
2.860460741632024906e+02
2.862687617810132110e+02
2.866149108899124371e+02
2.867625362524372576e+02
2.870732689418562131e+02
2.880336049917742685e+02
2.889632373654287107e+02
2.899426640054828113e+02
2.904471353590739113e+02
2.909567023829029040e+02
2.917542448312157717e+02
2.925598432638543613e+02
2.935755992564172629e+02
2.941975750064814292e+02
2.940177525318007383e+02
2.946441944765670087e+02
2.953981762389564665e+02
2.962001780191478701e+02
2.965658363829772384e+02
2.964907438211885164e+02
2.966573169911001742e+02
2.963407242334336047e+02
2.960209335691239971e+02
2.961019531001262521e+02
2.957393465657851266e+02
2.955750975411967261e+02
2.952475732739351884e+02
2.947955285595311921e+02
2.947429581409404022e+02
2.948110688292323971e+02
2.945566351810420542e+02
2.942996314960019504e+02
2.937976075717204480e+02
2.939773813855757680e+02
2.938357387733086625e+02
2.931270088619279477e+02
2.931787968302307945e+02
2.929886836668990782e+02
2.931198824918178616e+02
2.936160429210274287e+02
2.937131746677039814e+02
2.943769441087919176e+02
2.951282263725177017e+02
2.958062892651705056e+02
2.964507972375447480e+02
2.966573709470141011e+02
2.966640110575913241e+02
2.959030414723149534e+02
2.944879206791051729e+02
2.932605259384902183e+02
2.920207332712020047e+02
2.906472053244472136e+02
2.897850558832801653e+02
2.895202584679588540e+02
2.892931903716767579e+02
2.885385761330060177e+02
2.877359354878842055e+02
2.868847833210965064e+02
2.863078619405009135e+02
2.864523857984867732e+02
2.868003896954411402e+02
2.872327168640820219e+02
2.875481988526079249e+02
2.873416150026342279e+02
2.870521363662969634e+02
2.865981175417143731e+02
2.863415328704189164e+02
2.863247806771898354e+02
2.867927077547376484e+02
2.866593007623612266e+02
2.868073745074352132e+02
2.872397722297330347e+02
2.870704769997310564e+02
2.868186636360909461e+02
2.869683471071614349e+02
2.871599465728915561e+02
2.871514611847389915e+02
2.870620820047866459e+02
2.868101838432197042e+02
2.867981654982013993e+02
2.866648136345475564e+02
2.867321349843915641e+02
2.870425605902942152e+02
2.874369298891860467e+02
2.876736665547332450e+02
2.878319864189222130e+02
2.877090771908301576e+02
2.880697749402327759e+02
2.885553282224571490e+02
2.886013416388462360e+02
2.888094359988344308e+02
2.891004404028633985e+02
2.888287276796597780e+02
2.885946744238985957e+02
2.883178529534337713e+02
2.878766191448826248e+02
2.877945647928099220e+02
2.879541058513240159e+02
2.874687937892168179e+02
2.873018119082994417e+02
2.868503150588882704e+02
2.865154697564524895e+02
2.860560300570234062e+02
2.853495253101243065e+02
2.845954801112363839e+02
2.839954344557956460e+02
2.839145802583794307e+02
2.841561416751305842e+02
2.846829713890208495e+02
2.843262337262831352e+02
2.846527613396808079e+02
2.850633952926059465e+02
2.858418134268746371e+02
2.867493064917932770e+02
2.875043499917096597e+02
2.884286363552620287e+02
2.887966023790523309e+02
2.887642448273264790e+02
2.881659038659859675e+02
2.874807109757429657e+02
2.868694050260045287e+02
2.868983889151560334e+02
2.866044332476320733e+02
2.867519527753863144e+02
2.861736896721074572e+02
2.853875653253610380e+02
2.848359245710710184e+02
2.847635601728006236e+02
2.844076365381827713e+02
2.839673096345275667e+02
2.836437471055839978e+02
2.827512597026102412e+02
2.826982421238487291e+02
2.823214566907566905e+02
2.816580370613702939e+02
2.816747849104751253e+02
2.819341261721961018e+02
2.819132587597944166e+02
2.820133926866612342e+02
2.818317097845061880e+02
2.810825351358647595e+02
2.804066011473382218e+02
2.793602031791299396e+02
2.790709123021508162e+02
2.793443558607579575e+02
2.797013695563214242e+02
2.799811813700222274e+02
2.806274559293163406e+02
2.809166221508241392e+02
2.811683052028523662e+02
2.815437426291440488e+02
2.825290329587314204e+02
2.833626595542751829e+02
2.838006662164393674e+02
2.837582487034737824e+02
2.835133825287617810e+02
2.828215985139003692e+02
2.819612106201018946e+02
2.819406167879813552e+02
2.816369866545267087e+02
2.815323097520470128e+02
2.811841512646934120e+02
2.805496477421143027e+02
2.797471189314285880e+02
2.793001201327572289e+02
2.787677981138953669e+02
2.785937354685822811e+02
2.787007428975582002e+02
2.783239827248051483e+02
2.784282653785916182e+02
2.790588539177690564e+02
2.794129837553218749e+02
2.790838219750726239e+02
2.787917393687605454e+02
2.783754943118788105e+02
2.773489841534134257e+02
2.762312971246615234e+02
2.751427243683445454e+02
2.738007316851961832e+02
2.725259916012080339e+02
2.713999915163714149e+02
2.705050419357286273e+02
2.696818605411405088e+02
2.693352126678186096e+02
2.689850633008271643e+02
2.689142053543710063e+02
2.691254599539107062e+02
2.689752120746577475e+02
2.691062748228860073e+02
2.686326008311978626e+02
2.675884856880776965e+02
2.668974602909869418e+02
2.657954144353405468e+02
2.648438529649911857e+02
2.640442959242338929e+02
2.630750463881148562e+02
2.623384306950664495e+02
2.613115461566320050e+02
2.601530769258909004e+02
2.593061383089814171e+02
2.585314528373550047e+02
2.579105584215702720e+02
2.568793519409796318e+02
2.562821736777575552e+02
2.558001754320777366e+02
2.557577529616949619e+02
2.555936898602987242e+02
2.551047372326253253e+02
2.537623608410350755e+02
2.528912735768031155e+02
2.514053268452552174e+02
2.503084109548032075e+02
2.498064757119226726e+02
2.495822986989122398e+02
2.491942411100123422e+02
2.491254960707196346e+02
2.483287839098178438e+02
2.474432160705231922e+02
2.459426424954782249e+02
2.447905479752299698e+02
2.435056040153839660e+02
2.422884889044279362e+02
2.414227160650789585e+02
2.403865818839179269e+02
2.399460423069876640e+02
2.395414568757464338e+02
2.390923806825713882e+02
2.388407885682541689e+02
2.384654429982376200e+02
2.383691343416541031e+02
2.381506407491453956e+02
2.380107482314598428e+02
2.375866143752116102e+02
2.371177922981932227e+02
2.372906992911036355e+02
2.375865649405094757e+02
2.378046110510200322e+02
2.380248596474942246e+02
2.382069289368632212e+02
2.377847767039021676e+02
2.376007845493959110e+02
2.379401864135318476e+02
2.382022084985165691e+02
2.384264732308247687e+02
2.376833062937621150e+02
2.370538447411746290e+02
2.369836815567422263e+02
2.365895773300423741e+02
2.367571488182244082e+02
2.365223725436608220e+02
2.362448207511729947e+02
2.357624452032053171e+02
2.351135810133386883e+02
2.346197788013516004e+02
2.342826048498503155e+02
2.335783887372234631e+02
2.327862512497207490e+02
2.314608598482023467e+02
2.301624846951544896e+02
2.291742269648026422e+02
2.285396231967710037e+02
2.279794173704755167e+02
2.276963811822978414e+02
2.271276577598964934e+02
2.269168260200974316e+02
2.260574000203004346e+02
2.247448485053538718e+02
2.235402510155092273e+02
2.230103545611209768e+02
2.224751056172933090e+02
2.222172784013060323e+02
2.218356347487942628e+02
2.214905401502969085e+02
2.211015557073705224e+02
2.201833896034050611e+02
2.191751410135402693e+02
2.181567080944856230e+02
2.172896041358440300e+02
2.160905092281257112e+02
2.154449588162880502e+02
2.148736957740285050e+02
2.147007028020487382e+02
2.137582856586349180e+02
2.131295814733686598e+02
2.124541227003725226e+02
2.119738613135075411e+02
2.106402639530377314e+02
2.091315797505432670e+02
2.080521007581249364e+02
2.074061623819442275e+02
2.064304670524686003e+02
2.059297646994635329e+02
2.059896613125892202e+02
2.060501629420095924e+02
2.058688514565751291e+02
2.052412640975509817e+02
2.040012768662131180e+02
2.023851281476897839e+02
2.005910385330197414e+02
1.985768065990090463e+02
1.972290975747569632e+02
1.959889874492492936e+02
1.941302903527774504e+02
1.922932225785633307e+02
1.904375985642049898e+02
1.886036349133385386e+02
1.871551867811501779e+02
1.861365523041918948e+02
1.856328811153455547e+02
1.850837182983285061e+02
1.846502205033625899e+02
1.832830510134972712e+02
1.822657080944417487e+02
1.811976849438807733e+02
1.799572575190713053e+02
1.788255126455265156e+02
1.773591036823498257e+02
1.760799027094442977e+02
1.751110128378227841e+02
1.740515281190127723e+02
1.730621496151645715e+02
1.718607571870349489e+02
1.707684416030656962e+02
1.695034763667330822e+02
1.682257337037709704e+02
1.671371047512834878e+02
1.658758633851351192e+02
1.647634983688231785e+02
1.635590892614373217e+02
1.625445346075129294e+02
1.619237723308211230e+02
1.607714872028495279e+02
1.594055426291413085e+02
1.579045885142841428e+02
1.566713015295798641e+02
1.552235368985654418e+02
1.540035726248134722e+02
1.526904773988012778e+02
1.516469468674759185e+02
1.501484311792687549e+02
1.486347789689582157e+02
1.473886656252105354e+02
1.458067329547581039e+02
1.444512454088462903e+02
1.432032781907538208e+02
1.417002810007615778e+02
1.405053343442033906e+02
1.386922569133366494e+02
1.368608655690269416e+02
1.353746116858857818e+02
1.334693047332179958e+02
1.319891967002200488e+02
1.302921178790103056e+02
1.292647655343537849e+02
1.284694601357108468e+02
1.279085455916271599e+02
1.275439854460879872e+02
1.272565509556443999e+02
1.264005565208531578e+02
1.251722793139931298e+02
1.241336154686799631e+02
1.234076923926060090e+02
1.225532246389959425e+02
1.217709339787837592e+02
1.208191252310947306e+02
1.192516416475704091e+02
1.176683248965357365e+02
1.154629544409451114e+02
1.130736913544900375e+02
1.110239306611009908e+02
1.090342733950514571e+02
1.068224983788397537e+02
1.042651498776159826e+02
1.012779291693091608e+02
9.902821128213052759e+01
9.663455685063684086e+01
9.421672409155243599e+01
9.185527686015394977e+01
8.942957258601425963e+01
8.661572988486278746e+01
8.349063624733608435e+01
8.126326893670318441e+01
7.925582720879103249e+01
7.763214869574849786e+01
7.635570575328139853e+01
7.490475328614280670e+01
7.360076089509378505e+01
7.208157666171088351e+01
7.042583501182915029e+01
6.843013637558502182e+01
6.649508724806570115e+01
6.413645176572291007e+01
6.227924420780096426e+01
6.068610526040504993e+01
5.867283359636873996e+01
5.659882181451390437e+01
5.486749678233729099e+01
5.239141089124979800e+01
5.013273827398970894e+01
4.760882653938361386e+01
4.421093589836729620e+01
4.102114737208818696e+01
3.800115896170521523e+01
3.470824137545982069e+01
3.174569835905033344e+01
2.847040238287909730e+01
2.516202260896878329e+01
2.141618445350382061e+01
1.779412571060992931e+01
1.453952091980800532e+01
1.185810193919999556e+01
9.311214079999993842e+00
6.657791999999996158e+00
4.300799999999999734e+00
1.919999999999999929e+00
