1.463651960023509275e+02
1.472375717195461675e+02
1.481187593126730349e+02
1.486048073865381411e+02
1.494998054409477959e+02
1.487876822635839176e+02
1.482703861248319868e+02
1.479498849745778557e+02
1.478281666409878881e+02
1.475031986272603319e+02
1.481850491184448515e+02
1.482677263822674831e+02
1.483512387699668693e+02
1.490416553231992793e+02
1.495370255789887892e+02
1.498353793727161190e+02
1.505407872451679054e+02
1.512533204496646135e+02
1.523770913632976942e+02
1.531081730942399588e+02
1.534425990850909898e+02
1.531743425101927016e+02
1.529033762729222019e+02
1.528316932049719412e+02
1.523552456615878441e+02
1.522780259207953009e+02
1.522000261826218548e+02
1.519192183662843263e+02
1.514335539053375328e+02
1.515490443488260439e+02
1.510596407563897117e+02
1.503632734913027775e+02
1.504679530215179284e+02
1.497656091126445403e+02
1.494602112248936692e+02
1.501618295200947557e+02
1.500624540607014694e+02
1.507701556168704542e+02
1.512829854715861018e+02
1.520030156278649542e+02
1.527303188160252034e+02
1.522528472889143245e+02
1.525786336251659350e+02
1.533117511365316261e+02
1.536482334712436852e+02
1.539881146174184892e+02
1.545334491085031061e+02
1.550842920287909408e+02
1.552366586149406089e+02
1.559966248635762440e+02
1.571683079430065959e+02
1.577457655989962291e+02
1.587330965646422669e+02
1.587202995602445696e+02
1.585053530911563087e+02
1.595003566577335619e+02
1.598993501593272981e+02
1.611104547063906125e+02
1.621317724306977084e+02
1.627593660916141403e+02
1.627872384763779223e+02
1.628153924003815405e+02
1.636519115155370798e+02
1.640928399146835943e+02
1.647402423380645473e+02
1.655962043818835241e+02
1.662587923049325696e+02
1.673321134393258660e+02
1.686182964033597500e+02
1.691093903064237622e+02
1.689993841479027026e+02
1.688882668160631511e+02
1.681699664808722616e+02
1.686565317988605841e+02
1.685419513119803696e+02
1.688302538504852350e+02
1.693234887378640963e+02
1.684075643816804586e+02
1.670783478602837988e+02
1.665437857174582916e+02
1.655997835529884128e+02
1.656563470232204338e+02
1.659155020436567440e+02
1.655712141855124457e+02
1.658295092782952906e+02
1.648782922002980627e+02
1.645235274750483256e+02
1.641651792677259323e+02
1.638032113815413027e+02
1.648517286682239558e+02
1.653047764325487208e+02
1.657624004369182273e+02
1.668307075120383729e+02
1.673037449616552692e+02
1.681856009713691833e+02
1.688743444155239217e+02
1.697720650661856894e+02
1.702748131981678341e+02
1.701765789880474813e+02
1.704813929172200062e+02
1.701832251689091322e+02
1.700840658271808365e+02
1.697818846739202741e+02
1.698806915898185821e+02
1.693744359493115610e+02
1.696711474235472394e+02
1.697688357813606785e+02
1.696654906882428975e+02
1.697631219073160196e+02
1.698617393003195559e+02
1.693552922225448469e+02
1.684396891136816805e+02
1.683229182966479698e+02
1.682049679764119219e+02
1.682878464408201751e+02
1.681695418594143234e+02
1.680500422822366602e+02
1.691414568507446177e+02
1.702438958088330025e+02
1.707514099079116932e+02
1.706579898059716527e+02
1.705636260666385056e+02
1.706703293602403733e+02
1.713841710709495487e+02
1.725092637080301188e+02
1.722315795030606012e+02
1.719510904071318009e+02
1.724758488960932823e+02
1.721978271677706118e+02
1.723210375432027490e+02
1.728495328719224631e+02
1.733833665372949895e+02
1.741246126639343856e+02
1.750753663272062681e+02
1.758337033608145248e+02
1.765997003644589824e+02
1.763633337014737776e+02
1.757205390923973596e+02
1.758793324165628462e+02
1.770498307238013354e+02
1.784341724482841016e+02
1.784183560083677946e+02
1.782003596044118012e+02
1.771720804084967256e+02
1.765374549580776602e+02
1.754923787455331308e+02
1.744367462076094739e+02
1.733704507147566858e+02
1.728994451664211169e+02
1.732317627943646130e+02
1.731633967619846146e+02
1.730943401636210979e+02
1.730245860238592854e+02
1.729541272968277212e+02
1.736910376735637840e+02
1.742333713874378986e+02
1.747811832196342152e+02
1.753345285046808328e+02
1.762975035400819763e+02
1.772702055960421035e+02
1.774446521172144458e+02
1.760046991082973875e+02
1.753582819275727616e+02
1.747053352803764597e+02
1.748538740205826230e+02
1.760140141622047736e+02
1.769838526890955279e+02
1.771554067566618755e+02
1.785408149057192588e+02
1.793341564704234372e+02
1.801355115862865262e+02
1.817530420063498582e+02
1.815687292993432607e+02
1.825946760599426284e+02
1.836309859191344458e+02
1.848797837567012436e+02
1.855351351077794391e+02
1.870051869775550131e+02
1.880860474520751211e+02
1.889758055071469300e+02
1.896725308152998082e+02
1.903762937528284738e+02
1.910871654068970713e+02
1.928153185928252071e+02
1.939548672654800896e+02
1.947018861267476098e+02
1.960625112391387574e+02
1.970328396354938434e+02
1.982149895308021428e+02
1.981969591220222924e+02
1.985827869919417026e+02
1.983664515070120444e+02
1.985519712192036081e+02
1.987393648678824434e+02
1.985246109776589378e+02
1.989137484622820580e+02
1.993068166285679013e+02
1.984917339682498323e+02
1.976684181497475379e+02
1.972408264138862535e+02
1.953947741554410698e+02
1.945401759145865412e+02
1.934749251662490792e+02
1.934090153194438244e+02
1.937464801206496077e+02
1.946934142632830742e+02
1.948418325891749987e+02
1.941836692819952930e+02
1.939228982646413328e+02
1.920433315804455674e+02
1.913569005863089956e+02
1.904615157437467303e+02
1.895570866098442480e+02
1.896536228382270508e+02
1.891450735739666982e+02
1.882273470444110330e+02
1.868963101458695633e+02
1.857538486321917333e+02
1.856099481133247480e+02
1.858686344579035108e+02
1.863319539978826924e+02
1.861938929271538541e+02
1.856503968961149553e+02
1.851014110061767326e+02
1.849509202082594754e+02
1.847989093012725732e+02
1.854534437386593595e+02
1.853065088269281091e+02
1.855621301282105264e+02
1.858203334628389030e+02
1.858791247099381110e+02
1.859385098080182956e+02
1.855944543515336136e+02
1.862570245975086607e+02
1.865222470681905804e+02
1.865881283517078657e+02
1.870587155067756555e+02
1.869279954613897132e+02
1.867959550115046170e+02
1.876726818298029116e+02
1.887602846765684887e+02
1.892528128046142797e+02
1.895482957622366769e+02
1.904528240022590069e+02
1.913664888911710023e+02
1.924914029203746964e+02
1.938296999195703734e+02
1.949794948682530560e+02
1.963429241093464839e+02
1.977201253629765176e+02
1.991112377403803180e+02
1.997083209498791234e+02
2.003114353029078529e+02
1.995065003059676485e+02
1.986934346524927264e+02
1.980741764166589860e+02
1.978527034511708393e+02
1.968209125769401453e+02
1.951726389666060868e+02
1.937097363299054393e+02
1.922320568988944558e+02
1.917495524231258628e+02
1.912621741647731994e+02
1.893557314795692434e+02
1.876320519995647089e+02
1.879111636359241970e+02
1.879910743797212831e+02
1.874657316966883798e+02
1.889552845421096094e+02
1.898538227698069818e+02
1.909634573432402362e+02
1.924883407507472839e+02
1.932205462128760303e+02
1.947682284978546363e+02
1.959275035331865524e+02
1.962904076092792138e+02
1.970610177871504618e+02
1.980414321082333799e+02
1.988297294022555661e+02
2.002320499012686810e+02
2.012444948497659425e+02
2.012570655048141077e+02
2.012697631361759534e+02
2.014846092284602719e+02
2.014996052812730341e+02
2.025248538194675234e+02
2.029543977974419420e+02
2.029842401994365559e+02
2.030143840398347095e+02
2.032468525654899736e+02
2.038857096621105427e+02
2.045310198607180325e+02
2.023545655158765726e+02
2.013682479958348210e+02
2.011800484806416875e+02
2.005859075562031251e+02
1.995817248042459369e+02
1.999815402063090346e+02
2.003853941477865703e+02
2.001872668159466855e+02
1.981689563797436620e+02
1.965342993734784898e+02
1.946811104782612745e+02
1.946273843214760575e+02
1.953811962843192021e+02
1.967486831154739946e+02
1.981299829449238814e+02
1.985151342878013736e+02
1.993082164523245581e+02
2.005133499518429403e+02
2.015286363149930935e+02
2.019481174898920131e+02
2.021698156463554596e+02
2.025957733801569987e+02
2.030260337173302503e+02
2.040667007245760374e+02
2.032996977015920947e+02
2.027269673753451968e+02
2.017444114902477850e+02
2.001458701921695251e+02
1.989352224163329197e+02
2.005406287033665933e+02
2.013541704074409608e+02
2.025799701085261688e+02
2.034141112207335880e+02
2.046607184047810222e+02
2.045057761664460259e+02
2.045512890570159357e+02
2.047992818757738291e+02
2.052517998745191221e+02
2.053048483580999743e+02
2.061665134930301519e+02
2.070368823161922478e+02
2.081180629456486599e+02
2.086041039855040253e+02
2.084889939247516963e+02
2.073626201260109951e+02
2.080430506323347686e+02
2.073162127599344444e+02
2.065820330908428275e+02
2.060424576675178230e+02
2.056994521894120282e+02
2.067671234236486839e+02
2.076435590137859037e+02
2.065086454684703767e+02
2.063723691600719974e+02
2.068407769293655178e+02
2.083240171003691046e+02
2.098222394953222079e+02
2.099214540356790053e+02
2.106277313491705740e+02
2.111391225749201226e+02
2.114536591665863341e+02
2.117713728955413330e+02
2.112842150460013784e+02
2.111961768141429161e+02
2.098951280950936393e+02
2.083789172677711008e+02
2.074534517856275215e+02
2.069226785713406969e+02
2.078006854255966971e+02
2.080815004298963231e+02
2.073550509392887875e+02
2.064192433730190146e+02
2.062820640131508299e+02
2.077596606193443165e+02
2.090501622417614271e+02
2.103536992341027485e+02
2.112663628627302899e+02
2.119862251138691533e+02
2.127133587008778761e+02
2.132458168695739857e+02
2.137836534036096907e+02
2.139228822258680225e+02
2.138614971978465178e+02
2.146075729271182411e+02
2.149571443708258016e+02
2.155122670412379762e+02
2.160729970113516174e+02
2.164373707185372382e+02
2.168054249682194552e+02
2.161670959274943584e+02
2.153202989166612156e+02
2.158790898148093618e+02
2.164435250654635752e+02
2.168116414802659619e+02
2.161733752325924343e+02
2.167407830632243417e+02
2.169098818820447434e+02
2.170806887697427499e+02
2.162431199694372026e+02
2.168112322923605859e+02
2.175871033256167379e+02
2.179667710359763930e+02
2.183502737737136670e+02
2.167174482562763842e+02
2.152701497538145645e+02
2.136062118725399728e+02
2.131375877500404954e+02
2.122601896465056939e+02
2.111719087338441909e+02
2.106786956907518231e+02
2.101805006977287178e+02
2.094752532300284713e+02
2.091669224545745749e+02
2.076433560147212916e+02
2.061044000148702366e+02
2.055600000150205346e+02
2.046060606212327855e+02
2.042485460820533376e+02
2.042914606889426636e+02
2.041327885746901245e+02
2.041745339138279007e+02
2.046207413270993243e+02
2.048694356839387751e+02
2.047166017009481891e+02
2.035521229302504764e+02
2.021738615457076094e+02
2.003776379249571846e+02
1.993713514393505477e+02
1.997690418579296079e+02
2.003727695534644226e+02
2.015886561146108420e+02
2.024127839541522462e+02
2.030432161153055688e+02
2.042860768841470644e+02
2.051374513981275527e+02
2.064014660587154992e+02
2.072742081401167127e+02
2.073476849900165178e+02
2.072198838282998565e+02
2.072928119477776363e+02
2.071644565129060140e+02
2.068327843564713078e+02
2.073058427843145637e+02
2.073796391760752158e+02
2.080602415919951795e+02
2.079396379717119601e+02
2.072117555269821310e+02
2.058704601282647673e+02
2.057277375032978739e+02
2.053815530336340203e+02
2.050318717511452178e+02
2.062948199506519700e+02
2.065604241925776421e+02
2.070307315076539396e+02
2.077078096036912598e+02
2.075836460643344594e+02
2.072562081457929821e+02
2.077335435816088705e+02
2.090237813955646402e+02
2.105290721167318679e+02
2.114435071886179287e+02
2.129732395844621919e+02
2.129022622065279506e+02
2.134366284914425194e+02
2.153905338297394394e+02
2.167581149795353781e+02
2.181395100803386526e+02
2.183227374548872319e+02
2.187098358130176052e+02
2.201109452656740473e+02
2.219302477431055252e+02
2.235659068112174737e+02
2.240059664759769475e+02
2.246524913898757347e+02
2.240934256463391705e+02
2.245388137841808316e+02
2.255947613981628876e+02
2.252472337355176819e+02
2.246941754904219692e+02
2.235294701923456273e+02
2.215449193862074537e+02
2.203484034204117847e+02
2.197458620408198726e+02
2.195412747887073124e+02
2.195366412007143992e+02
2.185218597987018825e+02
2.179008684835367262e+02
2.170715843268052936e+02
2.170420043705094884e+02
2.166080852227373157e+02
2.159677628512494323e+02
2.147149119709596050e+02
2.138534464353127191e+02
2.145994408437503296e+02
2.163630715593436378e+02
2.173364359185290482e+02
2.187236726449786488e+02
2.201249218636151568e+02
2.213383049127421600e+02
2.227659645583250949e+02
2.240060248063891777e+02
2.258646715216051746e+02
2.273380520420258222e+02
2.280182343858846821e+02
2.287052872584692125e+02
2.291972598570399100e+02
2.296942018757976314e+02
2.303981837129269366e+02
2.303011956696231550e+02
2.320214097672963476e+02
2.333549593609053829e+02
2.349039993544500646e+02
2.362666660145958417e+02
2.366329959743394795e+02
2.370030262367059493e+02
2.381848749865720549e+02
2.393786616025975889e+02
2.403824864672708372e+02
2.422045317851221569e+02
2.434389209950729764e+02
2.452918393889627282e+02
2.469614539282444525e+02
2.480418726547926269e+02
2.495372451058509284e+02
2.502396415210618557e+02
2.515551934556178821e+02
2.530860539955741899e+02
2.548343979753267377e+02
2.557923211871986950e+02
2.573659809971705954e+02
2.587535161587578614e+02
2.605591072310688787e+02
2.623829365970397021e+02
2.632150874717562488e+02
2.628435226987446640e+02
2.624682047462057994e+02
2.624931361072796108e+02
2.627203395023025791e+02
2.623437772750531849e+02
2.619634113889418927e+02
2.601650620090330222e+02
2.589546080899318667e+02
2.577319273635677064e+02
2.562948761248159713e+02
2.550453294190056113e+02
2.541872014333388563e+02
2.531183852862011463e+02
2.514327124103043332e+02
2.499320327376809985e+02
2.498303360986680559e+02
2.507377132309771355e+02
2.516542557888661520e+02
2.521760159483495158e+02
2.529050666144945296e+02
2.532374410247418837e+02
2.537751929542851030e+02
2.541163565194796377e+02
2.546629863833125853e+02
2.558211983669824292e+02
2.575971700676591354e+02
2.585830000683430399e+02
2.585686869377203720e+02
2.581501888259798534e+02
2.591416048747269656e+02
2.599410150249769913e+02
2.593343586110876231e+02
2.591256147586742600e+02
2.593188027865397771e+02
2.599179826126656394e+02
2.603211945582485214e+02
2.613345399578270758e+02
2.613480201594209120e+02
2.611596163226475937e+02
2.597571882046945007e+02
2.587446345501966789e+02
2.569137722729257689e+02
2.544583558312382650e+02
2.525841978093315845e+02
2.517012099084157910e+02
2.512133433418337916e+02
2.507205488301359253e+02
2.508288372021569046e+02
2.509382193961185692e+02
2.512507266627461320e+02
2.507583097603489932e+02
2.506649593538882925e+02
2.499646054079676105e+02
2.496612175838058079e+02
2.483446642260665556e+02
2.470148123495621348e+02
2.456715276258203744e+02
2.449207349755760674e+02
2.463845807834105130e+02
2.484692735185962533e+02
2.503730035541374548e+02
2.520939429839771435e+02
2.530241848323002500e+02
2.525496816487880949e+02
2.522724057058466656e+02
2.528004098038854011e+02
2.545458684887727827e+02
2.561069378674475274e+02
2.568756948156038220e+02
2.572481765814179653e+02
2.576244207893108751e+02
2.592165866558692073e+02
2.600167541978479449e+02
2.606229840382301290e+02
2.616393778163941874e+02
2.620599775923176367e+02
2.620807854467852280e+02
2.625058438856423209e+02
2.599048928137794974e+02
2.580857503169492020e+02
2.564502528454029289e+02
2.537881341872756309e+02
2.517051860477537559e+02
2.504092788361144812e+02
2.495043220566811613e+02
2.500043657138193680e+02
2.505094603169896459e+02
2.514236972898885085e+02
2.507310073635236165e+02
2.496272801651754776e+02
2.473002829951267358e+02
2.443437201970972694e+02
2.439835557546440157e+02
2.438217734895392823e+02
2.436583570601405313e+02
2.432912697577178847e+02
2.431224947047656713e+02
2.425479744492582199e+02
2.423716913628873897e+02
2.419916074372598871e+02
2.418097044820807753e+02
2.422320247293743307e+02
2.422545704337117627e+02
2.416712832663754398e+02
2.406780639054296103e+02
2.402808726317471155e+02
2.406877501330780831e+02
2.400886364980581789e+02
2.415036732303619260e+02
2.433370436670324466e+02
2.441788319869014288e+02
2.450291232190922130e+02
2.466960840596892410e+02
2.473697818784738161e+02
2.472422039176506132e+02
2.471133372905561032e+02
2.467811487783396274e+02
2.474557058367066134e+02
2.465209149865725067e+02
2.463847626126992907e+02
2.456411743562618142e+02
2.450920953093550452e+02
2.435273689993484254e+02
2.423508777771202460e+02
2.413645230071918775e+02
2.407722454618102006e+02
2.409820661230405676e+02
2.399818849727679151e+02
2.391736211846139213e+02
2.381551729137518691e+02
2.367223968825772715e+02
2.350731281642195825e+02
2.344173011759797305e+02
2.341588900767469568e+02
2.347059495724718943e+02
2.344504541136078046e+02
2.350004587006141605e+02
2.347479380814285719e+02
2.355029677590186168e+02
2.362656239990086817e+02
2.362279030293017001e+02
2.361898010396982954e+02
2.375654555956553509e+02
2.385509652481365208e+02
2.387383487354913996e+02
2.397357057934260922e+02
2.407431371650763481e+02
2.411546840051281322e+02
2.423784686920487843e+02
2.415944128202511934e+02
2.403983967881321746e+02
2.404024209981131719e+02
2.395984050485994032e+02
2.395943485339386427e+02
2.406003520544833520e+02
2.408084364186699133e+02
2.400085216350204860e+02
2.400086077121418953e+02
2.371804118304467011e+02
2.341216281115623019e+02
2.320420485975375868e+02
2.309515642399367721e+02
2.296480446868048091e+02
2.295434794816214321e+02
2.300439186683044568e+02
2.297413319881858058e+02
2.288296282708951424e+02
2.287167962332272566e+02
2.281987840739670901e+02
2.278775596706736337e+02
2.285631915865387782e+02
2.284476682692312295e+02
2.293410790598291840e+02
2.300414939998275656e+02
2.295368626260886344e+02
2.302392551778674772e+02
2.305447021998657533e+02
2.312572749493597826e+02
2.317750252013737224e+02
2.318939648498723614e+02
2.308019846968408331e+02
2.290929138351926611e+02
2.293867816517096401e+02
2.300876582340499112e+02
2.318057153879292969e+02
2.331370862504334696e+02
2.340778648994278797e+02
2.334119847468972750e+02
2.341535199463604897e+02
2.349025454003641187e+02
2.346490357579436932e+02
2.362111472302462118e+02
2.365769163941880038e+02
2.373504206001900911e+02
2.377276975759494633e+02
2.373007046221710823e+02
2.354552571941124768e+02
2.341972294890026660e+02
2.329264944333354777e+02
2.314409034680155344e+02
2.307483873414301740e+02
2.322710983246765863e+02
2.325970690148252231e+02
2.329263323382075725e+02
2.338649821598054928e+02
2.344090728886921511e+02
2.357667402916084143e+02
2.355219598905139264e+02
2.344666261520339958e+02
2.334006324768019454e+02
2.313137701785878448e+02
2.290038082611995378e+02
2.274785942032320634e+02
2.261399941446789796e+02
2.255959536814938815e+02
2.256524784661554861e+02
2.253055338041973243e+02
2.239449836406036809e+02
2.233787713541450444e+02
2.240189609637828312e+02
2.246656171351343403e+02
2.249147647829637719e+02
2.247623886696605950e+02
2.244064532016770386e+02
2.224307608097748528e+02
2.226573341512876993e+02
2.226841759103916161e+02
2.233173494044361576e+02
2.237548983883191340e+02
2.246009074629487259e+02
2.238393004676249802e+02
2.242821216844697574e+02
2.249314360449189678e+02
2.235671071160797112e+02
2.219869768849290779e+02
2.207949261463929815e+02
2.189847738852454313e+02
2.177623978638842743e+02
2.161236342059435174e+02
2.150743779858013625e+02
2.140145232179814627e+02
2.109237608262436936e+02
2.071957180063067483e+02
2.046421394003101568e+02
2.032748882831412516e+02
2.029039275587287534e+02
2.021251793522510809e+02
2.011365448002536027e+02
2.009460048487410688e+02
2.015616210593344135e+02
2.019814354134689722e+02
2.007893287004740728e+02
1.993831603035088733e+02
1.975587477813220971e+02
1.969280280619414896e+02
1.960889172342843949e+02
1.962514315497822111e+02
1.964155874240225899e+02
1.965814014384066013e+02
1.957387893317239218e+02
1.952917063956804498e+02
1.944360670663440374e+02
1.941778455215596182e+02
1.939170156783429491e+02
1.928454703821648195e+02
1.919651215981460837e+02
1.916819410082283355e+02
1.905878192002309106e+02
1.890786052527585070e+02
1.869480861138975740e+02
1.854021071857549146e+02
1.838405123088434721e+02
1.828692043523671487e+02
1.831002064165323020e+02
1.837375822389216182e+02
1.843813962009308796e+02
1.844256527282129525e+02
1.856824775032454227e+02
1.863459368719651934e+02
1.864100372444093239e+02
1.856667042872820446e+02
1.845118225124062690e+02
1.837493156690971432e+02
1.825750663324212724e+02
1.815909760933548682e+02
1.807989657508634878e+02
1.804029957079429209e+02
1.806090865736798321e+02
1.794031177511917008e+02
1.787910280315069258e+02
1.777687151833400208e+02
1.777461769528689786e+02
1.767133100534029495e+02
1.754679899529321858e+02
1.764323130837700546e+02
1.772043566502727003e+02
1.777821784346188565e+02
1.791739176107261358e+02
1.801756743542687786e+02
1.815915902568370370e+02
1.822137275321588277e+02
1.820340682143017546e+02
1.830647153679816199e+02
1.832976922908905806e+02
1.835330225160509201e+02
1.829626490061122865e+02
1.838006555617293429e+02
1.844451066280093414e+02
1.855001077050600031e+02
1.861617249546059156e+02
1.872340656107133157e+02
1.883172379906193612e+02
1.890073111016359064e+02
1.893003142440765600e+02
1.900003174182591579e+02
1.892932499174336556e+02
1.883770201186197539e+02
1.880575960794136563e+02
1.873309051307210495e+02
1.857887930613344736e+02
1.842311041023579605e+02
1.820516203054120581e+02
1.810622427327395201e+02
1.802648916492317426e+02
1.798635269184158574e+02
1.796601282004201039e+02
1.798587153539596670e+02
1.800593084383431801e+02
1.810700085235789061e+02
1.806767762864434985e+02
1.778553295822661369e+02
1.758134642245111081e+02
1.741550143681931218e+02
1.718737518870637473e+02
1.711856079667311974e+02
1.723086949158900438e+02
1.738471665817071994e+02
1.747951177593001262e+02
1.749445633932323290e+02
1.742874377709420344e+02
1.722095331019613411e+02
1.699086192949106930e+02
1.683925447423338824e+02
1.658510552952868977e+02
1.646980356518049575e+02
1.637353895472775207e+02
1.625609995427047068e+02
1.629909086289946174e+02
1.622130390191865104e+02
1.618313525446329209e+02
1.618498510551846437e+02
1.620705566213988220e+02
1.620914713347460179e+02
1.625166377118648029e+02
1.613299370826917141e+02
1.605352899825167583e+02
1.591265555378958538e+02
1.589157126645413314e+02
1.591067804692337120e+02
1.588957378477106772e+02
1.588845836845565032e+02
1.580652360450063156e+02
1.568335717626327721e+02
1.561955270329625023e+02
1.549449768009720856e+02
1.538838149504768467e+02
1.536200151014917878e+02
1.535555708095876071e+02
1.534904755652400752e+02
1.516065409749898549e+02
1.503096373484746096e+02
1.483935730792673269e+02
1.458520940194619868e+02
1.436889838580426044e+02
1.410999836949923179e+02
1.394949330252449045e+02
1.382777101265100157e+02
1.380582930570807605e+02
1.378366596536168913e+02
1.368047067208250667e+02
1.333380875967931161e+02
1.302404925220131986e+02
1.267075682040538851e+02
1.245530991960137897e+02
1.221748476727413220e+02
1.197725734068094141e+02
1.171440135422315905e+02
1.144889025679108556e+02
1.144332349170815917e+02
1.147810453707894993e+02
1.151323690614035939e+02
1.158912818802056108e+02
1.156477594749552225e+02
1.125734944191467832e+02
1.094681761809562914e+02
1.057254304858143712e+02
1.019448792786003963e+02
9.933826189757616021e+01
9.690733525007701132e+01
9.525993459603729718e+01
9.258579252124977188e+01
9.170282072853518684e+01
9.081093002882337828e+01
8.869790912002362404e+01
8.737162537376121918e+01
8.684002563006185937e+01
8.589901578794123793e+01
8.515052099792042384e+01
8.500052626052571725e+01
8.545507703083406170e+01
8.571219902104454036e+01
8.556787779903484648e+01
8.582613919094430344e+01
8.507690827368111286e+01
8.452212956937485444e+01
8.335568643371196629e+01
8.157140043809295094e+01
7.976909135160897790e+01
7.855463772889800111e+01
7.752993709989694082e+01
7.669690616151206086e+01
7.524940016314343438e+01
7.419131329610448233e+01
7.372859928899450210e+01
7.305919120100449504e+01
7.137292040505511181e+01
7.168981859096473386e+01
7.059577635450979471e+01
6.989472359041393190e+01
6.959062988930703852e+01
6.928346453465353250e+01
6.796309548954903335e+01
6.703342978742330160e+01
6.629639372466996861e+01
6.534989265118180413e+01
6.217160873856746406e+01
5.875920074602770171e+01
5.571636438992698004e+01
5.244077211103738279e+01
5.014219405155292719e+01
4.822443843591205592e+01
4.487317013728490167e+01
4.169007084574231214e+01
3.928289984418416481e+01
3.765949479210519968e+01
3.743383312333860147e+01
3.740791224579655250e+01
3.677566893514802615e+01
3.532895852035156992e+01
3.326157426298133402e+01
3.157734774038521408e+01
3.088620983877294179e+01
2.998607054421507812e+01
2.948087933759098789e+01
2.897058518948584904e+01
2.865715675705642340e+01
2.652238056268324229e+01
2.456806117442749837e+01
2.360410219639141971e+01
2.303444666302164734e+01
2.245903703335519452e+01
2.005963336702546229e+01
1.804003370406611140e+01
1.640407444855162922e+01
1.495361055409255435e+01
1.207435409504299528e+01
1.037813544953838196e+01
8.866803484382199230e+00
7.340205539779998567e+00
6.606268221999999746e+00
6.268957800000000802e+00
5.726219999999999644e+00
5.177999999999999048e+00
2.200000000000000178e+00
