1.568096361038755902e+02
1.573026627311876098e+02
1.576390532638257014e+02
1.579384376402280168e+02
1.584024622628567158e+02
1.587499618816731584e+02
1.588585473552256246e+02
1.584429771264895521e+02
1.583868455823138959e+02
1.579261066488017775e+02
1.575819259078808443e+02
1.575170968766464057e+02
1.574112089663098857e+02
1.574254636023333660e+02
1.573994581841756712e+02
1.573327860446210025e+02
1.573058444895161188e+02
1.569149944338555827e+02
1.570050448826820571e+02
1.572172170532133464e+02
1.573911283365803513e+02
1.578092205419994514e+02
1.581103237797978807e+02
1.587377007876756636e+02
1.590885866542166696e+02
1.592814006608251134e+02
1.597993946068946514e+02
1.599185804110041715e+02
1.599177579909136284e+02
1.600381393847614220e+02
1.604425650351116701e+02
1.603662273081937428e+02
1.601679063719128919e+02
1.601696023958711805e+02
1.597672751473454866e+02
1.593204799468128954e+02
1.587883635826384534e+02
1.587357207905445762e+02
1.586421422126711605e+02
1.586284264774464816e+02
1.587761883610568816e+02
1.586426145061186332e+02
1.586289035415335320e+02
1.585746500419533618e+02
1.583582323656086146e+02
1.583820528945550166e+02
1.586081342369241156e+02
1.586748830675999784e+02
1.592271546137367011e+02
1.595021763775122849e+02
1.597395720984968932e+02
1.600601738368647773e+02
1.600607816533994878e+02
1.603038198519188597e+02
1.608725453049685541e+02
1.609621669747160695e+02
1.609314817926425292e+02
1.606984664572148631e+02
1.602610772295105619e+02
1.600616941712227970e+02
1.600623173446689123e+02
1.600629468127975485e+02
1.604272190028252396e+02
1.603911303058835642e+02
1.601930609150355735e+02
1.601142029444798141e+02
1.599537403479591262e+02
1.601552932807663296e+02
1.603184780613797784e+02
1.602004828902836664e+02
1.600004877679626816e+02
1.599600886545085530e+02
1.598384733883928561e+02
1.596348216044372634e+02
1.593887086913500184e+02
1.597461703953036078e+02
1.600668387831349264e+02
1.602291300839749510e+02
1.601506364484588403e+02
1.604349863115751020e+02
1.603585720318945391e+02
1.603621939716097131e+02
1.599618120925350695e+02
1.593957697904391466e+02
1.589452220105450522e+02
1.587325474853988396e+02
1.585581287731309033e+02
1.583011401748790377e+02
1.580415557322015161e+02
1.576581371032335426e+02
1.572708455588215202e+02
1.568796419786082197e+02
1.569289312915230994e+02
1.568171023146697394e+02
1.561384871865349737e+02
1.555338254409446108e+02
1.556099246878233657e+02
1.552423481695185217e+02
1.552346951207253767e+02
1.552269647684094309e+02
1.555423886549589838e+02
1.556589784393524383e+02
1.559787661003558412e+02
1.564634001013696718e+02
1.568721213145150557e+02
1.563152740550654300e+02
1.559952263182480010e+02
1.556315417356042587e+02
1.556278199349542604e+02
1.556240605403572488e+02
1.557818793336937802e+02
1.558604841754481924e+02
1.558994789650989503e+02
1.558580595607057262e+02
1.558162217784921211e+02
1.553295169479712854e+02
1.550803201494655070e+02
1.546669900499650510e+02
1.544515051009749982e+02
1.543550556575509916e+02
1.541768238965160833e+02
1.536735594914305523e+02
1.533672318095254354e+02
1.529770018278038037e+02
1.528252543715190654e+02
1.528335902742612404e+02
1.530440305800615874e+02
1.533778086667289813e+02
1.536341501684140098e+02
1.538122728973872881e+02
1.539517908054414761e+02
1.540523139448903294e+02
1.541538524695853880e+02
1.540139923935210504e+02
1.536706993873954730e+02
1.537279791791874004e+02
1.540282617971593311e+02
1.538467290880398082e+02
1.538249788768078190e+02
1.533989685624322021e+02
1.527666349115468734e+02
1.527339746581282895e+02
1.525393683415440762e+02
1.524640084258018078e+02
1.524282913391940326e+02
1.522710013527219530e+02
1.517484862148700984e+02
1.516247335503740032e+02
1.516613470205795409e+02
1.513750980005858651e+02
1.512879777783699637e+02
1.509979573518888003e+02
1.507858155069585280e+02
1.506119348555134820e+02
1.508807422782959407e+02
1.512330730083807282e+02
1.510233060690716229e+02
1.513770768374457418e+02
1.512899766034805111e+02
1.510807844479592177e+02
1.510310954019787459e+02
1.509405004060397459e+02
1.508489903091310111e+02
1.507565558678091975e+02
1.508248039068782873e+02
1.508129332392717004e+02
1.511645790295667666e+02
1.514793727571378668e+02
1.519185583405433988e+02
1.522409680207502731e+02
1.527282505260105836e+02
1.526952025515271316e+02
1.529850530823503618e+02
1.531566192751010647e+02
1.532087063384855128e+02
1.535037437762484558e+02
1.535593371477255857e+02
1.534942799471979811e+02
1.536709898456533665e+02
1.536878685309636410e+02
1.535028975060240839e+02
1.529928257636600506e+02
1.530028543067273858e+02
1.530937922290169126e+02
1.532664567969871712e+02
1.532792492898865078e+02
1.529285346362497080e+02
1.530187218547978318e+02
1.529077998533318237e+02
1.525533331851828507e+02
1.517912456415984366e+02
1.512234804460595399e+02
1.511348287333935048e+02
1.508836653872655233e+02
1.509531973608744124e+02
1.511446437988629725e+02
1.513380240392556004e+02
1.514525495346022694e+02
1.516894439743460055e+02
1.514438828023694157e+02
1.516402856589590442e+02
1.516366521807667880e+02
1.519158102836032640e+02
1.521977881652553606e+02
1.524018062275312957e+02
1.524462689166976190e+02
1.526527968855539541e+02
1.531038352379336231e+02
1.535998335736696276e+02
1.541412460340092991e+02
1.544861071050596308e+02
1.544708152576366729e+02
1.542129447046839914e+02
1.540332774794779596e+02
1.535285631105833204e+02
1.533015788995795674e+02
1.531127059591712225e+02
1.533663696557283345e+02
1.536225956118476574e+02
1.538006016281284758e+02
1.534955572001302073e+02
1.531066234344744998e+02
1.527945691257322096e+02
1.526409789148808045e+02
1.524454332473545151e+02
1.524095285326813212e+02
1.527773015481621144e+02
1.532295975233973024e+02
1.536864621448449100e+02
1.538651132776214467e+02
1.537627406844663653e+02
1.531744855398648042e+02
1.528631167069341927e+02
1.528314310171054160e+02
1.527994252698032369e+02
1.529691164341447802e+02
1.531001176102473664e+02
1.534748662729765556e+02
1.537725921949268297e+02
1.539521133282082417e+02
1.543758720486955269e+02
1.545210828774707750e+02
1.550718008863336479e+02
1.556684857437711003e+02
1.558267532765362375e+02
1.559866194712489289e+02
1.562693125972206474e+02
1.563124369668900613e+02
1.563964009766566789e+02
1.566024252289459469e+02
1.564872982110566113e+02
1.566942406172289566e+02
1.567416571891200476e+02
1.569511688778987661e+02
1.570415847251507557e+02
1.571733179041933113e+02
1.573871898022148628e+02
1.574416058608237847e+02
1.575369756169929758e+02
1.575929046636296675e+02
1.572049542056859082e+02
1.568938931370568639e+02
1.567817102394512290e+02
1.565875861004561216e+02
1.565531172731876097e+02
1.563970881547343765e+02
1.561990789441766765e+02
1.562414938830068536e+02
1.559207008919269128e+02
1.559198998908346709e+02
1.559190907988232482e+02
1.558374654533566286e+02
1.559570358114714281e+02
1.557949856681526342e+02
1.551868542102552908e+02
1.550574284952074038e+02
1.549670994901086658e+02
1.545122217071809132e+02
1.542547694011923056e+02
1.541967367688810668e+02
1.542189260291726214e+02
1.541605313425987447e+02
1.543035670127260914e+02
1.547712798108346135e+02
1.550012927382162218e+02
1.551932249880973700e+02
1.552254797859563098e+02
1.553388684706636127e+02
1.554534024956199119e+02
1.556903055511309049e+02
1.558891975263949234e+02
1.556860581074696768e+02
1.557636950580501320e+02
1.554784798566169570e+02
1.547863432895115352e+02
1.542892356459711607e+02
1.545547834807791787e+02
1.546209934149284493e+02
1.543242357726547027e+02
1.542265007804601282e+02
1.542085866469293194e+02
1.541904915625548256e+02
1.541722136995501273e+02
1.535072865652031453e+02
1.534821076416188248e+02
1.532142501430486732e+02
1.529032829727765659e+02
1.527911949219956398e+02
1.534456514363602651e+02
1.536218701377368347e+02
1.536786567047851122e+02
1.531703603078634046e+02
1.524953134422868573e+02
1.518538519619065426e+02
1.513271231938444430e+02
1.509566900947927195e+02
1.508249394896896831e+02
1.511363025148379222e+02
1.512487904190290919e+02
1.511603943626551541e+02
1.511923175380362636e+02
1.512245631697331874e+02
1.512167304744779983e+02
1.514512429035128207e+02
1.513244877813264679e+02
1.511560482639659710e+02
1.514707558221881243e+02
1.517078341638256234e+02
1.519069031957838263e+02
1.518251547432159043e+02
1.510153078214299853e+02
1.509245533549794516e+02
1.509136902575553165e+02
1.509027174318748337e+02
1.511340580119944832e+02
1.513273313252469165e+02
1.515225568941879430e+02
1.513157140345339826e+02
1.505815293278120635e+02
1.506480094220331409e+02
1.507151610323564626e+02
1.504193545781378987e+02
1.500397520991290605e+02
1.496563152516449975e+02
1.491881972238838614e+02
1.492810072968522093e+02
1.495363710069211720e+02
1.498751222292128489e+02
1.501768911406194320e+02
1.503200920612321454e+02
1.499798909709414829e+02
1.496766575464052664e+02
1.494511692387934545e+02
1.491425951907005754e+02
1.486692880714153659e+02
1.485144323953688001e+02
1.480347801973418598e+02
1.478735153508500275e+02
1.476298134857073592e+02
1.480301146320278747e+02
1.481920349818467457e+02
1.485172070523698835e+02
1.487244515680505970e+02
1.486105571394446656e+02
1.490207647873185124e+02
1.491118836235546325e+02
1.492443268924797053e+02
1.491356837297769857e+02
1.489855391209865161e+02
1.491167061828143119e+02
1.489259658412264855e+02
1.490969351931579752e+02
1.492292274678365231e+02
1.491204317856939952e+02
1.493741735209028434e+02
1.496304783039416293e+02
1.495661397009518510e+02
1.496627673746984897e+02
1.494371387623214957e+02
1.492900391538608460e+02
1.493434738927881824e+02
1.495186604977659215e+02
1.491703641391577264e+02
1.493033981203614644e+02
1.499226243640017913e+02
1.503056811757591049e+02
1.505713951270300868e+02
1.507185809363940052e+02
1.506652332690843252e+02
1.509749831000858364e+02
1.512878617172576980e+02
1.513210724416746302e+02
1.516374469107817333e+02
1.519974211220020379e+02
1.521590112343457406e+02
1.521202133680264410e+02
1.522022357252787970e+02
1.521234704295746667e+02
1.524075458884593957e+02
1.525732786752122081e+02
1.528618976517289525e+02
1.531938360118472531e+02
1.528422585978256336e+02
1.524871298967937605e+02
1.523304342391858484e+02
1.518893275143287269e+02
1.521306338528570450e+02
1.522127614675323457e+02
1.524169307752848681e+02
1.522191219952376287e+02
1.520597191871081577e+02
1.518583022092003603e+02
1.518164668779795363e+02
1.519358251292727857e+02
1.521776011406796840e+02
1.518561627683639301e+02
1.515718815842058405e+02
1.512443248325315039e+02
1.510750755884156717e+02
1.511869450388036284e+02
1.512999444836400187e+02
1.513736812966061223e+02
1.514077588854606518e+02
1.513209685711722443e+02
1.511928975466381928e+02
1.514271692390289559e+02
1.519466355949780052e+02
1.519865006009883359e+02
1.522691925262500945e+02
1.526355480063140817e+02
1.528035838447613344e+02
1.526500846916785861e+02
1.527778633249276083e+02
1.529473366918463171e+02
1.529569057493396826e+02
1.525625310599397437e+02
1.521237687474134646e+02
1.518421906539529971e+02
1.517193844989426452e+02
1.516357419181235002e+02
1.517128706243680369e+02
1.513867380044119670e+02
1.513805434387999753e+02
1.513338822614134074e+02
1.514887699610238485e+02
1.514836060212363407e+02
1.514783899204406907e+02
1.511902928489295448e+02
1.513841341908384095e+02
1.516607416069077487e+02
1.517381228352606115e+02
1.516142654901621540e+02
1.514891570607697702e+02
1.513627849098683669e+02
1.517603887978471846e+02
1.519195846442899267e+02
1.521611966103936595e+02
1.526072693034280690e+02
1.529770397004319875e+02
1.532697370711439646e+02
1.534845829001450284e+02
1.533783665658034181e+02
1.536347137028311352e+02
1.542572865685164913e+02
1.546437238065826136e+02
1.549128523298807920e+02
1.543362144746272975e+02
1.539961762369975702e+02
1.535718951888858612e+02
1.535877729180667473e+02
1.537250231495625030e+02
1.540252759086486662e+02
1.538033089986359698e+02
1.538619282814495364e+02
1.534766952337884618e+02
1.528047426603916108e+02
1.525300430913049183e+02
1.521313566578832877e+02
1.518498552099835592e+02
1.514847022323059491e+02
1.514794972043501105e+02
1.515954517215652686e+02
1.514701532541060658e+02
1.510203568223298305e+02
1.508084412346763941e+02
1.507155972067431833e+02
1.504601991987308338e+02
1.505254537360916629e+02
1.503893472081728078e+02
1.501306537456298429e+02
1.505562159046764918e+02
1.507032483885624856e+02
1.508921700894567266e+02
1.508405758479363499e+02
1.506268442908449572e+02
1.503301457483286470e+02
1.504344906548762140e+02
1.506611016715925757e+02
1.502031330016082222e+02
1.502657909107156797e+02
1.502886776875923260e+02
1.500289673612042236e+02
1.500898660214187146e+02
1.503129959812308130e+02
1.506999959406369953e+02
1.510100969097339032e+02
1.514041382926607753e+02
1.514385235279396795e+02
1.515944682100405885e+02
1.515903719293334859e+02
1.519902746760951970e+02
1.523942168445405798e+02
1.521557745904452759e+02
1.519957319095402397e+02
1.519552847571115421e+02
1.520356411687997706e+02
1.525612537058579221e+02
1.530113673796546436e+02
1.534256236158124693e+02
1.537228521371851002e+02
1.536594466032163382e+02
1.538378248517338704e+02
1.538967927795287096e+02
1.542391846257863506e+02
1.547062470967537990e+02
1.553800475724793841e+02
1.556970177499789543e+02
1.553707249999791031e+02
1.550411363636153794e+02
1.547082185491064479e+02
1.546951702516231251e+02
1.543183537895184543e+02
1.543013674641595685e+02
1.544054216809692264e+02
1.544701229100698185e+02
1.542526494041109970e+02
1.540733832364757916e+02
1.537710941782584371e+02
1.535061557356142430e+02
1.534405613491054510e+02
1.531722841910152795e+02
1.526184688798130935e+02
1.526651200806199142e+02
1.527122425056765564e+02
1.525578207128049542e+02
1.524422431442473567e+02
1.522446900446938685e+02
1.519239293380745437e+02
1.514383124627016741e+02
1.512306186491937865e+02
1.510612309587813797e+02
1.508901322815976300e+02
1.504344770521184671e+02
1.502974515677963154e+02
1.504014662300972134e+02
1.504661275051493874e+02
1.508142702072213126e+02
1.509235052598197626e+02
1.510742477371912287e+02
1.515497451890819605e+02
1.519896416051334711e+02
1.525955975809428367e+02
1.528036339201443354e+02
1.524481150708526513e+02
1.520081970412651629e+02
1.521698960012780901e+02
1.519291878800788140e+02
1.518880685657361482e+02
1.518061298643798125e+02
1.519253837013938835e+02
1.522074582842364237e+02
1.526135942265015046e+02
1.528622163904054787e+02
1.530325418084903220e+02
1.529217594025154767e+02
1.523654135378944829e+02
1.519246601392871980e+02
1.517218789285726643e+02
1.519210898268416940e+02
1.517990806331729345e+02
1.521606875082561885e+02
1.520815025335922428e+02
1.520823257915069462e+02
1.519215412035428301e+02
1.522035769732756592e+02
1.523268454275506940e+02
1.528958034621725801e+02
1.534705085476487909e+02
1.537277864117668571e+02
1.536240266785524682e+02
1.538424511904566145e+02
1.534974254449057014e+02
1.534317428736418378e+02
1.538906493673150067e+02
1.537077266336524985e+02
1.531997238723756425e+02
1.530502261337134939e+02
1.527780061956698603e+02
1.524626325208786000e+02
1.524269015362405071e+02
1.523100015517577788e+02
1.518686884361190437e+02
1.509784731677968352e+02
1.508065385533303697e+02
1.510369076296266826e+02
1.511483915450775442e+02
1.515438298435127535e+02
1.516200301449628398e+02
1.513333637827908262e+02
1.514882462452430900e+02
1.512002487325693494e+02
1.512729785177464805e+02
1.513868469876228176e+02
1.516634818056796519e+02
1.518621028340195380e+02
1.518203058929492784e+02
1.517780867605547712e+02
1.518970573338937413e+02
1.519364215493869210e+02
1.515721429791793184e+02
1.512849929082618701e+02
1.507929221295576099e+02
1.503766890197551902e+02
1.501178676967222430e+02
1.498968360572954168e+02
1.498351879366624928e+02
1.494092807441027730e+02
1.492618997415180786e+02
1.491534340823421303e+02
1.490842768508501877e+02
1.484891685362123326e+02
1.484133015517299441e+02
1.484578803552830095e+02
1.487049296518010237e+02
1.490352824765665787e+02
1.493689721985520009e+02
1.495848204025775203e+02
1.492775963662398624e+02
1.489268650164038661e+02
1.488150151680848694e+02
1.488232476445303689e+02
1.485487349944747564e+02
1.485542777721970253e+02
1.488023007799964716e+02
1.490932331111078213e+02
1.490638718294019327e+02
1.491958301307089130e+02
1.492079092229386390e+02
1.491393022453926562e+02
1.489487901468612563e+02
1.487967577241020365e+02
1.486027855799010524e+02
1.484876622019207844e+02
1.482501638403236655e+02
1.484143069094179452e+02
1.486205120297147459e+02
1.488288000300152873e+02
1.492412121515302488e+02
1.494961738904350739e+02
1.500365392832669045e+02
1.504611507911794490e+02
1.509304553446256705e+02
1.514045003481068079e+02
1.516409094425320916e+02
1.518797065076084323e+02
1.523633399066749234e+02
1.528114544511871031e+02
1.533044994456429890e+02
1.534388883289325065e+02
1.533322104332654021e+02
1.531436469022875144e+02
1.528319665679677826e+02
1.524363298666339972e+02
1.527235655218521515e+02
1.526904702240930192e+02
1.527378487112052312e+02
1.527857057688938482e+02
1.529148543120143700e+02
1.534089437495098309e+02
1.537868118681916769e+02
1.541280927961532825e+02
1.541091846425786969e+02
1.537264491339180381e+02
1.535014637716343486e+02
1.534762260319543259e+02
1.535719454868221305e+02
1.541130762493156112e+02
1.544980568174900384e+02
1.544424816338288622e+02
1.542247289230587626e+02
1.538027564879383249e+02
1.537805621090284660e+02
1.538389516252818510e+02
1.537363147730118840e+02
1.535114290636480519e+02
1.531226556198466255e+02
1.526491470907544397e+02
1.525748960512666486e+02
1.520958545972388833e+02
1.519756107042815927e+02
1.520157683881636217e+02
1.518947155435999434e+02
1.519744601450504433e+02
1.518933940859096197e+02
1.517307010968783914e+02
1.514451526231092942e+02
1.506718713364736288e+02
1.501736074105795353e+02
1.494682903137166363e+02
1.490790811249665921e+02
1.489687688130975687e+02
1.486553220334320997e+02
1.483791131650827140e+02
1.485849627930131760e+02
1.483888513060734908e+02
1.486352033394678358e+02
1.490456599388566588e+02
1.492178383220772844e+02
1.494321599212903777e+02
1.494870302235256361e+02
1.493808386096219181e+02
1.493947864743651053e+02
1.494492792670363599e+02
1.490194740071072488e+02
1.491913878859667761e+02
1.494054423090568946e+02
1.494196386960168752e+02
1.496764027232498790e+02
1.491276795184346895e+02
1.486138176953881214e+02
1.481351693892811170e+02
1.480961306962437902e+02
1.479354855517609622e+02
1.478944298502635775e+02
1.475297271214786292e+02
1.476057849711900758e+02
1.478442272436264204e+02
1.480850780238655489e+02
1.486919980039040752e+02
1.490626242463677897e+02
1.495582063094625198e+02
1.498163700095579998e+02
1.498751212217759701e+02
1.503789103250265669e+02
1.503625356818448608e+02
1.507096320018638380e+02
1.508582141432965784e+02
1.504022365083806960e+02
1.493759964731116838e+02
1.487434307809210736e+02
1.481852836170916419e+02
1.479851349667594604e+02
1.478233686532924196e+02
1.479023925790827718e+02
1.479822147263464842e+02
1.481032471983297967e+02
1.485487345437667557e+02
1.487158934785529425e+02
1.486019126045988514e+02
1.484059723278776346e+02
1.483696690180583460e+02
1.484542111293518190e+02
1.480143546761130722e+02
1.479336915920335400e+02
1.480138298909433274e+02
1.484180099908515160e+02
1.486242525160114099e+02
1.483477298141529843e+02
1.485532624385383542e+02
1.488012751904427660e+02
1.482437123135787544e+02
1.476401134480591963e+02
1.472324378263226095e+02
1.465782200265883262e+02
1.459577980066549401e+02
1.454523212188435650e+02
1.441336577968117751e+02
1.432865230270824952e+02
1.426732555829117643e+02
1.418517733160725527e+02
1.412644174909818560e+02
1.409943611020019318e+02
1.405599607090930192e+02
1.401615764738314454e+02
1.398399762361930243e+02
1.388282588244376257e+02
1.379275341660982406e+02
1.370985193596955298e+02
1.367055751108031529e+02
1.366722980917204495e+02
1.364366647391112792e+02
1.365622876152641254e+02
1.362043309245091507e+02
1.366508393176863194e+02
1.365362013309962492e+02
1.361375771020165644e+02
1.357753304060772734e+02
1.352478084909869835e+02
1.345937459504919218e+02
1.344987332833253504e+02
1.346451851346716069e+02
1.344294799340118516e+02
1.341307878121332067e+02
1.339906947597304452e+02
1.338895906663948097e+02
1.335450410771662746e+02
1.332374152294607939e+02
1.333307224540010907e+02
1.334249721757586542e+02
1.331969415916750279e+02
1.328857995875508209e+02
1.320058581692429698e+02
1.313594526962047269e+02
1.308277299961666813e+02
1.304926565617844574e+02
1.301541985472570673e+02
1.298527258053100013e+02
1.297098240457677321e+02
1.296462869149169421e+02
1.295417039544615818e+02
1.290320241964255672e+02
1.285980042388138713e+02
1.279171759988019090e+02
1.275527030290929957e+02
1.271845485142354164e+02
1.271359075901366111e+02
1.267231389799357686e+02
1.265082211918545028e+02
1.263315365574287910e+02
1.260318551085137528e+02
1.259311667762767115e+02
1.257890573497740974e+02
1.256859165149236901e+02
1.257433500150741565e+02
1.257609596111862658e+02
1.256979390011979518e+02
1.254322616173719638e+02
1.250426885023959755e+02
1.246895843458544135e+02
1.242117013594487247e+02
1.238097993529788141e+02
1.235654538918977465e+02
1.232378322140382210e+02
1.230281133475134823e+02
1.230991043914274883e+02
1.232112165569975843e+02
1.233648652090885065e+02
1.233584497061499121e+02
1.231903532385353941e+02
1.231417709480154059e+02
1.234159302505204892e+02
1.234908386368895350e+02
1.230412511483729219e+02
1.225871223720939867e+02
1.220880023960544918e+02
1.219070731273280757e+02
1.215222960882101830e+02
1.214972687759699710e+02
1.206639078545149317e+02
1.195393008631465648e+02
1.186861624880267243e+02
1.176223863515420049e+02
1.173155417692341018e+02
1.166823654234689229e+02
1.164872378014841132e+02
1.162901391934179429e+02
1.160102416095130451e+02
1.157275167772859703e+02
1.154823401790766724e+02
1.152750910899765415e+02
1.151061526161377913e+02
1.148951036526643890e+02
1.144394986390550741e+02
1.136156551909648442e+02
1.130663183747116136e+02
1.125518367421330481e+02
1.118705421637709208e+02
1.114651941048189627e+02
1.109749435402210054e+02
1.105605490305264880e+02
1.100207565964914522e+02
1.096775319156477195e+02
1.089267999147958506e+02
1.082492928432282184e+02
1.078881745891191883e+02
1.079678531203226157e+02
1.075634880003257194e+02
1.075186747478038001e+02
1.069481563109127791e+02
1.064930871827403678e+02
1.056697850330710367e+02
1.049189747808799638e+02
1.038373482635149827e+02
1.027447962257728022e+02
1.020452487129016532e+02
1.017830795079814976e+02
1.010334136444257211e+02
1.006398117620461221e+02
1.002018300626730394e+02
9.963821218451811035e+01
9.939213351971542920e+01
9.906276113102559577e+01
9.913410215255110813e+01
9.876171934601110536e+01
9.806234277374876740e+01
9.719428563004917976e+01
9.627705619196902376e+01
9.551217797168577306e+01
9.473957370877353412e+01
9.339350879674091743e+01
9.219546343105140807e+01
9.122774083944580070e+01
9.049266751459174429e+01
9.003299748948657566e+01
8.964949241362279508e+01
8.942372971073027088e+01
8.867043405124260858e+01
8.778831722347744915e+01
8.681648204391666468e+01
8.571361822617849668e+01
8.532688709714986430e+01
8.445140110823220425e+01
8.380949606892149006e+01
8.308029905951666194e+01
8.234373642375409474e+01
8.139771355934759356e+01
8.028051874681577260e+01
7.911163509779375147e+01
7.780973242201382334e+01
7.673710345657963217e+01
7.577485197634307212e+01
7.492409290539694666e+01
7.390312414686567877e+01
7.266982237057138150e+01
7.106042663694081796e+01
6.971760266357661351e+01
6.824000269048153200e+01
6.723232594998123091e+01
6.661851106058709604e+01
6.583687985917890728e+01
6.545139379715048733e+01
6.469837757287928071e+01
6.426098744735280377e+01
6.365756307813408199e+01
6.276521523043843587e+01
6.133860124286717053e+01
6.038242549784565938e+01
5.941659141196530669e+01
5.844100142622760075e+01
5.753636507699762603e+01
5.642057078484607047e+01
5.509148564125868575e+01
5.387018751642295911e+01
5.295978537012420873e+01
5.212099532335778207e+01
5.111211648824021836e+01
5.021425907903051922e+01
4.902450412023284088e+01
4.802475163659887869e+01
4.758055720868572536e+01
4.684904768554116572e+01
4.627176533893052834e+01
4.560784377669750711e+01
4.469479169363381743e+01
4.413615322589273404e+01
4.349106386453814821e+01
4.287986248943244050e+01
4.193925503983086145e+01
4.082753034326345443e+01
3.946215186188231883e+01
3.812338571907301343e+01
3.652867244350809273e+01
3.479663883182631423e+01
3.373397861800638964e+01
3.286260466465287777e+01
3.222485319661909386e+01
3.145944767335262782e+01
3.052469461954808949e+01
2.901484305004856523e+01
2.765135661621066987e+01
2.663773395576833636e+01
2.581589288461447396e+01
2.490494230769138895e+01
2.426761849261757575e+01
2.334102878042178730e+01
2.196063513173917769e+01
2.044508599165572704e+01
1.907584443601589541e+01
1.773317619799584577e+01
1.637694565454125595e+01
1.516863197428409471e+01
1.362488078210514608e+01
1.194432402232842350e+01
1.040840810336204569e+01
8.978190003396003149e+00
7.977969700399994757e+00
6.765625959999994166e+00
5.217803999999993891e+00
4.179599999999998872e+00
2.040000000000000036e+00
