1.947694920272908234e+02
1.957267596235257656e+02
1.968957167914403783e+02
1.976724412034752163e+02
1.986590315186616920e+02
2.004636682006686783e+02
2.004683517178467866e+02
2.002710623412594089e+02
2.002738003447065580e+02
2.014886872168755474e+02
2.027158456736112271e+02
2.031473188622335897e+02
2.041892109719536279e+02
2.056456676484380353e+02
2.067127956044829205e+02
2.085987834388713509e+02
2.096957408473450073e+02
2.108037786336819295e+02
2.117209885188702572e+02
2.132535237564347312e+02
2.141954785418532481e+02
2.141368470119733161e+02
2.146836838504782463e+02
2.144279634853320715e+02
2.135635994801325523e+02
2.118824237173059828e+02
2.120024481992984420e+02
2.121236850497968476e+02
2.130542273230271917e+02
2.143982094171991264e+02
2.147456660779785125e+02
2.148946121999784395e+02
2.150450628282608250e+02
2.141869321497590022e+02
2.147342748987466052e+02
2.150851261603500006e+02
2.152375011720706937e+02
2.166035365374447395e+02
2.165692288257017140e+02
2.167365947734363658e+02
2.169056512862990189e+02
2.168743952386859348e+02
2.168428234734202249e+02
2.168109328014342339e+02
2.157686189913479780e+02
2.145137565569170022e+02
2.150644005625427440e+02
2.160246470328715134e+02
2.161865121544157375e+02
2.161479920751668544e+02
2.177252445203706372e+02
2.187123682023949698e+02
2.199114830327220318e+02
2.213247303360823821e+02
2.217421518546289008e+02
2.217597493481098354e+02
2.223835852001110993e+02
2.236197830304155616e+02
2.252725081115315220e+02
2.263358667793247037e+02
2.266018856356812137e+02
2.256584703390718971e+02
2.269277478172434712e+02
2.282098462800445873e+02
2.295048952323680567e+02
2.310150456892607167e+02
2.313283289790514914e+02
2.328568979586378589e+02
2.346029272309474436e+02
2.343463911423708907e+02
2.328751425680516718e+02
2.323991339071226321e+02
2.327263978859824931e+02
2.328549473595785457e+02
2.323787347066452753e+02
2.329078128349951839e+02
2.340482957929243071e+02
2.347962583766910996e+02
2.329255135118093278e+02
2.314399126381915153e+02
2.303433460991832362e+02
2.288316627264472629e+02
2.285168310368157449e+02
2.288048798351675828e+02
2.305099796314823948e+02
2.318282622540223770e+02
2.331598608626487419e+02
2.332927887501508053e+02
2.330230189395450395e+02
2.329525443833789780e+02
2.344975195791709268e+02
2.358560803830008865e+02
2.372283640232337802e+02
2.388165293163973217e+02
2.386025548650477504e+02
2.379823786515628967e+02
2.379619986379427132e+02
2.383454531696392280e+02
2.371166193632719228e+02
2.378955751144159763e+02
2.386823991054704095e+02
2.390731304095666587e+02
2.402758893025924749e+02
2.406827164672649815e+02
2.408916327952167080e+02
2.417087199951686216e+02
2.423320403991606327e+02
2.423555963627884466e+02
2.429854508715037866e+02
2.432176271429323151e+02
2.440582092352856307e+02
2.447052618538241404e+02
2.455608705594180776e+02
2.462231015751700909e+02
2.462859611870401864e+02
2.459454153404457486e+02
2.456014296368141459e+02
2.442438683200139735e+02
2.426705740606192592e+02
2.416874485460802191e+02
2.419065136829096900e+02
2.423298118009186624e+02
2.431614260615338594e+02
2.433953798601350229e+02
2.436316968284191660e+02
2.438704008367874962e+02
2.451216170068568374e+02
2.469915323301573551e+02
2.472641740708669147e+02
2.475395697685517007e+02
2.486258280490421271e+02
2.495210384333768161e+02
2.502232711448243094e+02
2.495184557018429246e+02
2.492105613149926171e+02
2.484955164797907798e+02
2.481772893735254399e+02
2.480578680540670007e+02
2.479372404586536618e+02
2.472093337966189779e+02
2.458680139359793770e+02
2.469373878141202567e+02
2.480175634486067793e+02
2.503207711602089489e+02
2.516371425860696434e+02
2.525627702889590296e+02
2.528916871605643450e+02
2.540320072328937897e+02
2.559919264978724698e+02
2.575676025231027779e+02
2.595632348718208391e+02
2.613770049210315278e+02
2.621989948697288924e+02
2.614131261310386662e+02
2.622354809404433809e+02
2.630661423640841576e+02
2.635011539031159487e+02
2.641425797001166984e+02
2.643864441415320243e+02
2.652388324661943670e+02
2.669079115820146058e+02
2.673817288707215880e+02
2.682643725966883039e+02
2.685498713097863970e+02
2.698483548583694187e+02
2.711599544023944190e+02
2.732928832347414527e+02
2.746392759946885462e+02
2.755952282774629793e+02
2.761567962398625014e+02
2.769260568079412224e+02
2.777030876847891818e+02
2.776798865502919966e+02
2.788685722730220959e+02
2.790591639121433332e+02
2.782415797092360208e+02
2.776177572820557771e+02
2.759775326081372100e+02
2.753308410183209389e+02
2.734654959781018988e+02
2.705712080586893080e+02
2.672436445037257045e+02
2.663067116199249540e+02
2.653603147676012100e+02
2.652124391591936501e+02
2.646590294537307386e+02
2.651101307613434983e+02
2.659698290518625754e+02
2.666361909614774390e+02
2.677133242035123430e+02
2.688013375793056525e+02
2.705064015952574437e+02
2.708145470659172247e+02
2.699136839049666605e+02
2.702158423282488684e+02
2.701170124527769758e+02
2.704212246997753368e+02
2.703244693937135139e+02
2.696206761552659827e+02
2.685057334901670174e+02
2.673795287779458363e+02
2.654338674524708495e+02
2.650847145984549229e+02
2.645300147459147979e+02
2.625555704504178038e+02
2.621773438893110324e+02
2.632094382720321732e+02
2.638479174464970356e+02
2.655029469156537516e+02
2.679827746622772224e+02
2.682654289517946609e+02
2.689549787391864015e+02
2.696514936759460852e+02
2.707590845211574333e+02
2.720798833547045206e+02
2.728079629845498744e+02
2.741494575601510633e+02
2.746964217779303112e+02
2.766630523009393983e+02
2.784475275767065341e+02
2.806540682592997200e+02
2.828828972316158570e+02
2.829120174056723158e+02
2.827394115208813901e+02
2.829691025463451979e+02
2.842112146932784071e+02
2.850618330235125200e+02
2.867291242661738693e+02
2.888172972385599451e+02
2.887043406450104612e+02
2.887922632777878675e+02
2.880729932098878407e+02
2.869424173837248304e+02
2.864064822057822539e+02
2.852590729351335881e+02
2.847061342779122128e+02
2.843496305837501268e+02
2.843935662462124583e+02
2.846399659052651714e+02
2.858989554598635436e+02
2.865646014746099013e+02
2.864288903783937030e+02
2.858877680589840224e+02
2.843310788474582296e+02
2.827586655024823585e+02
2.813723893964464651e+02
2.795680700974207298e+02
2.787556263610318297e+02
2.777329559202340192e+02
2.795282383032664484e+02
2.799275134376442793e+02
2.811389024622669695e+02
2.807463661235016161e+02
2.815619859833349778e+02
2.823858444276110617e+02
2.826119640682936165e+02
2.826383475437311290e+02
2.822609571148802274e+02
2.822837950655358554e+02
2.821048435005405395e+02
2.819240843439803257e+02
2.821455397413937476e+02
2.841874138801961749e+02
2.864519332123196591e+02
2.889413466791102678e+02
2.880215623021314286e+02
2.889106689920521376e+02
2.892026959515682734e+02
2.878815110621899862e+02
2.873550616789800642e+02
2.874293552312922770e+02
2.871003588194874965e+02
2.875761200196845948e+02
2.874506262825092335e+02
2.877279053358680585e+02
2.882100053897655698e+02
2.874848539290562144e+02
2.867523777061167038e+02
2.876286643496138140e+02
2.883117821713269677e+02
2.898098809811376668e+02
2.911210919001396746e+02
2.922435271718578065e+02
2.931752799715743549e+02
2.943184646177514878e+02
2.942610753714665179e+02
2.944051266378444893e+02
2.947526531695404515e+02
2.961137910803437308e+02
2.968826172528722509e+02
2.970531487402751054e+02
2.982355037780552607e+02
2.992277815939957009e+02
3.004321026201976679e+02
2.998304066870683187e+02
3.006367744313819799e+02
3.020573479104870671e+02
3.038963110206943270e+02
3.057538495158522664e+02
3.070240904200525733e+02
3.068930206263163996e+02
3.075687077033492756e+02
3.088572805084336323e+02
3.101588692004382324e+02
3.118776456570091113e+02
3.124016622798066578e+02
3.119208709897043832e+02
3.110311828178824953e+02
3.103345280988710329e+02
3.102368970695669645e+02
3.105423202722900555e+02
3.116589093659495120e+02
3.137968781474233424e+02
3.143402809569939222e+02
3.132730110676703248e+02
3.140131424925968986e+02
3.113264065581784621e+02
3.096226328870485531e+02
3.076996291788371991e+02
3.069693224028653162e+02
3.066356791948136333e+02
3.069047264594075273e+02
3.077825519791994680e+02
3.094773252315142713e+02
3.101791163954684976e+02
3.112920367631004979e+02
3.126182189526269894e+02
3.135537565178046862e+02
3.151048045634395294e+02
3.150553581448881459e+02
3.152074324695835230e+02
3.155630631005893747e+02
3.151142051521105714e+02
3.142567728809207210e+02
3.135926998797174292e+02
3.131239392724428399e+02
3.142666053256992882e+02
3.154208134603023836e+02
3.157785994548508484e+02
3.173521206614647099e+02
3.183354754156213176e+02
3.191267428440617664e+02
3.199260028727906047e+02
3.189151544169590693e+02
3.187021761787462992e+02
3.176789658371176870e+02
3.180595614516340106e+02
3.188480418703368287e+02
3.200485271417552440e+02
3.212611385270250253e+02
3.222839783101264857e+02
3.225090690001277380e+02
3.221303727274017774e+02
3.219498714418200507e+02
3.203534054967877864e+02
3.199529348452408044e+02
3.195484190355973055e+02
3.185337566016131063e+02
3.183169258602146670e+02
3.178958847072879053e+02
3.180766512194821303e+02
3.184612638580628072e+02
3.170315796546088905e+02
3.153854339945543757e+02
3.139246808025799282e+02
3.114390715177573270e+02
3.091303752704621957e+02
3.072023992630934117e+02
3.052549487505993966e+02
3.042979280309083947e+02
3.047453818494026336e+02
3.056013958074767061e+02
3.072741371792699852e+02
3.087617547265345479e+02
3.084462168954898971e+02
3.087335524196875554e+02
3.070035883027139221e+02
3.062662508108229531e+02
3.057234856674973003e+02
3.057812986540378120e+02
3.050316148020586979e+02
3.050824391939990505e+02
3.055378173676760412e+02
3.059977953208842223e+02
3.056543387079637455e+02
3.063175138464287670e+02
3.055732463095235971e+02
3.048214609187108408e+02
3.040620817360717183e+02
3.045071532687592253e+02
3.047547002714736664e+02
3.046007073449226823e+02
3.042431387322450291e+02
3.026698371032777004e+02
3.012826637406850523e+02
2.994774381219040720e+02
2.984620587089937658e+02
2.974364229383774045e+02
2.984206292306848809e+02
2.988087163946306077e+02
2.983926428228594432e+02
2.979723664877370197e+02
2.971438045330674527e+02
2.965088934677451675e+02
2.948574681492367517e+02
2.939974425749870761e+02
2.929267096717041454e+02
2.902289996683883260e+02
2.891202016852408860e+02
2.882022239244855086e+02
2.872749736610963964e+02
2.873484582435315815e+02
2.882307659025567546e+02
2.881118847500576976e+02
2.892039239899571044e+02
2.909130545353101525e+02
2.934475298336465698e+02
2.939874038723704643e+02
2.929165695680511590e+02
2.934510803717685121e+02
2.921728084563320067e+02
2.926998065215476572e+02
2.946462692136842634e+02
2.966123931451359681e+02
2.990024173183193170e+02
3.012145629477969351e+02
3.018328918664618641e+02
3.036695877439009905e+02
3.051207957009095821e+02
3.073947431322318380e+02
3.080754981133650290e+02
3.093691900135005994e+02
3.100698889025258040e+02
3.115857463661881184e+02
3.133189357234219869e+02
3.146655916398198087e+02
3.160258501412331498e+02
3.151776264052853662e+02
3.143208347528139370e+02
3.136574088412264132e+02
3.131893018598248659e+02
3.125144463230552674e+02
3.132469154778333404e+02
3.129766823008420147e+02
3.127037194958007262e+02
3.124279994907070090e+02
3.145737368593001406e+02
3.161350877366661507e+02
3.167021088249147169e+02
3.170728371968838815e+02
3.178513507039232309e+02
3.174256067716402185e+02
3.182076836077171151e+02
3.196037208158763292e+02
3.206098190059352646e+02
3.222321404100356972e+02
3.240728691010461944e+02
3.245180495970161019e+02
3.239576258555720187e+02
3.215733594500729282e+02
3.201751105556293737e+02
3.187627379349789294e+02
3.185482201363427635e+02
3.187355758952951987e+02
3.191268443386828721e+02
3.187139841804875573e+02
3.178929133136240921e+02
3.176696094077004204e+02
3.186561711188890058e+02
3.210668395140290841e+02
3.232998378929584078e+02
3.251513514070289830e+02
3.262134862697263884e+02
3.268823093633603207e+02
3.271538478417779743e+02
3.284382301432098643e+02
3.299376062052631369e+02
3.312501072780431173e+02
3.327778861394380669e+02
3.333109961004422530e+02
3.306171677782243705e+02
3.291082502810347705e+02
3.271800507889241203e+02
3.264444957463875880e+02
3.267116118650375824e+02
3.277895069343815067e+02
3.280702090246276157e+02
3.287577868935633774e+02
3.288462493874382062e+02
3.283295448357965824e+02
3.284136816523194398e+02
3.289027087397171840e+02
3.293966754946635547e+02
3.300976520148112172e+02
3.304016687018295784e+02
3.296986552543727953e+02
3.308067224791647050e+02
3.333401237163276392e+02
3.358991148649780030e+02
3.390900150151294383e+02
3.408990050657870370e+02
3.388878839048354052e+02
3.388766504089245473e+02
3.384612630393177142e+02
3.378396596356741384e+02
3.378178380158326490e+02
3.379978161776087973e+02
3.375735516945541690e+02
3.369429815096514176e+02
3.385282641511628867e+02
3.407356203547100222e+02
3.435713336916268190e+02
3.458296299915414238e+02
3.464945757490319238e+02
3.471662381303350458e+02
3.470366041720557178e+02
3.454915193657131454e+02
3.433247670360736947e+02
3.425502697334071627e+02
3.415659290236443439e+02
3.409756858824686105e+02
3.413895816994640882e+02
3.430197794944077714e+02
3.432523025196035178e+02
3.434871742622256647e+02
3.439264386487130878e+02
3.445721602512254549e+02
3.458304649002286055e+02
3.473034998992199007e+02
3.500035352517373326e+02
3.521247830825636811e+02
3.530553364470335964e+02
3.529851883303371096e+02
3.529143316468037028e+02
3.526407390371763313e+02
3.513542818557338023e+02
3.512669513694279999e+02
3.515827791610382178e+02
3.531139183444828973e+02
3.540544629742248617e+02
3.535903666406314869e+02
3.535256228693246499e+02
3.536622453225499498e+02
3.540022680025757609e+02
3.543457252551275474e+02
3.526724497526537903e+02
3.497701512653073337e+02
3.466365164296033186e+02
3.442793095248517261e+02
3.431104136614671916e+02
3.419297107691577366e+02
3.409391017870283918e+02
3.399384866535637002e+02
3.375136228823880060e+02
3.350642655377652090e+02
3.336002682199651304e+02
3.321214830504701467e+02
3.318398818691613315e+02
3.315554362314758805e+02
3.326822588196733363e+02
3.344265240602749714e+02
3.351783071315912821e+02
3.361397041733251285e+02
3.361007112861871065e+02
3.348492033193809334e+02
3.339890942620008332e+02
3.349384790525253379e+02
3.367055343964906342e+02
3.384904387843336622e+02
3.404953927114482894e+02
3.417125178903524443e+02
3.425378968589420197e+02
3.433716129888301225e+02
3.421935484735660680e+02
3.418116651248134303e+02
3.406178435604173274e+02
3.390079227883008457e+02
3.375837603922225867e+02
3.369532933254777731e+02
3.363164579045231335e+02
3.344610685904272600e+02
3.329909783741692877e+02
3.298898771456252348e+02
3.267574516622481156e+02
3.250075269315634046e+02
3.236439665975388493e+02
3.234787541389280818e+02
3.237159132716438990e+02
3.245615285572164339e+02
3.260217460173900008e+02
3.256785313306971261e+02
3.253318498289868330e+02
3.243756058878662998e+02
3.230056625129956842e+02
3.228340025383798775e+02
3.222565682205858479e+02
3.206632002228142824e+02
3.200638386089030973e+02
3.196604430392964673e+02
3.180408515548450623e+02
3.166069207624697128e+02
3.149564856186561315e+02
3.124812986047026016e+02
3.111932309138411483e+02
3.104982130442841139e+02
3.097961747922055906e+02
3.088850250426323214e+02
3.081666919622549585e+02
3.082491838002575264e+02
3.083325088891486985e+02
3.084166756456048688e+02
3.089057329753580916e+02
3.093997302781397138e+02
3.101007376546871228e+02
3.083845834895822691e+02
3.084692762521041800e+02
3.077467436889938881e+02
3.072189330191856698e+02
3.068878111304904905e+02
3.061493041722128510e+02
3.047972769416291499e+02
3.048457342844737923e+02
3.059047821055286249e+02
3.071765475813418220e+02
3.086631793750929091e+02
3.085486660354474679e+02
3.088370363994423542e+02
3.087242791913553219e+02
3.094184638296525236e+02
3.095135998279316141e+02
3.104177776039716150e+02
3.113310884888600754e+02
3.126576651402620541e+02
3.137956213538008114e+02
3.145410316705055038e+02
3.144858905762689005e+02
3.146322127033013203e+02
3.151840532356578706e+02
3.141253062986436930e+02
3.134599053521654923e+02
3.127877831840057752e+02
3.121088719030362881e+02
3.124332039424605796e+02
3.119527312550106330e+02
3.130835669242533754e+02
3.146298655800537745e+02
3.143736015960145664e+02
3.131046480767822118e+02
3.118228768452345321e+02
3.111342190355908315e+02
3.106406252884757464e+02
3.099400255439143734e+02
3.092323490342570267e+02
3.087195444790480110e+02
3.082015600798463879e+02
3.076783435149961292e+02
3.069478217323187437e+02
3.054018401336553552e+02
3.040422627612685460e+02
3.026689522841094231e+02
3.012817699839491752e+02
2.998805757413625770e+02
2.986672482235983352e+02
2.978457052763616844e+02
2.980259649256174725e+02
2.976019847733514325e+02
2.969717017912639108e+02
2.967390927184489442e+02
2.965041340590392451e+02
2.956607414737774207e+02
2.954148903775522967e+02
2.939544347248003646e+02
2.938933684088889322e+02
2.942357256655442370e+02
2.941775006722667740e+02
2.943207077497649493e+02
2.940613209593585680e+02
2.946073949084433252e+02
2.959670655640841233e+02
2.961283490546303483e+02
2.966953020753844044e+02
2.972679818943271357e+02
2.960282645397240913e+02
2.947760247875997948e+02
2.920969947349495897e+02
2.904010047827772496e+02
2.890919240230078344e+02
2.873655798212199670e+02
2.866318988093129860e+02
2.856887866760739598e+02
2.851401885616912750e+02
2.845860490522132409e+02
2.836222717699123450e+02
2.832548199696083771e+02
2.824796161309172362e+02
2.823026425564821125e+02
2.819218611681636730e+02
2.809311728971353546e+02
2.819506796940760864e+02
2.835865451455316588e+02
2.858449950964970299e+02
2.869141364611076597e+02
2.867819560213208092e+02
2.868504606275969309e+02
2.861115763915119032e+02
2.857692690823349153e+02
2.858275445276110531e+02
2.870985298258699459e+02
2.881803331574445792e+02
2.896771041994389293e+02
2.907849537368070969e+02
2.923080340775826471e+02
2.946545798763461903e+02
2.958127069458045639e+02
2.971845524705094022e+02
2.983682348186961804e+02
2.985537725441377574e+02
2.977310833779166614e+02
2.964960438160777585e+02
2.964606503192704849e+02
2.968289397164347179e+02
2.972009492085196030e+02
2.975767163722420605e+02
2.979562791638808221e+02
2.985416961251327734e+02
2.977188849748810071e+02
2.970897828029102357e+02
2.956462452554652600e+02
2.933800457125906860e+02
2.918990360733237708e+02
2.895949859326500473e+02
2.878737231642934375e+02
2.871451749134273541e+02
2.872173483974019632e+02
2.862801498963655149e+02
2.853334847438034672e+02
2.845792775189931945e+02
2.838174520393869216e+02
2.818358101407951608e+02
2.798341516573688068e+02
2.778122744013826377e+02
2.773861357589719887e+02
2.783698340999721950e+02
2.791614485858303851e+02
2.801630793796269927e+02
2.809728074541679916e+02
2.811846539941094534e+02
2.816006606001101318e+02
2.814148086869801091e+02
2.802169784716971890e+02
2.790070489613102040e+02
2.787949989508186377e+02
2.785808070210289884e+02
2.787684919404331367e+02
2.789580726671044317e+02
2.789475481485904993e+02
2.789369173218087212e+02
2.777140579008165560e+02
2.768828867685014643e+02
2.758412997661631607e+02
2.774154543092553240e+02
2.788034892012682349e+02
2.798015042437048692e+02
2.814156608522275178e+02
2.826420816689167168e+02
2.810526077463808861e+02
2.792450583296778177e+02
2.778232912420987191e+02
2.773972638809073032e+02
2.763608726069777504e+02
2.743039117242195744e+02
2.706100118426461449e+02
2.686969816592382472e+02
2.669666481406446792e+02
2.658248971117624251e+02
2.660857546583455360e+02
2.661472269276216025e+02
2.662093201289106901e+02
2.672821415443545447e+02
2.687698399437924195e+02
2.704745858018105764e+02
2.721965513149601748e+02
2.735318700151113944e+02
2.744766363789003094e+02
2.754309458372731001e+02
2.757888341790638265e+02
2.751402365445087526e+02
2.752931682267766291e+02
2.754476446735118884e+02
2.756036814883957504e+02
2.759633146347432557e+02
2.732962774088314291e+02
2.720164418271024829e+02
2.705216584112147871e+02
2.696178367790047332e+02
2.687048856353583233e+02
2.691968541771300920e+02
2.700978325021513342e+02
2.691897298001530316e+02
2.690805351516693236e+02
2.707884193451204169e+02
2.706953730758794450e+02
2.716114879554333470e+02
2.729408969246799757e+02
2.740817140653338129e+02
2.734158727932664306e+02
2.733493664578451217e+02
2.734842085432777594e+02
2.724082914578560803e+02
2.713215065230868959e+02
2.712338449728153478e+02
2.701351969422376555e+02
2.700355524669065517e+02
2.689248004716229161e+02
2.678028287592154015e+02
2.658614431911267957e+02
2.641024678698248067e+02
2.621237049190149833e+02
2.607310150697119866e+02
2.593242576461733506e+02
2.577012703496700965e+02
2.562639094441116754e+02
2.554180903475872526e+02
2.551697882298862226e+02
2.559290790200871584e+02
2.554839182021083275e+02
2.542261800021292970e+02
2.535617979819488994e+02
2.526886848302514466e+02
2.516047321517691273e+02
2.505098304563324234e+02
2.475856873296287688e+02
2.466522094238674470e+02
2.467194034584521773e+02
2.473933368267193202e+02
2.476700371987061828e+02
2.465353911098041806e+02
2.453892839492970666e+02
2.424134181306035885e+02
2.390034526571753304e+02
2.369731845021973129e+02
2.365385702042396474e+02
2.369076466709487647e+02
2.362703501726753927e+02
2.362326769420963899e+02
2.361946231738350548e+02
2.365602254281163823e+02
2.365254802304206692e+02
2.346722022529500009e+02
2.334062649019701041e+02
2.323295605070402416e+02
2.298278388960002303e+02
2.277048877737376529e+02
2.267726139128660066e+02
2.244167817301678554e+02
2.220371532627958970e+02
2.188254073361572978e+02
2.167933407435931770e+02
2.161548896399932858e+02
2.157120097373667136e+02
2.138505148862291207e+02
2.101520352386153832e+02
2.066182174127428937e+02
2.046648660734776968e+02
2.034998647206843998e+02
2.027271360814994523e+02
2.025526627085850464e+02
2.037905683925102380e+02
2.034248165580912939e+02
2.034594106647385274e+02
2.036963744088270403e+02
2.027236105139664630e+02
2.029531419332994631e+02
2.011647898316158489e+02
2.003684745773896907e+02
2.001701763407976102e+02
1.999698750917147549e+02
1.989594697896108073e+02
1.995550199895057801e+02
2.007626464540464895e+02
2.019824711657035436e+02
2.022045163289936340e+02
2.024288043727208048e+02
2.018472771441625468e+02
2.010578557011741054e+02
1.992503592941152988e+02
1.976266255496113331e+02
1.943703288379911100e+02
1.914851806444355304e+02
1.897830107519551177e+02
1.882656674262172771e+02
1.871370378042599611e+02
1.859970078830910438e+02
1.844414221041323287e+02
1.822640627314467849e+02
1.814788512438856856e+02
1.812917689332177531e+02
1.813048171042603087e+02
1.801058758628892065e+02
1.799049251140295382e+02
1.799039647616459945e+02
1.803070351127736899e+02
1.795020556694682625e+02
1.790929855247155160e+02
1.778717025502176625e+02
1.750219217678966857e+02
1.729514361291887212e+02
1.712640768981704014e+02
1.707717948466367943e+02
1.678502978248856436e+02
1.655053513382684116e+02
1.639447993315840506e+02
1.645907063955395699e+02
1.652431377732722240e+02
1.659021593669415608e+02
1.649516761282238235e+02
1.637895718466906771e+02
1.609995675219097961e+02
1.577773409312220849e+02
1.535124655870930326e+02
1.498105713000940113e+02
1.476874457576706732e+02
1.463509553107784598e+02
1.454050053644226921e+02
1.448535407721441004e+02
1.426803442142868903e+02
1.414952971861484343e+02
1.398942395819681792e+02
1.384790298807759257e+02
1.368475049300766955e+02
1.358055605354310842e+02
1.345510712479102153e+02
1.322738093413234424e+02
1.297715245871954153e+02
1.262338632193891925e+02
1.248826901205951572e+02
1.233158486066617314e+02
1.225412612188502237e+02
1.213548093119699587e+02
1.211664740524949195e+02
1.215822970227222157e+02
1.220023202249719105e+02
1.220225456817898504e+02
1.216389350321108793e+02
1.210494293253645139e+02
1.194438680054186932e+02
1.182261292984027250e+02
1.171981104024269342e+02
1.169677882852797239e+02
1.173412002881614455e+02
1.179204043314762487e+02
1.162832366984607972e+02
1.146295320186472679e+02
1.113429616349972093e+02
1.084272339747446523e+02
1.062901353280249594e+02
1.047375104323484436e+02
1.025631418508569794e+02
1.021849917685424032e+02
1.024090825944872734e+02
1.008172551459468025e+02
9.920934863226943889e+01
9.637307942653481518e+01
9.350816103690385717e+01
9.101834448172101588e+01
8.890741866840509999e+01
8.697719057414653321e+01
8.502746522641066917e+01
8.245198507718251335e+01
8.045655058301264262e+01
7.884500058890159835e+01
7.640909150394102767e+01
7.374655707468789956e+01
6.984500714614941330e+01
6.590404762237315595e+01
6.273136123472036019e+01
5.972864771183874666e+01
5.669560374933206504e+01
5.363192297912329565e+01
5.094133634254881571e+01
4.741549125509980911e+01
4.405605177282807716e+01
4.248086037659400915e+01
4.169783876423637992e+01
4.050286743862259442e+01
3.929582569557838667e+01
3.787457140967511293e+01
3.563088021179306963e+01
3.114230324423540353e+01
2.701242751942969633e+01
2.304285608023202059e+01
1.943722836387072661e+01
1.579518016552599136e+01
1.130826279346059771e+01
9.200265447940001451e+00
7.677035805999999241e+00
5.532359399999999816e+00
3.770059999999999523e+00
2.394000000000000128e+00
5.999999999999999778e-01
