1.235459753111253605e+02
1.239858336476012965e+02
1.240260945935369534e+02
1.238647420136733643e+02
1.245098404178519047e+02
1.243533741594463606e+02
1.245993678378242748e+02
1.248478463008326287e+02
1.248968144452858269e+02
1.249462772174606471e+02
1.251982598156164812e+02
1.254527876925418468e+02
1.257098865581229319e+02
1.265756429880032812e+02
1.266420636242454094e+02
1.269111753780259306e+02
1.265769448262885817e+02
1.258352978043319581e+02
1.248841391962948535e+02
1.243274133295913515e+02
1.245731447773647176e+02
1.248213583609745001e+02
1.250720791524993274e+02
1.243152314671711309e+02
1.237527590577486052e+02
1.231846051088371041e+02
1.238228334432697721e+02
1.236594277204743264e+02
1.238984118388631259e+02
1.237357695342052750e+02
1.239755247820253317e+02
1.242177018000256794e+02
1.240582846464905771e+02
1.240992774206973479e+02
1.239386640613106891e+02
1.239784485467784236e+02
1.244226752997765288e+02
1.250734093937131064e+02
1.251246559532456075e+02
1.239642989426722863e+02
1.238023221643156404e+02
1.242447698629451622e+02
1.252977473363081060e+02
1.253512599356648423e+02
1.258093534703684782e+02
1.246559125963318593e+02
1.238948612084158896e+02
1.237321830388039672e+02
1.237698818573778681e+02
1.240099816741189898e+02
1.248585673475953115e+02
1.238975427753483416e+02
1.237348916922711197e+02
1.235705976689606302e+02
1.223945430999603161e+02
1.224187304040005273e+02
1.230492226303031202e+02
1.228780026568718569e+02
1.229070733907800559e+02
1.235424983745251950e+02
1.237803013884091285e+02
1.236164660488981752e+02
1.234509758069675200e+02
1.236878543504728469e+02
1.241291458085583770e+02
1.237668139480386316e+02
1.231988019677160935e+02
1.232311130987028776e+02
1.230617304027299781e+02
1.236987175785152857e+02
1.239380985641568031e+02
1.237758571355119130e+02
1.238139971065777019e+02
1.242565627339169652e+02
1.242995583170877865e+02
1.247470286031187072e+02
1.249969985890089390e+02
1.254515137262718127e+02
1.263146603295679569e+02
1.259744043733006293e+02
1.260347518922228858e+02
1.264997493860835931e+02
1.271714640263469676e+02
1.270418828548960448e+02
1.265069523786826267e+02
1.271787397764474292e+02
1.272512522994416884e+02
1.273244972721632422e+02
1.276005022951145094e+02
1.274752548435496635e+02
1.279548028722724951e+02
1.280351544164369102e+02
1.279142973903400673e+02
1.288023205963031614e+02
1.288912329255590805e+02
1.289810433591503909e+02
1.296778215748995535e+02
1.301796177524237237e+02
1.308885027802261618e+02
1.312005078588142055e+02
1.309096038977919534e+02
1.310198019169615691e+02
1.309290928454157665e+02
1.314435281266823381e+02
1.317611395219016401e+02
1.318799389110118341e+02
1.324039786979919029e+02
1.319232108060521398e+02
1.308315260667195048e+02
1.301328546128477797e+02
1.294271258715634190e+02
1.297243695672361525e+02
1.302266359265011033e+02
1.311380160873746945e+02
1.296343596842168040e+02
1.289235956406227217e+02
1.282056521622453715e+02
1.272784365275206682e+02
1.259378146742635209e+02
1.249876915901650563e+02
1.250380723132982013e+02
1.254930023366650573e+02
1.253464670067319560e+02
1.260065323300322433e+02
1.264712447778104689e+02
1.263345906846569449e+02
1.266005966511686154e+02
1.270713097486554517e+02
1.273447573218738142e+02
1.274189467897715531e+02
1.276959058482545117e+02
1.277736422709641602e+02
1.272461033040039808e+02
1.271172760646505111e+02
1.277952283481319711e+02
1.278739680284160443e+02
1.277514828569858309e+02
1.282338210676627455e+02
1.281149707754165661e+02
1.286009805812287539e+02
1.282838187689180245e+02
1.275594128978969763e+02
1.278377908059565016e+02
1.281189806120773085e+02
1.284030107192700711e+02
1.288919300194649225e+02
1.281736666863279197e+02
1.276501683700283394e+02
1.263133013838669001e+02
1.259730317008759073e+02
1.260333653544203969e+02
1.262963286408280226e+02
1.257538673139680441e+02
1.258119871858259842e+02
1.260727143291173888e+02
1.265380952819367195e+02
1.268061568504409422e+02
1.270769261115568014e+02
1.275524506177341948e+02
1.272246975936706406e+02
1.258835329229000592e+02
1.251348817403029443e+02
1.245806886265685591e+02
1.236168571985540865e+02
1.236533911096504710e+02
1.236902940501523460e+02
1.237275697476284506e+02
1.235632017652808656e+02
1.242052543083647578e+02
1.242477316246111059e+02
1.253007390147583919e+02
1.247482212270289494e+02
1.256042638656856525e+02
1.244487513794806830e+02
1.238876276560411469e+02
1.241289168242839480e+02
1.243726432568525126e+02
1.242147911685376158e+02
1.238533244126643211e+02
1.238922468814791671e+02
1.239315625065445801e+02
1.243753156631764085e+02
1.246215309729053899e+02
1.250722535079851241e+02
1.255275287959447041e+02
1.255833624201462300e+02
1.254377398183293764e+02
1.252906462811407948e+02
1.249400467486267843e+02
1.249899462107345727e+02
1.254443901118530249e+02
1.254993839513668235e+02
1.261609938902692676e+02
1.264252463538073954e+02
1.266921680341489065e+02
1.269617858930800622e+02
1.262240261546257472e+02
1.254788142976017582e+02
1.255341558561635082e+02
1.259940968244077055e+02
1.262566634589973802e+02
1.261178418777753194e+02
1.265836786644199776e+02
1.264481602670904010e+02
1.271193538051416283e+02
1.277973270759010092e+02
1.276740677534352528e+02
1.273475431852878330e+02
1.272197405912003632e+02
1.274946874658591014e+02
1.279744317836955645e+02
1.286610422057532617e+02
1.289505476825791561e+02
1.292429774571502037e+02
1.293363408658086655e+02
1.292286271371805810e+02
1.295238657951315417e+02
1.300241068637690489e+02
1.299233402664336836e+02
1.298215558246802459e+02
1.303248038633134627e+02
1.288129331952661971e+02
1.289019527224912451e+02
1.291938916388801033e+02
1.290847390291718284e+02
1.293785242718907398e+02
1.292712366382734785e+02
1.293648854932054633e+02
1.298635207002073173e+02
1.301651724244516686e+02
1.306718913378302318e+02
1.313857488260912874e+02
1.304906553798901427e+02
1.303946013938285944e+02
1.309036377715439698e+02
1.306097351227715535e+02
1.307169041644161780e+02
1.310271759236527487e+02
1.313405817410631755e+02
1.310510926677402495e+02
1.309606996643843786e+02
1.310714138024085003e+02
1.313852664670790489e+02
1.312982489566454944e+02
1.306042918753993263e+02
1.303073655307065337e+02
1.306135005360670505e+02
1.311247480162296029e+02
1.316411596123527943e+02
1.325668278912658025e+02
1.314816443346116444e+02
1.307895397319311428e+02
1.313025653857888528e+02
1.318207731169584918e+02
1.319401748656148072e+02
1.314547220864796486e+02
1.305603253398782613e+02
1.294548740806853289e+02
1.291463374552376990e+02
1.292387247022601287e+02
1.287259845477375393e+02
1.282080651997349037e+02
1.284929951512472712e+02
1.283767627790374490e+02
1.288654169485228635e+02
1.281468858065887275e+02
1.278251371783726427e+02
1.272981183619921239e+02
1.259576953151438659e+02
1.264219144597414299e+02
1.250726408684255091e+02
1.247198392610361850e+02
1.253735750111474943e+02
1.254278535466139601e+02
1.252806601480946256e+02
1.255360203516107021e+02
1.257939599511216500e+02
1.266605656071938029e+02
1.267278440476706436e+02
1.257857010582528545e+02
1.258441424830839850e+02
1.259031742253374944e+02
1.259628022478156453e+02
1.268311133816319227e+02
1.258900135168000105e+02
1.253434479967674804e+02
1.245893414108763437e+02
1.244336781928044076e+02
1.246804830230343839e+02
1.249297808313478129e+02
1.251815967993414631e+02
1.248298957569105596e+02
1.248786825827379516e+02
1.253320026088262722e+02
1.253858612210364356e+02
1.258443042636730240e+02
1.252972770340132627e+02
1.257548252868821947e+02
1.258129548352346774e+02
1.260736917527624001e+02
1.265390825785481894e+02
1.268071541197451069e+02
1.266738930502478269e+02
1.267413061113611974e+02
1.274154607185468393e+02
1.276923845641886572e+02
1.279721056203926111e+02
1.284566723438310021e+02
1.279360326705360649e+02
1.276121542126626736e+02
1.282951052653158399e+02
1.273687931972889800e+02
1.266351446437261927e+02
1.267021663067942683e+02
1.267698649563576225e+02
1.270402676326844329e+02
1.279194622552368799e+02
1.279994568234714052e+02
1.282822796196682020e+02
1.273558379996650700e+02
1.278341797976412835e+02
1.287213937349911248e+02
1.290115088232234939e+02
1.291025341648723952e+02
1.285884183483555319e+02
1.282711296448037785e+02
1.283546764088927432e+02
1.280350266756489930e+02
1.283182087632816888e+02
1.284022310740223816e+02
1.288911424990124885e+02
1.287789318171844286e+02
1.286655876941253496e+02
1.287531188829547659e+02
1.280334534171263385e+02
1.285186398152791583e+02
1.284026664800798301e+02
1.286895621010910986e+02
1.283732950516066751e+02
1.278518131834411804e+02
1.281331446297383820e+02
1.278112572017560922e+02
1.266780375775313843e+02
1.257353914924561025e+02
1.257933247398544836e+02
1.268619441816714044e+02
1.271332769511832339e+02
1.268012898496801029e+02
1.276780705552324235e+02
1.275536066214467894e+02
1.278319258802494858e+02
1.281130564446963263e+02
1.283970267118143340e+02
1.286838653654693303e+02
1.293776417833018400e+02
1.296743856396992101e+02
1.287620056966657103e+02
1.278404097946119720e+02
1.279196058531430680e+02
1.279996018718616568e+02
1.280804059311735443e+02
1.285660665971451522e+02
1.290566329264090655e+02
1.291481140670798311e+02
1.282304182495758482e+02
1.279095133834096316e+02
1.279894074579898415e+02
1.284741489474644141e+02
1.283577262095599281e+02
1.286441678884444002e+02
1.287314827156005208e+02
1.288196795107075445e+02
1.287067469805126620e+02
1.289967141217298945e+02
1.286835496179091365e+02
1.289732824423323336e+02
1.294679620629621013e+02
1.301696586494565508e+02
1.300703622721783290e+02
1.289599618910891934e+02
1.284444059505950690e+02
1.291357635864596602e+02
1.296320844307672928e+02
1.299313984149166004e+02
1.298296953686024153e+02
1.299289852208105458e+02
1.304333184048592500e+02
1.309427458634942241e+02
1.314573190540344854e+02
1.317750697515498359e+02
1.308839088399493562e+02
1.307918271110600301e+02
1.306988152636967584e+02
1.302008234986837181e+02
1.309099227259435452e+02
1.312221441676196605e+02
1.301233779470904608e+02
1.296195736839295307e+02
1.291106804888176782e+02
1.281926065543614754e+02
1.282753601559207368e+02
1.281569294504252525e+02
1.290474034852774707e+02
1.287347509952301152e+02
1.290250010052829452e+02
1.293181828336190335e+02
1.292102856905244721e+02
1.293033188793173736e+02
1.298013322013311495e+02
1.294962951528594317e+02
1.301982779321811279e+02
1.307053312446275868e+02
1.314195265097244203e+02
1.317368954643684731e+02
1.314514095599679706e+02
1.319711207676446634e+02
1.322940613814593291e+02
1.322162236176358761e+02
1.323396198157938386e+02
1.328683028442357852e+02
1.336043463073090152e+02
1.339437841487968797e+02
1.340846304533300213e+02
1.336208388417474282e+02
1.339604432744923486e+02
1.345054982570630386e+02
1.338439376333971609e+02
1.331756945791891553e+02
1.322986813931200345e+02
1.310087690839599190e+02
1.309179485696565735e+02
1.308262106764203168e+02
1.307335461377985837e+02
1.320540870078772855e+02
1.319738252604821866e+02
1.322967931924062270e+02
1.328250436286932086e+02
1.335606501299933200e+02
1.345057072020131557e+02
1.344502092949624341e+02
1.352022316110738132e+02
1.357598299101752559e+02
1.361210403133084696e+02
1.358798387003116375e+02
1.364442815154662298e+02
1.370144257731985249e+02
1.369842684577760110e+02
1.371558267250260315e+02
1.365210370959860597e+02
1.364858960565518942e+02
1.364504000571225504e+02
1.362125253102249474e+02
1.367803285961870188e+02
1.367478066628154068e+02
1.373210168311264852e+02
1.379000170011376554e+02
1.370707242435733519e+02
1.356269941854275487e+02
1.351787820054826170e+02
1.355341232378612517e+02
1.356910335735971955e+02
1.360515490642396230e+02
1.362136859234743156e+02
1.361754403267417217e+02
1.365408488148906088e+02
1.369099482978695619e+02
1.368787356544133331e+02
1.374532683377909166e+02
1.380336043816074891e+02
1.386198024056640747e+02
1.388078812178425778e+02
1.389978598160023182e+02
1.383816765818207557e+02
1.375572490725462558e+02
1.369265142146930998e+02
1.377035497118112630e+02
1.380843936482943946e+02
1.390751450992872265e+02
1.392678233326132045e+02
1.394624478107202776e+02
1.398610583946673103e+02
1.392535943380472361e+02
1.390440346848966442e+02
1.392363986716125623e+02
1.400367663349621239e+02
1.404411781161235524e+02
1.404456344607307869e+02
1.404501358189199607e+02
1.406567028473938876e+02
1.408653564115090262e+02
1.408740973853626031e+02
1.408829266518813768e+02
1.398817440928095834e+02
1.390724687806156794e+02
1.382550189703190995e+02
1.378333524952718108e+02
1.376094469649208065e+02
1.365751989544654066e+02
1.371466656105714605e+02
1.375218844551226027e+02
1.385069539950730757e+02
1.378858121162359964e+02
1.376624364810461145e+02
1.376388247283293254e+02
1.370089138669993361e+02
1.369787008757570561e+02
1.373522231068253348e+02
1.379315384917426286e+02
1.381126651431742971e+02
1.386996617607821349e+02
1.392925876371537868e+02
1.396894824617715187e+02
1.398883661230016457e+02
1.398872385080822482e+02
1.396840793010930781e+02
1.392768477788818871e+02
1.386634826049310618e+02
1.372358410150821726e+02
1.370059000152343742e+02
1.361675757729642555e+02
1.357248240130948318e+02
1.348735596091870264e+02
1.336096561708960735e+02
1.329390466372685182e+02
1.322616632699683237e+02
1.311733972423924683e+02
1.314882800428206906e+02
1.316043232755762631e+02
1.321255790662385436e+02
1.320460394608467709e+02
1.309555954149970205e+02
1.302581771868653391e+02
1.293516941281470736e+02
1.292441354829769864e+02
1.293375105888653422e+02
1.292298086756216549e+02
1.293230390662844798e+02
1.296192313800852958e+02
1.295143751313993903e+02
1.300145203347469192e+02
1.303176973078252274e+02
1.302198962705303984e+02
1.305251477480106814e+02
1.310355027757681796e+02
1.311469725007758313e+02
1.304514873745214913e+02
1.303550377520414258e+02
1.306616542949915925e+02
1.313754083787793547e+02
1.314903114937164901e+02
1.314043550441579384e+02
1.313175303476344880e+02
1.314318488359943444e+02
1.315473220565597501e+02
1.318659818753131958e+02
1.319858402780941731e+02
1.319048891697920283e+02
1.312170597674667079e+02
1.311283431994614546e+02
1.308367103024861535e+02
1.295320306085717732e+02
1.290222531399714967e+02
1.272952051918904743e+02
1.261567729211015632e+02
1.264209827485874769e+02
1.258797805541287005e+02
1.265452328829581319e+02
1.266113463464224651e+02
1.258700468145681555e+02
1.249192392066344581e+02
1.245648880875096864e+02
1.238029172601108314e+02
1.224271891516269477e+02
1.224517062137647088e+02
1.220724305189540217e+02
1.216893237565193431e+02
1.208983068247670190e+02
1.209073806310778565e+02
1.211185662940180663e+02
1.215339053474928335e+02
1.221554599469625373e+02
1.223792524716795640e+02
1.222012651229085094e+02
1.220214799221298563e+02
1.224459393152828568e+02
1.222686255709925547e+02
1.208773995666590082e+02
1.210882823905647854e+02
1.213012953440048989e+02
1.215164599434392159e+02
1.215317777206456640e+02
1.221533108289351048e+02
1.223770816453888699e+02
1.224010925710999089e+02
1.224253460314140227e+02
1.220458040721355530e+02
1.222684889617532633e+02
1.228974635977301375e+02
1.231287511088185909e+02
1.235643950594122344e+02
1.238024192519319797e+02
1.242448679312440589e+02
1.244897655871153574e+02
1.247371369566825763e+02
1.247849868249316216e+02
1.246312998231631326e+02
1.250821210334981970e+02
1.253354757914123354e+02
1.255913896882951377e+02
1.264559491800962832e+02
1.271272213940367948e+02
1.267951731252893239e+02
1.254496698235248715e+02
1.240905755793180987e+02
1.235258339185032099e+02
1.233594282005080913e+02
1.231913416166750324e+02
1.234255975926008944e+02
1.230561591844453631e+02
1.232890496812579642e+02
1.235242926073311054e+02
1.237619117245770184e+02
1.240019310349263435e+02
1.246484151867941819e+02
1.234832476634281591e+02
1.235184319832610527e+02
1.229479110942031639e+02
1.213615263577808037e+02
1.207692185432129861e+02
1.195648672153668315e+02
1.185503709246127357e+02
1.189397686107198240e+02
1.187270390007272454e+02
1.191182212128558859e+02
1.187052739523797129e+02
1.178841151034137908e+02
1.180647627307210143e+02
1.184492552835565391e+02
1.190396518015719494e+02
1.190299513147192840e+02
1.194241932471913259e+02
1.192163568153448097e+02
1.188044008235804796e+02
1.193983846702836189e+02
1.195943279497811744e+02
1.197922504543245878e+02
1.197901519740651111e+02
1.193839918929949988e+02
1.199838301949443746e+02
1.201856870656005185e+02
1.203895828945461943e+02
1.207975584793393011e+02
1.201995540195345740e+02
1.204035899187218490e+02
1.208117069886080515e+02
1.204158656450585738e+02
1.198140057020793421e+02
1.196101067697770475e+02
1.198081886563404908e+02
1.202102915720612089e+02
1.200103955273344809e+02
1.202125207346814761e+02
1.202146674087690172e+02
1.214289569785543961e+02
1.216454110894488849e+02
1.222680920095446737e+02
1.224930222318632076e+02
1.219121436685485804e+02
1.215274178470187110e+02
1.213408261080998471e+02
1.203442687960605042e+02
1.199437058546065629e+02
1.203471776309155814e+02
1.207547248797127821e+02
1.209643685653665273e+02
1.209741096619861338e+02
1.209839491535215501e+02
1.213979284379006032e+02
1.216140691291925151e+02
1.220344132618104567e+02
1.218529426886975955e+02
1.222756996855530787e+02
1.229047471571243051e+02
1.225300476334589632e+02
1.227576238721806021e+02
1.229874988607885626e+02
1.232196958189782663e+02
1.236562584030084508e+02
1.234911701040490897e+02
1.233244142465141095e+02
1.237620345924384822e+02
1.248101359519581308e+02
1.250607433858159254e+02
1.238997407937536366e+02
1.225249907007613501e+02
1.227525158593549577e+02
1.225782988478330964e+02
1.234124230786194119e+02
1.234468919986054942e+02
1.238857494935407715e+02
1.239249994884251294e+02
1.241666661499245663e+02
1.246127940908326366e+02
1.236492869604368252e+02
1.240901888489262603e+02
1.231214028777035736e+02
1.229509119976802651e+02
1.227786989875556003e+02
1.222007060480360394e+02
1.218188949980162050e+02
1.224433282808246020e+02
1.224680083644691848e+02
1.228969781459285997e+02
1.237343213595237046e+02
1.231659811712360835e+02
1.233999809810465393e+02
1.238383646273196490e+02
1.236751157851715277e+02
1.241162785708800982e+02
1.247639177483638662e+02
1.246100179276403708e+02
1.250606241693334653e+02
1.257178021912461361e+02
1.261795981729758012e+02
1.266460587605817238e+02
1.267131906672540680e+02
1.267810006739941855e+02
1.276575764383780580e+02
1.271288650892703771e+02
1.259887526154249144e+02
1.266553056721463975e+02
1.269245511839860399e+02
1.273985365494808093e+02
1.280793298479604516e+02
1.283629594423846925e+02
1.282454135781659090e+02
1.283287005840059862e+02
1.286148490747537494e+02
1.289038879542966356e+02
1.295998868225218814e+02
1.298988755783050237e+02
1.304029046245505299e+02
1.313160652773235881e+02
1.312283487649734752e+02
1.315437866312861956e+02
1.324684713447337003e+02
1.323923952977107774e+02
1.331236316138492271e+02
1.336602339533828854e+02
1.327881151044273906e+02
1.321092071761893010e+02
1.320295021981708885e+02
1.329590931294655434e+02
1.330899930600662913e+02
1.332222152121879901e+02
1.333557729416041582e+02
1.338947201430345046e+02
1.336310304475094597e+02
1.343747782298077027e+02
1.347219982119268309e+02
1.354767658706333009e+02
1.362391574450841460e+02
1.372112701465497651e+02
1.363750203500501641e+02
1.367424447980303626e+02
1.361034795939702633e+02
1.362661410040103931e+02
1.364304454585963242e+02
1.365964095541375229e+02
1.367640500546843896e+02
1.367313636916005066e+02
1.369003673652528619e+02
1.372730983487404330e+02
1.378516144936771184e+02
1.382339540340173585e+02
1.392262161959772584e+02
1.384103193898760651e+02
1.375861812018948740e+02
1.375617991938330533e+02
1.379412113069019767e+02
1.383244558655575531e+02
1.391156119854117037e+02
1.391066787731431305e+02
1.392996755284274286e+02
1.390905813418458479e+02
1.390813952947940493e+02
1.384660558533270773e+02
1.372384402558861041e+02
1.368065053089756589e+02
1.357641467767431607e+02
1.353173199765084291e+02
1.352700201782912757e+02
1.358283032103951768e+02
1.361902052630254616e+02
1.359497022858842570e+02
1.342926285716004315e+02
1.322147763349498462e+02
1.289038144797472398e+02
1.265695095755024511e+02
1.256257672479822247e+02
1.238644113615981013e+02
1.220852640016144051e+02
1.210962262642567993e+02
1.202992184487441847e+02
1.190901196451963386e+02
1.184748683284809943e+02
1.172473417459404743e+02
1.170175169150913490e+02
1.159772898132235071e+02
1.165427169830541345e+02
1.169118353364183633e+02
1.174867023600185547e+02
1.180673761212307937e+02
1.184518950719503607e+02
1.178301970423740812e+02
1.178082798407819638e+02
1.183922018593757031e+02
1.183759614741169344e+02
1.183595570445624361e+02
1.173328859035984379e+02
1.166998847511095647e+02
1.168685704556661022e+02
1.160288590461275078e+02
1.159887465112398104e+02
1.165542894052927352e+02
1.169235246518109363e+02
1.170944693452636329e+02
1.166610801467309386e+02
1.150111920674049344e+02
1.137486788559646840e+02
1.130794735918834988e+02
1.130095692847308584e+02
1.135450194795259620e+02
1.126717368480060912e+02
1.121936735838446566e+02
1.121148218018632576e+02
1.128432543453163106e+02
1.127709639851681231e+02
1.124959232173415842e+02
1.128241648660014533e+02
1.131557220868702132e+02
1.132886081685557258e+02
1.124127355237935717e+02
1.109219550745391132e+02
1.100221768429687899e+02
1.093153301444128402e+02
1.083993233781948931e+02
1.082821448264595148e+02
1.081637826529893402e+02
1.088523057100902349e+02
1.079316219293840504e+02
1.072036585145295078e+02
1.060643015298275742e+02
1.059235368988158115e+02
1.059833706048644189e+02
1.062458288938025106e+02
1.055008372664672152e+02
1.047483204711789710e+02
1.045942631022008555e+02
1.036305687901019894e+02
1.028591603940423909e+02
1.022819801960024790e+02
1.019009900969721087e+02
1.027282728252244226e+02
1.015437099244690273e+02
1.013572827519889330e+02
1.013709926787767017e+02
1.011828208876532358e+02
1.011947685733870657e+02
1.001967359327142333e+02
9.939064235627701294e+01
9.877842662250202466e+01
9.917012790151724744e+01
9.815164434496686852e+01
9.712287307572407258e+01
9.648775058153952955e+01
9.443207129448434500e+01
9.235562757018625746e+01
9.106629047493552775e+01
9.016797017670266712e+01
9.006865674414403600e+01
9.017036034762023178e+01
9.007107105820230686e+01
8.875865763454780222e+01
8.844308851974520280e+01
8.852837224216685286e+01
8.821047701228978610e+01
8.788937071948461721e+01
8.796906133281275686e+01
8.825157710385124687e+01
8.772886576146596838e+01
8.800895531461205223e+01
8.829187405516373133e+01
8.837563035875116668e+01
8.785417207954660057e+01
8.631734553489562245e+01
8.537105609585418620e+01
8.421318797561026770e+01
8.304362421778819225e+01
8.226628708867490047e+01
8.168311827138875003e+01
8.190213966806946644e+01
8.070923198794896791e+01
7.990831513934233499e+01
7.909930822155794772e+01
7.909021032480603708e+01
7.867698012606675206e+01
7.785553548087543163e+01
7.783387422310651971e+01
7.781199416475405428e+01
7.778989309571105082e+01
7.655544757142544654e+01
7.611661370851055608e+01
7.587536738233382039e+01
7.603572462862001657e+01
7.619770164507076515e+01
7.575525418694006419e+01
7.591439816862633450e+01
7.425696784709735709e+01
7.359289681524987259e+01
7.373019880328270403e+01
7.326282707402290839e+01
7.339679502426551494e+01
7.252201517602583181e+01
7.103233856164219162e+01
6.993165511276997393e+01
6.962793445734335762e+01
6.911912571448826270e+01
6.779709668130126943e+01
6.605767341545575277e+01
6.470472062167252147e+01
6.414618244613389209e+01
6.317796206680187510e+01
6.321006269373926756e+01
6.243440676135281819e+01
6.165091592055836145e+01
6.126355143490744837e+01
6.127631458071459747e+01
6.048112583910567253e+01
5.987992509000573449e+01
5.947467180808655485e+01
5.886330485665314427e+01
5.844778268348797923e+01
5.762402291261412302e+01
5.719598274001427995e+01
5.676361892930735564e+01
5.612486760536094010e+01
5.426754303571816251e+01
5.259347781385671539e+01
5.150856344834009093e+01
5.081673075589910127e+01
5.011790985444353907e+01
4.961405035802374641e+01
4.930712157376139260e+01
4.879507229672866231e+01
4.868189120881686449e+01
4.856756687759273916e+01
4.784602714908358934e+01
4.671315873644807226e+01
4.617490781459400750e+01
4.522717961070102177e+01
4.467391879868789317e+01
4.391304929160394011e+01
4.395257504202416499e+01
4.338643943638805212e+01
4.301660549130106403e+01
4.244101564777885471e+01
4.185961176543319340e+01
4.147435531861936653e+01
4.108520739254480247e+01
3.927798726519679207e+01
3.745251238908764435e+01
3.581061857483602751e+01
3.496022078266263122e+01
3.410123311380065303e+01
3.303154859979863289e+01
3.255711979777638021e+01
3.187587858361251136e+01
3.159179654910353818e+01
2.989070358495306934e+01
2.756636725752836270e+01
2.562259318942259512e+01
2.487130625194200917e+01
2.411243055751719311e+01
2.334588945203756438e+01
2.196554490104804103e+01
1.996519686974550467e+01
1.814666350479344459e+01
1.691582172201357892e+01
1.607658759799351600e+01
1.502685615958940879e+01
1.457258197938323896e+01
1.411371917109418384e+01
1.183203956676179835e+01
1.073943390582000035e+01
9.029731217999998449e+00
6.696698200000000156e+00
5.148179999999999978e+00
3.382000000000000117e+00
1.800000000000000044e+00
