1.667002046018592978e+02
1.674547521230906284e+02
1.683785374980709548e+02
1.690288257556278495e+02
1.696048745006343097e+02
1.698635095966000108e+02
1.703267773703027785e+02
1.705118963336400384e+02
1.706180771046867051e+02
1.706445223279657171e+02
1.707520427555205345e+02
1.706586290459804900e+02
1.708066960060402835e+02
1.710774707131726302e+02
1.709469401143154528e+02
1.708958991053694376e+02
1.706423223286558652e+02
1.705073962915716379e+02
1.707751477692643789e+02
1.710860078477426498e+02
1.712787958058000015e+02
1.717563593997986402e+02
1.719559185856547003e+02
1.721574935208633121e+02
1.724823166877405640e+02
1.727296128159002251e+02
1.729390028443440599e+02
1.730292958023670451e+02
1.733629250528964008e+02
1.734575000534308629e+02
1.731085859125568049e+02
1.729177635480374988e+02
1.729674379273095894e+02
1.729368059871816854e+02
1.732290969567489185e+02
1.733223201583327580e+02
1.735376971296280431e+02
1.737148455854825784e+02
1.739745915004878896e+02
1.736309005055427122e+02
1.738897984904482996e+02
1.738280792832810846e+02
1.736445245285659951e+02
1.732974995238043903e+02
1.732702015391965062e+02
1.731214156961580670e+02
1.732135512082414550e+02
1.732258093012533493e+02
1.738038477790442187e+02
1.739836846252963483e+02
1.740037218437339845e+02
1.746704261047819386e+02
1.756266930351329165e+02
1.759865586213468589e+02
1.762288470922704846e+02
1.766351990831009857e+02
1.771264637203038035e+02
1.774206704245503374e+02
1.777986569944941948e+02
1.786653100954486320e+02
1.792174849448974499e+02
1.794520049948462486e+02
1.791636414089351490e+02
1.788723650595317167e+02
1.786589546055876383e+02
1.784837925308963520e+02
1.787513055867635785e+02
1.788599046330953968e+02
1.788887925586823542e+02
1.784735278370516482e+02
1.783368968051028673e+02
1.785625220253563725e+02
1.789116384094502905e+02
1.795067054640913682e+02
1.799461671354472116e+02
1.804708758943903604e+02
1.808796726205949312e+02
1.813330026470670475e+02
1.814676794414829430e+02
1.815633125671533605e+02
1.812558712799527427e+02
1.808645164443973101e+02
1.803884004488855624e+02
1.801094954029154280e+02
1.791813084877937570e+02
1.790518267553465819e+02
1.790422492478247705e+02
1.782648982301261640e+02
1.776413113435615401e+02
1.769306175187498127e+02
1.761723409280297403e+02
1.754872130586160210e+02
1.750375889480954470e+02
1.742601908566634563e+02
1.738385766228921909e+02
1.729682592150408880e+02
1.718871305202445967e+02
1.712799298184292525e+02
1.702625553721509277e+02
1.702046013860103244e+02
1.702672741272833434e+02
1.702497718457405824e+02
1.705149210563050701e+02
1.710655768245501633e+02
1.713389664894446014e+02
1.723019863529743816e+02
1.727090771242160940e+02
1.733223001254710880e+02
1.736588890156277216e+02
1.738372616319462622e+02
1.738154157898452468e+02
1.738741573634796396e+02
1.738526842055352688e+02
1.731441254601354274e+02
1.724284095556931788e+02
1.722307167229225797e+02
1.723138552756797424e+02
1.726402578542225115e+02
1.724043008628503628e+02
1.716811119826769243e+02
1.715162747299771979e+02
1.712689643737141125e+02
1.710595599734481311e+02
1.713732929024732812e+02
1.717305988913875012e+02
1.723339382741287125e+02
1.731049881556857883e+02
1.739646345006915453e+02
1.740248833340320687e+02
1.744089730646793441e+02
1.749585586511913675e+02
1.752712713648398619e+02
1.757891629947880574e+02
1.749385484795835453e+02
1.745641903834179232e+02
1.742264549327439909e+02
1.742085403361058979e+02
1.743520609455619592e+02
1.748202635813760253e+02
1.754144076579559908e+02
1.763781895534897615e+02
1.773113025792828523e+02
1.777285884639216249e+02
1.782713014787092050e+02
1.779306075542516794e+02
1.778288965194468858e+02
1.779685823428743845e+02
1.778672548917936354e+02
1.776840958502952219e+02
1.778223190407027232e+02
1.782043626673759604e+02
1.781458208761380888e+02
1.782078998748874881e+02
1.777453534089760296e+02
1.780054074838140821e+02
1.781872802866812719e+02
1.781285659461426860e+02
1.777864302486293582e+02
1.775216467157871989e+02
1.770117643593806633e+02
1.765371357165464588e+02
1.765021572894412998e+02
1.761435932216574258e+02
1.760238315370274051e+02
1.760644763000283888e+02
1.764287639394231064e+02
1.772411756963863354e+02
1.779809855519047801e+02
1.788494803554602584e+02
1.792014953085454465e+02
1.790318134429752774e+02
1.794664782252277746e+02
1.793398769951796226e+02
1.789291686819999825e+02
1.786759279616153151e+02
1.787029575369856218e+02
1.789322803403894113e+02
1.795275558993829463e+02
1.800076322215994651e+02
1.800077093147468759e+02
1.799673831462075384e+02
1.794822051981903428e+02
1.791941466648394510e+02
1.790647946109496900e+02
1.792977723342914373e+02
1.790886589235258270e+02
1.791602615389150515e+02
1.787881429686009369e+02
1.789375181501032159e+02
1.790075940910122938e+02
1.792803980717308434e+02
1.797983818906368754e+02
1.795135170612503259e+02
1.793065828901517307e+02
1.793803867577281892e+02
1.797781684421499335e+02
1.803011802445963383e+02
1.810718992369650380e+02
1.814059588252181356e+02
1.815009685103205186e+02
1.813545136467882912e+02
1.816510238856454862e+02
1.817081049349958164e+02
1.820081868030256373e+02
1.820688755586111824e+02
1.821705813723335723e+02
1.823137185579138304e+02
1.824987056140550408e+02
1.824027329434900082e+02
1.822249827712026331e+02
1.821262452234366833e+02
1.817840860842796360e+02
1.818021071558380868e+02
1.822647547028655310e+02
1.828532875786532088e+02
1.831245329077306394e+02
1.831964978865960347e+02
1.839964625117128776e+02
1.848045075875889154e+02
1.849742500884742071e+02
1.847416667560341352e+02
1.842239058141764190e+02
1.840241472870460768e+02
1.838627750374216987e+02
1.839826010478998910e+02
1.840228293413123595e+02
1.843058882235491467e+02
1.848746345692409818e+02
1.852067015850929295e+02
1.855421228132250349e+02
1.863253765790144882e+02
1.869145217969837063e+02
1.871863856535197783e+02
1.876226117712323571e+02
1.883460724961936990e+02
1.888748207032258790e+02
1.894897178820469037e+02
1.897067857394398516e+02
1.903704906458994515e+02
1.906368592382816871e+02
1.912695547861440275e+02
1.911005603900435403e+02
1.907278387778226261e+02
1.903513523008306834e+02
1.903346992937699440e+02
1.900754538320893801e+02
1.896519735677688061e+02
1.893858318866338664e+02
1.893594261481155172e+02
1.896155819677922807e+02
1.896319009775687903e+02
1.896483848258265823e+02
1.899478634604304261e+02
1.903311752125564169e+02
1.900314901136931667e+02
1.898903940542359123e+02
1.899094889436734661e+02
1.906156453976485636e+02
1.905208539370196377e+02
1.901826807444633687e+02
1.902855361055195544e+02
1.904702384904231849e+02
1.905355944347709283e+02
1.912076711462332241e+02
1.915229001477105726e+02
1.918009092401115652e+02
1.911928376162742325e+02
1.906998359760349331e+02
1.901614504808433423e+02
1.895368186675186450e+02
1.891887057247674306e+02
1.890795007320870411e+02
1.887671724566527587e+02
1.891385580370252057e+02
1.892308667040643968e+02
1.897685522263268183e+02
1.901096487134621213e+02
1.900905542560217611e+02
1.900712669252756370e+02
1.900921888134098197e+02
1.897900897105151046e+02
1.899697875863786294e+02
1.893836238246253458e+02
1.883874988127526251e+02
1.887146452654070288e+02
1.889238841064706378e+02
1.895392768752227539e+02
1.904033099749729558e+02
1.910740504797708752e+02
1.917919701815866347e+02
1.927595658399851857e+02
1.936965311515012331e+02
1.944409405570717695e+02
1.952332732899718053e+02
1.960740134242144279e+02
1.961151650749636985e+02
1.964799647221851444e+02
1.968080451739247394e+02
1.973818638120448554e+02
1.979210745576205852e+02
1.978596712703246396e+02
1.976764356265895799e+02
1.973297329561519575e+02
1.966158918749007967e+02
1.965817089645461238e+02
1.952542514793392172e+02
1.940345974538787743e+02
1.934086842968469853e+02
1.932612972695436611e+02
1.932740376460027960e+02
1.927616541878821579e+02
1.929309638261421469e+02
1.926171351779215115e+02
1.923809446241647549e+02
1.922635804284487619e+02
1.925086670994431586e+02
1.931198657570131729e+02
1.937372381383963784e+02
1.942800385236336638e+02
1.943838772966006161e+02
1.950140174713121155e+02
1.952060782538510182e+02
1.954404830846983998e+02
1.957176596815141352e+02
1.956339996782966466e+02
1.952666663417139432e+02
1.951380468098119252e+02
1.950889361715276777e+02
1.950797335065934703e+02
1.953532661682762352e+02
1.957507739073493553e+02
1.960310847548983304e+02
1.965162472271705951e+02
1.966426739668381458e+02
1.965279535018564729e+02
1.959676297998547057e+02
1.959673028281366101e+02
1.960477806344818532e+02
1.959674551863448926e+02
1.952802577639857589e+02
1.944649068323086283e+02
1.942069765982912202e+02
1.944312894932233462e+02
1.944558479729528244e+02
1.946018666393464116e+02
1.945473400397443697e+02
1.951387273128726463e+02
1.956956841544171084e+02
1.962986708630473061e+02
1.970289604677251134e+02
1.980090509774998964e+02
1.983525767449500279e+02
1.987399765100486491e+02
1.993333096061117544e+02
1.997710198041528429e+02
2.001727472769227063e+02
2.005381285625472003e+02
2.007859884470180987e+02
2.010767560070888749e+02
2.015724808152413914e+02
2.018711927426676311e+02
2.025769623663314292e+02
2.027646084508405693e+02
2.033177863139797807e+02
2.041593801151314551e+02
2.048074546617473857e+02
2.050176309714624665e+02
2.050279100721847954e+02
2.047150606789742540e+02
2.046818794737106373e+02
2.046079590643554980e+02
2.044120798629849389e+02
2.042546261242281389e+02
2.036511374992197432e+02
2.035668055547664039e+02
2.037240460149164107e+02
2.037212586009244717e+02
2.040416753544697315e+02
2.041229043984544376e+02
2.047302064630844427e+02
2.046567742051362870e+02
2.050270446516522043e+02
2.051586309612654304e+02
2.056551827891576920e+02
2.057931139284404480e+02
2.063364787155978490e+02
2.070873522379770293e+02
2.080478305434116066e+02
2.086139702458704335e+02
2.087413840867383499e+02
2.089912970573103337e+02
2.090821182397072562e+02
2.092950689289972672e+02
2.099142110393919438e+02
2.110244555953455006e+02
2.119034905003493350e+02
2.125893843437875717e+02
2.131205902462496340e+02
2.133339295416674304e+02
2.129433631734005985e+02
2.130337001751515231e+02
2.133673739142952854e+02
2.135428019336310399e+02
2.139220221551824466e+02
2.140626486415998784e+02
2.148107562036353215e+02
2.149199557612464559e+02
2.150302583446949996e+02
2.150204629744387148e+02
2.149701646206453063e+02
2.147173380006512389e+02
2.148255939400525278e+02
2.149753474141940615e+02
2.154094418325194908e+02
2.156054968005255432e+02
2.154398957581062461e+02
2.152726219778851373e+02
2.146592141190756706e+02
2.138779940596720621e+02
2.132909030905781265e+02
2.127382859500787049e+02
2.123821070202810972e+02
2.125071788083655235e+02
2.126335139478439658e+02
2.124782969170141484e+02
2.113922191080947641e+02
2.113860799071670726e+02
2.105717978860252231e+02
2.102745433192199869e+02
2.101359023426455792e+02
2.105211134774195330e+02
2.111526398761821781e+02
2.111440806830118788e+02
2.113374552353660363e+02
2.112499547831981488e+02
2.112423785688866644e+02
2.111943217867544149e+02
2.107013351381350503e+02
2.096377122607426315e+02
2.090481942027705031e+02
2.087355496997677733e+02
2.087429794947152288e+02
2.087504843380955890e+02
2.083944286243400938e+02
2.084792208326666412e+02
2.079184048814815355e+02
2.079579847287686789e+02
2.075939239684532254e+02
2.073878019883375146e+02
2.072604060488248763e+02
2.074953596452765510e+02
2.073690501467440015e+02
2.067566163098435084e+02
2.065420366766085465e+02
2.062444814915244820e+02
2.064287691833588951e+02
2.066149183670289631e+02
2.069241599666957825e+02
2.074789494613089573e+02
2.072716661225347821e+02
2.073855213358938272e+02
2.074197185211036185e+02
2.076562813344493179e+02
2.080972538731810744e+02
2.089063170436169514e+02
2.090366838824414231e+02
2.095724079620617317e+02
2.097903110727893647e+02
2.094447586593841777e+02
2.093381400599833455e+02
2.095132727878626326e+02
2.092457300887491272e+02
2.090966970593422900e+02
2.089057546053968224e+02
2.087532874801977130e+02
2.088417045254536504e+02
2.093350550762166620e+02
2.093485404810260775e+02
2.091601419000260194e+02
2.094546887879056953e+02
2.097522108968730379e+02
2.096891019160345877e+02
2.100697999151859108e+02
2.104543433486724950e+02
2.110851953016903337e+02
2.108335306077676705e+02
2.111449804118855127e+02
2.113787680928148234e+02
2.118169374674891401e+02
2.119767045126156120e+02
2.121784894066828429e+02
2.128671610168509858e+02
2.136435969867179665e+02
2.138622191785038069e+02
2.133153729075795582e+02
2.129650231389698547e+02
2.125707304434028231e+02
2.123340711549518858e+02
2.120950213686377879e+02
2.115707286551900665e+02
2.112027562173640831e+02
2.113563194114782107e+02
2.113498175873528169e+02
2.111008258458100215e+02
2.107281069149601933e+02
2.107556635504651865e+02
2.108643066166310689e+02
2.102871784006383393e+02
2.098254327279177573e+02
2.089549825534520267e+02
2.086009924782341898e+02
2.084454469477112752e+02
2.090964110582935120e+02
2.099963748063568119e+02
2.100569442488453831e+02
2.103605497463093741e+02
2.101015654003125519e+02
2.103248135356689090e+02
2.104695086218872291e+02
2.107368773958461645e+02
2.105220983796428982e+02
2.108708064440835415e+02
2.111826327718015364e+02
2.113763967391927849e+02
2.118145421608012953e+02
2.124591334957598576e+02
2.127870035310693595e+02
2.127141449808783022e+02
2.126809545261402263e+02
2.126474288142825628e+02
2.123711402164470314e+02
2.123344850671189192e+02
2.120146313809284493e+02
2.116511428090171876e+02
2.116880230394121725e+02
2.120081040802143946e+02
2.116849536163777259e+02
2.117625794104825161e+02
2.120834135459418519e+02
2.130539530767091492e+02
2.136706596734437085e+02
2.143744037105486768e+02
2.142771754652003722e+02
2.136133085507074441e+02
2.129023318694021611e+02
2.126690220903057593e+02
2.125141637275804953e+02
2.120345088157382634e+02
2.118328371876135918e+02
2.113058961491052798e+02
2.103695920698030477e+02
2.104743354240447673e+02
2.102973085091354051e+02
2.101184934435703724e+02
2.100186802460315789e+02
2.097966467131628860e+02
2.097339865789528517e+02
2.097515015949012707e+02
2.096883854493957813e+02
2.093822075246411316e+02
2.093153611360020250e+02
2.090862233696981036e+02
2.090971953229279734e+02
2.091890861847758174e+02
2.090394809947223962e+02
2.093732131259823745e+02
2.095487001272555005e+02
2.096451516436924010e+02
2.101466178219116046e+02
2.104915331534467668e+02
2.107995284378252450e+02
2.113126549877021603e+02
2.120329848360625817e+02
2.125989745818811798e+02
2.132110854362432519e+02
2.139101873093367487e+02
2.143739265750884044e+02
2.150039662374613840e+02
2.156403699368299556e+02
2.158387575119497797e+02
2.157967247595457252e+02
2.159562876359041184e+02
2.157134218544490523e+02
2.159125473277269975e+02
2.163157043714412566e+02
2.168037417893341399e+02
2.173775169589230529e+02
2.184823403625491096e+02
2.193558993561102000e+02
2.198746458142531708e+02
2.201966119335885423e+02
2.200369817510996597e+02
2.198353351021208368e+02
2.201973081839597342e+02
2.207649577615760847e+02
2.210555128904805713e+02
2.211469827176568970e+02
2.214818007249071172e+02
2.211735360857639137e+02
2.209833697835996986e+02
2.202256260440410927e+02
2.193794202465053900e+02
2.185246669156622374e+02
2.177420877935979036e+02
2.169516038319170548e+02
2.158299028605221110e+02
2.152221241015382134e+02
2.146486102035737247e+02
2.146349598015889626e+02
2.147019795975650425e+02
2.144868480783486007e+02
2.147543919983314140e+02
2.150650424225566155e+02
2.154192347702601182e+02
2.155749846164247856e+02
2.157323076933581660e+02
2.158508158518767459e+02
2.160109251029055031e+02
2.164958839423288737e+02
2.169453373154850624e+02
2.175609467833172062e+02
2.180615624073900563e+02
2.180823862700912059e+02
2.183458447172636738e+02
2.189756007245089506e+02
2.190056572974840208e+02
2.194400578762463283e+02
2.204849069457036705e+02
2.219039464098020176e+02
2.224080266765676015e+02
2.229980067440078244e+02
2.236747542868762366e+02
2.237926810978551657e+02
2.239117990887423844e+02
2.243553526148906201e+02
2.246417703180717353e+02
2.246482528465367352e+02
2.242103564106431577e+02
2.238084408188316274e+02
2.234428695139719991e+02
2.230736055696685867e+02
2.226198036057255365e+02
2.229290945512377959e+02
2.230798934860982854e+02
2.233130237233316677e+02
2.232252764882142628e+02
2.233386631194084373e+02
2.235744071913218818e+02
2.236509163548706169e+02
2.230817336917893670e+02
2.231936703957466648e+02
2.235087579755010267e+02
2.234633918944456923e+02
2.233367594893396131e+02
2.232896560498368501e+02
2.232824808584213372e+02
2.227095766246676192e+02
2.221308854794624779e+02
2.216675610903663483e+02
2.208763243337033089e+02
2.204407316502064020e+02
2.196371026769763546e+02
2.194718208858344610e+02
2.190220412988223302e+02
2.182040821200230880e+02
2.182263455757806412e+02
2.178447935108896729e+02
2.176614075867568943e+02
2.175165733199562226e+02
2.171278518383387848e+02
2.168968200387263323e+02
2.169058788269963429e+02
2.171170493201987028e+02
2.173707568890898187e+02
2.177078352415047675e+02
2.182907426681868799e+02
2.185967097658443947e+02
2.187845553190360874e+02
2.183682376959957026e+02
2.181901390868649457e+02
2.182930697847114061e+02
2.183970401865784083e+02
2.185828688753302345e+02
2.187705746215458475e+02
2.188793683045926173e+02
2.190700689945383317e+02
2.195051201965025314e+02
2.199445658550534120e+02
2.197823897525793200e+02
2.200226159116960787e+02
2.201440564764609462e+02
2.205091479560206551e+02
2.209991393495167813e+02
2.212920599490066991e+02
2.209010706555624779e+02
2.203849198541030319e+02
2.203484038930336908e+02
2.197458625182157164e+02
2.186523863820360134e+02
2.181539256384201906e+02
2.170443693317381246e+02
2.169741104360992097e+02
2.174687984203023063e+02
2.175240388083866492e+02
2.176202412205917085e+02
2.180002436571633382e+02
2.180204481385488293e+02
2.172731799379284610e+02
2.167203837756851783e+02
2.160003876522075075e+02
2.155155430830379544e+02
2.151470132151902988e+02
2.146131446618081497e+02
2.141546915775843445e+02
2.140148399773577239e+02
2.145200403811692240e+02
2.148687276577456089e+02
2.150189168260066879e+02
2.144837543697030640e+02
2.139431862320234359e+02
2.133567537697214220e+02
2.124007613835566985e+02
2.117987488722798162e+02
2.109482311841207718e+02
2.102911426102236021e+02
2.099506491012352001e+02
2.096471203042776779e+02
2.090172932366440648e+02
2.092699931683277157e+02
2.097272658265928840e+02
2.102295614410041651e+02
2.106157186272760384e+02
2.110057763911887037e+02
2.107937135264528479e+02
2.105795086125785076e+02
2.101611198106857046e+02
2.099001210208945452e+02
2.097172939604997453e+02
2.087245393540404734e+02
2.078833730848883476e+02
2.071145182675646481e+02
2.057722406743075680e+02
2.047800410851593256e+02
2.042626677627878280e+02
2.041845128917044292e+02
2.040651645370753329e+02
2.038233985222981914e+02
2.032559581033317215e+02
2.032484425286171188e+02
2.039277197258760737e+02
2.039673936625012232e+02
2.045731249116169863e+02
2.050637625369873547e+02
2.049532954919069994e+02
2.050033287797037360e+02
2.040437664441456889e+02
2.031553196405513972e+02
2.023791107480314793e+02
2.019182936848802399e+02
2.018164582675553618e+02
2.021984426945010398e+02
2.029883259540405902e+02
2.032205312667079795e+02
2.037783144108163924e+02
2.045033478897137798e+02
2.048316645350647320e+02
2.051228934697623174e+02
2.054978721916783684e+02
2.048665375673523954e+02
2.040672096639922586e+02
2.035830400646387943e+02
2.030535758228676002e+02
2.028823998210781667e+02
2.021842422435134665e+02
2.024083254984981295e+02
2.026346722207055109e+02
2.032269416370763508e+02
2.038251935728039541e+02
2.043486803765696038e+02
2.047562428046157663e+02
2.049659018228440175e+02
2.047736382048931887e+02
2.048218567726197250e+02
2.051129866390093355e+02
2.055282693323328829e+02
2.060285548811447143e+02
2.066551059405493618e+02
2.069647534753027571e+02
2.070351045205080709e+02
2.073889944651594988e+02
2.074636307728878535e+02
2.072157886594828256e+02
2.072078673328112188e+02
2.077251185179912056e+02
2.083284025434252271e+02
2.088569722660862453e+02
2.095120931980666796e+02
2.100526193919864113e+02
2.105177973656437871e+02
2.106240377430735577e+02
2.109737754980540672e+02
2.107209853515700786e+02
2.101020054056261586e+02
2.098404095006324610e+02
2.101014237380126133e+02
2.104862866040538449e+02
2.111174612162157871e+02
2.117954153699143660e+02
2.117529448180953864e+02
2.111847927455515901e+02
2.100856492379309088e+02
2.095006557958896849e+02
2.089905614099896525e+02
2.091621832424133629e+02
2.088506901438521766e+02
2.083744344887400928e+02
2.074085196855957349e+02
2.064328481672684177e+02
2.054877254214830771e+02
2.054623489105894691e+02
2.056791403137270038e+02
2.056961013269965122e+02
2.050667690171684399e+02
2.045118878961297355e+02
2.036281695920502273e+02
2.026951208000504039e+02
2.020758795960100827e+02
2.019352319151620350e+02
2.016719514294568967e+02
2.015272236661182603e+02
2.013002259253720467e+02
2.005456827529009161e+02
1.998239219726268061e+02
1.998625474470981089e+02
1.998207549970686046e+02
1.998593484818878210e+02
2.003427762443307358e+02
2.003462386306376004e+02
1.995820592228657233e+02
1.990929891140062580e+02
1.986393829434408360e+02
1.981811948923645730e+02
1.970315099922875675e+02
1.954257676689773007e+02
1.934805734030070994e+02
1.914753266697044580e+02
1.894094208784891009e+02
1.875650715944339311e+02
1.864697692873070025e+02
1.860502720073803857e+02
1.856265373811923212e+02
1.853197347284770160e+02
1.845653886146231457e+02
1.843690794087101210e+02
1.837263428370814040e+02
1.835215584212940598e+02
1.835975337588830030e+02
1.833510442008914936e+02
1.831020648493858118e+02
1.826485503529148673e+02
1.818672225787018419e+02
1.811588106855570857e+02
1.802008188743006087e+02
1.795967867417176649e+02
1.791078653956743665e+02
1.782503690865400472e+02
1.778286556429696930e+02
1.767966218615853791e+02
1.766026483450355329e+02
1.762855033788239325e+02
1.757227306856808013e+02
1.754775057431114931e+02
1.748661674172848848e+02
1.744102701184695263e+02
1.737477475944129708e+02
1.735633814084984294e+02
1.729327084934328127e+02
1.727401095893256127e+02
1.722627369589151272e+02
1.713360979382977405e+02
1.699152504427254939e+02
1.686820711542681295e+02
1.678808799538058167e+02
1.673948282361681095e+02
1.672675032688561885e+02
1.668964679483396196e+02
1.659560282306462966e+02
1.651273012430769143e+02
1.638457588313908957e+02
1.631573321529198779e+02
1.626639718716363632e+02
1.620444160319558193e+02
1.613781980120765809e+02
1.609476747596733901e+02
1.605128027875490773e+02
1.601543462500493433e+02
1.601963093434843586e+02
1.603195043873579664e+02
1.601207115023819938e+02
1.593542540428094583e+02
1.585396505482927694e+02
1.578784348972649809e+02
1.574529645426922855e+02
1.565383480229213546e+02
1.558973212352739779e+02
1.549265871063372799e+02
1.540268556629666534e+02
1.531584400636028249e+02
1.522004445086900262e+02
1.513943883926162073e+02
1.510246347400164950e+02
1.496006411515317325e+02
1.483238799510421018e+02
1.471958383343859964e+02
1.461372104387736499e+02
1.447850610492664316e+02
1.431364253022894104e+02
1.418347730326154590e+02
1.403583565986014605e+02
1.388670268672746033e+02
1.376434614820952902e+02
1.361247085677732116e+02
1.345098066341143976e+02
1.332018248829434128e+02
1.315978029120639121e+02
1.291694978909737870e+02
1.270398968595694953e+02
1.256160574339083382e+02
1.244202600342508021e+02
1.232931919537888774e+02
1.222355474280695518e+02
1.209651994222924571e+02
1.195204034568612883e+02
1.181418216735969509e+02
1.166281027006030371e+02
1.151394976773768377e+02
1.138782804821986190e+02
1.122810913961602211e+02
1.100617084809700827e+02
1.083047560413838113e+02
1.069340970114989631e+02
1.061152495065644388e+02
1.051669186934994400e+02
1.042898168621206736e+02
1.035654715778995865e+02
1.029146177554542305e+02
1.021359775307617355e+02
1.009454318492544616e+02
9.970245641338823361e+01
9.860854183170523868e+01
9.722074932495473831e+01
9.630378719692406264e+01
9.553917898679193854e+01
9.428199897655741779e+01
9.289090805712879728e+01
9.201101823952402015e+01
9.100102852477174054e+01
8.973841265128474731e+01
8.850344712250981161e+01
8.685196679041396806e+01
8.566865332365043173e+01
8.406934679156606194e+01
8.261550180966278845e+01
8.110656748450792008e+01
7.982481564091705195e+01
7.893415721304751287e+01
7.734763354853276951e+01
7.614912479649782995e+01
7.489810585504847040e+01
7.375566247984687607e+01
7.244006311095640172e+01
7.103036677874391103e+01
6.936400684721598964e+01
6.727677459314750763e+01
6.500684302338132170e+01
6.230994244785983938e+01
6.015145701804024014e+01
5.772874446266703075e+01
5.572600450774455538e+01
5.386465101792379784e+01
5.242894042214525285e+01
5.069589941630832897e+01
4.894535294576598972e+01
4.673267974319801965e+01
4.441684822545257560e+01
4.195641234894196003e+01
3.922869934236565115e+01
3.651383771956125912e+01
3.312508860561742807e+01
3.010615010668425739e+01
2.742035364311539425e+01
2.482864004355090870e+01
2.241276772075848811e+01
1.993208860682675621e+01
1.758796828972400661e+01
1.501814978760000763e+01
1.213954523999999502e+01
9.353075999999997947e+00
5.932400000000000340e+00
2.759999999999999787e+00
