1.247592551023987824e+02
1.252113687903017478e+02
1.256680492831328877e+02
1.259273225082154397e+02
1.259871944527425995e+02
1.260476711643865713e+02
1.261087587519059099e+02
1.269785441938440300e+02
1.272510547412566240e+02
1.265162169103605549e+02
1.263800170811720847e+02
1.262424414961332815e+02
1.261034762587210452e+02
1.267711881401219927e+02
1.274456445859816256e+02
1.279248935211934821e+02
1.278029227486805013e+02
1.276797199481620027e+02
1.277572928769314728e+02
1.282396897746780269e+02
1.287269593683615199e+02
1.290171306751130373e+02
1.285021521970838592e+02
1.277799517142262857e+02
1.266464158729559415e+02
1.261074907807631718e+02
1.253611017987505818e+02
1.246071735340915154e+02
1.248557308425167065e+02
1.249047786288048911e+02
1.253583622513182974e+02
1.256145073245635757e+02
1.256712195197611237e+02
1.263345651714760578e+02
1.268025910822989601e+02
1.264672637194942553e+02
1.263305694136301724e+02
1.265965347612429071e+02
1.264611462234774280e+02
1.271324709328057452e+02
1.274065362957633596e+02
1.278853901977407475e+02
1.273589799977178671e+02
1.260191717148663884e+02
1.254739108230975972e+02
1.257312230536336983e+02
1.261931545996300486e+02
1.266597521208384904e+02
1.263229819402406520e+02
1.261848302426677293e+02
1.266513436794622720e+02
1.267185289691534962e+02
1.273924535041956858e+02
1.268610641456524490e+02
1.273344082279313625e+02
1.266004123514456978e+02
1.266670831832790611e+02
1.265324072558369437e+02
1.268004113695324833e+02
1.270711225954869406e+02
1.275465884802898415e+02
1.266127156366566453e+02
1.264774905420772768e+02
1.263408995374522590e+02
1.272130298358101044e+02
1.274879089250610349e+02
1.277655645707682197e+02
1.282480450209778269e+02
1.283313586070483723e+02
1.284155137444937225e+02
1.285005189338320122e+02
1.285863827614465436e+02
1.292791745065114810e+02
1.297769439459710270e+02
1.304817615615870920e+02
1.309916783450378830e+02
1.313047256010482329e+02
1.318229551525735985e+02
1.319423789419935815e+02
1.326690696383776356e+02
1.319889592306839745e+02
1.310999588188731195e+02
1.318181402210842066e+02
1.323415557788727881e+02
1.328702583624971680e+02
1.325962205681794330e+02
1.327234551193732841e+02
1.334580354741143253e+02
1.339980156304185357e+02
1.339373895256750870e+02
1.344822116420959901e+02
1.344264764061578887e+02
1.349762387940986059e+02
1.355315543374734375e+02
1.360924791287611413e+02
1.360530092209708641e+02
1.362151608292635387e+02
1.361769301305687918e+02
1.357342728591607965e+02
1.356911847062230549e+02
1.350416007133561322e+02
1.349915158720773434e+02
1.349409251233102793e+02
1.354958839629398994e+02
1.358544282453939047e+02
1.362165941872659971e+02
1.361783779669353294e+02
1.361397757241773263e+02
1.367068441658352924e+02
1.370776203695310755e+02
1.374521417874048836e+02
1.376284260478840622e+02
1.378064909574583794e+02
1.381883747045033317e+02
1.393821966712156950e+02
1.389719158295108912e+02
1.389615311409203571e+02
1.393550819605253537e+02
1.389445272328537158e+02
1.395399264978319707e+02
1.401413398968001331e+02
1.411528685826261835e+02
1.413665339218447627e+02
1.413803372947927812e+02
1.409902396917099736e+02
1.414042825168783395e+02
1.412164469867462344e+02
1.408246939260063186e+02
1.398229231575817550e+02
1.394170940985678158e+02
1.392091859581495896e+02
1.394032181395446059e+02
1.395992102419637320e+02
1.399992022646098064e+02
1.404032346107174476e+02
1.400032672835529297e+02
1.395992598823771402e+02
1.399992524064413146e+02
1.406053054610517279e+02
1.406114196576279767e+02
1.408196158157857099e+02
1.418379957735209018e+02
1.424626219934555422e+02
1.439016383772279539e+02
1.445471094719477492e+02
1.427748580524725810e+02
1.413887455075478670e+02
1.407967126338866137e+02
1.401986996301886279e+02
1.397966662931198130e+02
1.381784508011310777e+02
1.371499503041729611e+02
1.363130811153257298e+02
1.358717991063897159e+02
1.354260597034239311e+02
1.359859188923477689e+02
1.351372918104520409e+02
1.340780725358100938e+02
1.340182550866771578e+02
1.341598536229060983e+02
1.343028824473801137e+02
1.338412954013941203e+02
1.337790862640344756e+02
1.345243295596306723e+02
1.346710399592230374e+02
1.348192322820430604e+02
1.353729619010535714e+02
1.361343049505590272e+02
1.369033383338981480e+02
1.364680185190890427e+02
1.354222409283727018e+02
1.337598393215891122e+02
1.320806457793825075e+02
1.313945916963461968e+02
1.315096885821676551e+02
1.318279682648160360e+02
1.319474426917330163e+02
1.322701441330640364e+02
1.327981253869334353e+02
1.331294195827609599e+02
1.336660803866265610e+02
1.338041216026536233e+02
1.341455773764178616e+02
1.338844215923414822e+02
1.344287086791326828e+02
1.335643522011440609e+02
1.328932850516605129e+02
1.322154394461221898e+02
1.321368075213351574e+02
1.328654621427627944e+02
1.331974365078413598e+02
1.333307439473143461e+02
1.328593373205197281e+02
1.331912498187065808e+02
1.333244947663708047e+02
1.334590856225964330e+02
1.339990763864609278e+02
1.343425014004657783e+02
1.336792943439048145e+02
1.326053478221257933e+02
1.315205533556830915e+02
1.314349023794777054e+02
1.315504064439166996e+02
1.322731378221380396e+02
1.328011493152910987e+02
1.335365144598899576e+02
1.336732469291816585e+02
1.338113605345270969e+02
1.343549096308354933e+02
1.344999087180154618e+02
1.352524330485006772e+02
1.358105384328287073e+02
1.363742812452818214e+02
1.367416982275572650e+02
1.373148466945019663e+02
1.376917643378810396e+02
1.378704690281626313e+02
1.374449182102653140e+02
1.378231497073388141e+02
1.373971209165036953e+02
1.369667888045494806e+02
1.375422109136862900e+02
1.381234453673598068e+02
1.391145912801614486e+02
1.395096881617790530e+02
1.388986749108877916e+02
1.374734090008969360e+02
1.358317262635325733e+02
1.355876022863961907e+02
1.353410124105014631e+02
1.348899115257589472e+02
1.350403146724836745e+02
1.353942572449331294e+02
1.353477345908416112e+02
1.357047824149912572e+02
1.350553357727184789e+02
1.352074098714331285e+02
1.355630402741747673e+02
1.359222629032064162e+02
1.358810736396024481e+02
1.368495693329321057e+02
1.370197670029611743e+02
1.371916838413752373e+02
1.371633170114900224e+02
1.377407242540304253e+02
1.385259840949798615e+02
1.385110950454349279e+02
1.386980758034691803e+02
1.392909856600698788e+02
1.396878643031012928e+02
1.404927922253546910e+02
1.404977699246005045e+02
1.403007777016170223e+02
1.398997754561784461e+02
1.392927024809882255e+02
1.380734368494830733e+02
1.388620574237207848e+02
1.400626842663843377e+02
1.404673578448326339e+02
1.406740988331643223e+02
1.404788877102669460e+02
1.406857451618857908e+02
1.408946920827131919e+02
1.415097899825382228e+02
1.419290807904432654e+02
1.423526068590335569e+02
1.429824311707409947e+02
1.430125567381219014e+02
1.422349057960824155e+02
1.416514199960433018e+02
1.412640606020635801e+02
1.414788490929934994e+02
1.418978273666602377e+02
1.423210377441010337e+02
1.429505431758596501e+02
1.429803466422826830e+02
1.422023703457396664e+02
1.418205761068080335e+02
1.414349253604122794e+02
1.412473993539521189e+02
1.414620195494458983e+02
1.418808278277235218e+02
1.427079068966907585e+02
1.431392998956467295e+02
1.435750503996430325e+02
1.442172226259021102e+02
1.442598208342447208e+02
1.445048695295403718e+02
1.449544136662024414e+02
1.448024380466691809e+02
1.452549879259283330e+02
1.459141292181092808e+02
1.463779083011202431e+02
1.472504124253739803e+02
1.471216287124991595e+02
1.475976047601002676e+02
1.482804088485857790e+02
1.485660695440261634e+02
1.488546157010366073e+02
1.481359754555926713e+02
1.482181570258509851e+02
1.485031889150010898e+02
1.487910999141423076e+02
1.494859595092343909e+02
1.497837974840755919e+02
1.504886843273491763e+02
1.505946306336861085e+02
1.500955864986724180e+02
1.508036227259320583e+02
1.519228512383153600e+02
1.524473244831472130e+02
1.531791156395421751e+02
1.539182986257999630e+02
1.536548470967678668e+02
1.531867142391592438e+02
1.535219335749083882e+02
1.544665995706145054e+02
1.552187874450652885e+02
1.557765529748133417e+02
1.565419727018314688e+02
1.552949219210420893e+02
1.536312342636786639e+02
1.519507416804835884e+02
1.516674158388726426e+02
1.513812281200731604e+02
1.506881092121953714e+02
1.516041507193891391e+02
1.517213643630191484e+02
1.522438023868881203e+02
1.521654569564527151e+02
1.526923807640932580e+02
1.530226068324177220e+02
1.525480877095130552e+02
1.518667552621342338e+02
1.523906618809436964e+02
1.525158200817613192e+02
1.528442627088496693e+02
1.535800633422723820e+02
1.537172356992650180e+02
1.548658946457228751e+02
1.554200956017395470e+02
1.547677733350908795e+02
1.539068417526164581e+02
1.530372138915322182e+02
1.533709231227597627e+02
1.537080031543023608e+02
1.546545486407099474e+02
1.556106551926363295e+02
1.555663183764003747e+02
1.541073922993942915e+02
1.536438306054486418e+02
1.531755864701501082e+02
1.537127136062124464e+02
1.532451652588004833e+02
1.535809750088892542e+02
1.543242171806965928e+02
1.552769870512081809e+02
1.560373606577861949e+02
1.555932935937235015e+02
1.553467612057812062e+02
1.552997587937188086e+02
1.550502614077959436e+02
1.545962236442389894e+02
1.547436602467057014e+02
1.540845052997030393e+02
1.544287932320227696e+02
1.553826194262854301e+02
1.547299186124098469e+02
1.546766854670806595e+02
1.552289752192735364e+02
1.561908840598726442e+02
1.565564485453254235e+02
1.565216651972986313e+02
1.564865305023213864e+02
1.572591217195169975e+02
1.584435572924410849e+02
1.590338962549909070e+02
1.598322184393847181e+02
1.586184024640252233e+02
1.584024267313387497e+02
1.585883098296347384e+02
1.591801109390253259e+02
1.595758696353789787e+02
1.599756258943222633e+02
1.609854807013357174e+02
1.605913946478139565e+02
1.605973683311250966e+02
1.597953215465911967e+02
1.595912338854453196e+02
1.589810443287326507e+02
1.589707518472047809e+02
1.577482341890958537e+02
1.569174082718140824e+02
1.564822305775900304e+02
1.550325561389798281e+02
1.537702587262423606e+02
1.526972310366083434e+02
1.512093242794026082e+02
1.511205295751537392e+02
1.514348783587411731e+02
1.519544225845868937e+02
1.526812349339264188e+02
1.534153888221477473e+02
1.533488775981293202e+02
1.522715935334639994e+02
1.513854480135995573e+02
1.498842909228282281e+02
1.497821120432608666e+02
1.492748606497582387e+02
1.493685461108668164e+02
1.504732788998658748e+02
1.509831099998644675e+02
1.514980909089538841e+02
1.526243342514684684e+02
1.531558931833015720e+02
1.534908011952542211e+02
1.540311123184384883e+02
1.533647599176149185e+02
1.528936968864794039e+02
1.532259564509892300e+02
1.533595519706960602e+02
1.536965171421174148e+02
1.540368860021387434e+02
1.545827131334735611e+02
1.547300132661350176e+02
1.550808214809442518e+02
1.558392136171154618e+02
1.555951652698138048e+02
1.561567325957712171e+02
1.571280127230013477e+02
1.579070835585870896e+02
1.574819025844314524e+02
1.572544470549810569e+02
1.568226737929101091e+02
1.565885593867784280e+02
1.565541003906850506e+02
1.567213135259443675e+02
1.568902156827721797e+02
1.576668845280528899e+02
1.586534187152048787e+02
1.586398168840451888e+02
1.584240574586314096e+02
1.582061186450822277e+02
1.575819380253358588e+02
1.573554929548847667e+02
1.561166595503885901e+02
1.538552116670586258e+02
1.521769814818775615e+02
1.506838196786642072e+02
1.501856764430955593e+02
1.506926024677733267e+02
1.514066691593670555e+02
1.521279486458251426e+02
1.528565137836618817e+02
1.525823371552142191e+02
1.512952900557712326e+02
1.518134242987590028e+02
1.521347720189484960e+02
1.524593656757056692e+02
1.529892582582887144e+02
1.533224830891802810e+02
1.538610940294752538e+02
1.544051454843184672e+02
1.549546924084024511e+02
1.553077701094974259e+02
1.552603738479769788e+02
1.562225998464417955e+02
1.563864644913552411e+02
1.559459237286415316e+02
1.559049734632740467e+02
1.564696701649234001e+02
1.560299698635591028e+02
1.557878483470292963e+02
1.563513619666965155e+02
1.567185474411073187e+02
1.562813610516236338e+02
1.558397586380037581e+02
1.559997562000037021e+02
1.545452082828317657e+02
1.548941497806384007e+02
1.546405553339782273e+02
1.537783387211902095e+02
1.518973118395858819e+02
1.514114261005919104e+02
1.515266930309009297e+02
1.512390838695968682e+02
1.507465493632294340e+02
1.510571205689183216e+02
1.515728490595135156e+02
1.522958071308216859e+02
1.522179870008301634e+02
1.527454414149800073e+02
1.528741832474547095e+02
1.534082659065195458e+02
1.531396625318382121e+02
1.536764267998363778e+02
1.538145725250874989e+02
1.539541136617044117e+02
1.547011249108124389e+02
1.550516413240531506e+02
1.554056983071247373e+02
1.557633316233577716e+02
1.565286178013714959e+02
1.566955735367386922e+02
1.568642156936754759e+02
1.576406219128037947e+02
1.582228504169736141e+02
1.588109600171448506e+02
1.600110707243888442e+02
1.596071421458472628e+02
1.591991334806536997e+02
1.577769025057105523e+02
1.563403055613238166e+02
1.561013187488121332e+02
1.554558775240527666e+02
1.556119974990432979e+02
1.559717146454981389e+02
1.563350652984828741e+02
1.567020861600839794e+02
1.572748345051351748e+02
1.584594287930655696e+02
1.590499280738039545e+02
1.598484121957615685e+02
1.592408203997591443e+02
1.586270913128880693e+02
1.584112033463518685e+02
1.581931346932842644e+02
1.587809441346303743e+02
1.591726708430615247e+02
1.589622937808700840e+02
1.597598927079494047e+02
1.607675683918679965e+02
1.617854226180484716e+02
1.628135582000487886e+02
1.612258163636857944e+02
1.604301175390767753e+02
1.610405227667438908e+02
1.610510330977211311e+02
1.610616495936580179e+02
1.616784339329877014e+02
1.625034686191794719e+02
1.639428975951310008e+02
1.645887854496273519e+02
1.648371570198256393e+02
1.650880373937630452e+02
1.637252902967304635e+02
1.629548386835661802e+02
1.623786249328949225e+02
1.619986110433283102e+02
1.618167788316447684e+02
1.614310897289341256e+02
1.606374643726608440e+02
1.602398630026876276e+02
1.588281444471589339e+02
1.576041863102616958e+02
1.569739255659210642e+02
1.567413389554756407e+02
1.561023625812887872e+02
1.556589521023117300e+02
1.554130829316280256e+02
1.551647302339674184e+02
1.541057881151189690e+02
1.534401900152716394e+02
1.533739293083550308e+02
1.531049790993484123e+02
1.528333122215642845e+02
1.509427396177414664e+02
1.502451915330724148e+02
1.499446379121941959e+02
1.494390281941356875e+02
1.495343719132682168e+02
1.500347191043116197e+02
1.507421405094056297e+02
1.502445863731368547e+02
1.503480670435725699e+02
1.510586535793660801e+02
1.511703571508748780e+02
1.508791486372475958e+02
1.507870188255028268e+02
1.513000190156591600e+02
1.514141606218777838e+02
1.519334955776542415e+02
1.520540359370246222e+02
1.523778140778026682e+02
1.523008223008110349e+02
1.522230528291016753e+02
1.509323765950524319e+02
1.496286632273257737e+02
1.483117810377028434e+02
1.469815970077806071e+02
1.470521181896774010e+02
1.477294123128054082e+02
1.478074871846518192e+02
1.480883708935879497e+02
1.483720918117049052e+02
1.484566583956614636e+02
1.491481397935975224e+02
1.488365048420175754e+02
1.485217220626442440e+02
1.482037596592366810e+02
1.474785451103399225e+02
1.469480253639795535e+02
1.462101266302823319e+02
1.458688147780632391e+02
1.445139543212758895e+02
1.447615700214909680e+02
1.454157272944352428e+02
1.460764922166011957e+02
1.467439315319202819e+02
1.464080116484043685e+02
1.456646582307113817e+02
1.449137961926382445e+02
1.447614102955938051e+02
1.452135457531250324e+02
1.454682280334597522e+02
1.449174020539992966e+02
1.443610121757572813e+02
1.442030426017750528e+02
1.444475177795705179e+02
1.453005230096673017e+02
1.459601242521890185e+02
1.454142669214031969e+02
1.444588554761649561e+02
1.447059146223885477e+02
1.453595097195846506e+02
1.452116259793785389e+02
1.446582080599784774e+02
1.445032404646246675e+02
1.441446873380046725e+02
1.425703912505095445e+02
1.413842335863734547e+02
1.411961955417912691e+02
1.416123187290821761e+02
1.420326451808910520e+02
1.424572173544355280e+02
1.428860781357934968e+02
1.423091698341349343e+02
1.407163331657924346e+02
1.399154880462552910e+02
1.409247354002576742e+02
1.419441771719772873e+02
1.425698759312903690e+02
1.417877534659500895e+02
1.405936903696464810e+02
1.393875660299454751e+02
1.389773394241878179e+02
1.395730701254422286e+02
1.389626970964062593e+02
1.387501990872789293e+02
1.369193930174533875e+02
1.352721141590440936e+02
1.342142567263071840e+02
1.323376330568757453e+02
1.322602354109855582e+02
1.327881165767532536e+02
1.329172894714677966e+02
1.332497873449169958e+02
1.329795831766839740e+02
1.333127102794787504e+02
1.332451618984633228e+02
1.339850120186496270e+02
1.341262747663126902e+02
1.340669442083970466e+02
1.346130749579768349e+02
1.349627019777541079e+02
1.355178807856101173e+02
1.344625058440507530e+02
1.350126321657079416e+02
1.357703355209173992e+02
1.355255914352697459e+02
1.352783751871410516e+02
1.352306820072132609e+02
1.359905878860739392e+02
1.355460483697717109e+02
1.350970185553247234e+02
1.342394126821465647e+02
1.335751643254007206e+02
1.322981457832327692e+02
1.316142886699323924e+02
1.315295845150831155e+02
1.316460449647304927e+02
1.313596413785155335e+02
1.320804458368842802e+02
1.328085311483681608e+02
1.327358900488565610e+02
1.332685758069258100e+02
1.327965412191168753e+02
1.317136779991081710e+02
1.320340181809174851e+02
1.325596143241588720e+02
1.330905195193524264e+02
1.328187065852044100e+02
1.321401076618225829e+02
1.310506137998207237e+02
1.305561755553747503e+02
1.306628035912873997e+02
1.315785894861490419e+02
1.323016055415645553e+02
1.314157631732975346e+02
1.303189527003004855e+02
1.296151037376772592e+02
1.293081855936135582e+02
1.294022076703163293e+02
1.292951592629459299e+02
1.295910699625719076e+02
1.294859292551230965e+02
1.295817467223465655e+02
1.290724714367136698e+02
1.295681529663774540e+02
1.302708615821994158e+02
1.297685470527267739e+02
1.298672192451784611e+02
1.297648679244227310e+02
1.296614827519421169e+02
1.299610936888303172e+02
1.302637309988185166e+02
1.305694252513317792e+02
1.304741669205373569e+02
1.307819867884213636e+02
1.310929159479005932e+02
1.318110262100006480e+02
1.321323497070713415e+02
1.320528784919913790e+02
1.325786651434256100e+02
1.331097627711368148e+02
1.338482452233704976e+02
1.333820658821924781e+02
1.329111776587802467e+02
1.322335127866466564e+02
1.311449624107542320e+02
1.308534973846001890e+02
1.303570680652527471e+02
1.294515839042956600e+02
1.291430140447432393e+02
1.282252667118617921e+02
1.277022896079411538e+02
1.277800905130720110e+02
1.276566570839111847e+02
1.283400576605162371e+02
1.288283410712285786e+02
1.295235768396246385e+02
1.298217947874998686e+02
1.297189846338384029e+02
1.292110955897355211e+02
1.295061571613489662e+02
1.296021789508575353e+02
1.296991706574319210e+02
1.302011824822542110e+02
1.309102853356105243e+02
1.300103892278893909e+02
1.293034234625144450e+02
1.291953772348631446e+02
1.290862396311749762e+02
1.293800400314897843e+02
1.296768081126159871e+02
1.301785940531474921e+02
1.302814081344924659e+02
1.303852607419113951e+02
1.306921825675876221e+02
1.310022046137246718e+02
1.309113177916407835e+02
1.316275937289303499e+02
1.323511047766974684e+02
1.328799038148457896e+02
1.324039432473189777e+02
1.321251951993120315e+02
1.310355507063758012e+02
1.299348997034099398e+02
1.298332320236465307e+02
1.297305373976227543e+02
1.298288256541641488e+02
1.303321471254185440e+02
1.306385324499175908e+02
1.311500327776944346e+02
1.302525583613077345e+02
1.295480387487954772e+02
1.292404431806014884e+02
1.287277203844460018e+02
1.288158791762080568e+02
1.293089688648566948e+02
1.285949180453095835e+02
1.282776949952624932e+02
1.277552474699620007e+02
1.278335833029919115e+02
1.285187710131231711e+02
1.273926979930537726e+02
1.272653515081350690e+02
1.267326782910455023e+02
1.257905841323693039e+02
1.244349334670395137e+02
1.224595287545855911e+02
1.204641704591772680e+02
1.192567378375528762e+02
1.196532705429827530e+02
1.200538086292754798e+02
1.200543521507833304e+02
1.204589415664477485e+02
1.204635773398461396e+02
1.206702801412587576e+02
1.202730102436957225e+02
1.206798083269654001e+02
1.208886952797629846e+02
1.213017124038010905e+02
1.194966791957586167e+02
1.188855345411703155e+02
1.170560954961316611e+02
1.156122176728602682e+02
1.157699168412730444e+02
1.165352695366394471e+02
1.165002722592317070e+02
1.164649214739713869e+02
1.164292136100721109e+02
1.163931450606787621e+02
1.161546919804837046e+02
1.169239312934179935e+02
1.166908396903211980e+02
1.168594340306274262e+02
1.170297313440681108e+02
1.174037690344121927e+02
1.179836050852649976e+02
1.169531364497624679e+02
1.163162994442047022e+02
1.156730297416209226e+02
1.160333633753746483e+02
1.153872357327016687e+02
1.153406421542441649e+02
1.152935779335797832e+02
1.158520989228078406e+02
1.158102009321291206e+02
1.161719201334638427e+02
1.163352728620847358e+02
1.162982554162472297e+02
1.162608640568153078e+02
1.166271354109244669e+02
1.165930660716409193e+02
1.171647132036778487e+02
1.169340537410885474e+02
1.171051047889782524e+02
1.168738432211902989e+02
1.172463062840307657e+02
1.164104103879098631e+02
1.163741519069794776e+02
1.169435877848277414e+02
1.169127149341695286e+02
1.174875908425954947e+02
1.180682735783793049e+02
1.180487611902821783e+02
1.178270315053354125e+02
1.178050823286216371e+02
1.181869518470925016e+02
1.183706584314066532e+02
1.191622812438451575e+02
1.197598800442878826e+02
1.193534141861494788e+02
1.185388022082317718e+02
1.177159618264968231e+02
1.170868301277744621e+02
1.152392223512873954e+02
1.131709316679668973e+02
1.112837693615830688e+02
1.093775448096796765e+02
1.074520654643228852e+02
1.046990560245687050e+02
1.017162182066349487e+02
1.007234527339746535e+02
1.009327805393685082e+02
1.005381621609781888e+02
9.973551733432132949e+01
9.690456296396102687e+01
9.525713430703135032e+01
9.460316596669824207e+01
9.353855148151345134e+01
9.246318331466007123e+01
9.238705385319192942e+01
9.150207459918375719e+01
9.141623696887253914e+01
9.011741107966915365e+01
8.900748593905979078e+01
8.889645044349479974e+01
8.898631357928769603e+01
8.826900361544204543e+01
8.815050870246660963e+01
8.742475626511790665e+01
8.749975380314938889e+01
8.717146848802966019e+01
8.724390756366632615e+01
8.691303794309736475e+01
8.738690701322957466e+01
8.665344142750461742e+01
8.651862770455014129e+01
8.618043202479819342e+01
8.624286063110923806e+01
8.590187942536289256e+01
8.575947416703317572e+01
8.561563047175070551e+01
8.547033380984927931e+01
8.471750889883759328e+01
8.355303929175508415e+01
8.358892857753046712e+01
8.301911977528321529e+01
8.264557553058919837e+01
8.206623790968599508e+01
8.107700798958178723e+01
8.108788685816341513e+01
8.089685541228634236e+01
8.050187415382455924e+01
7.909280217558035986e+01
7.908363856119233049e+01
7.867034198100233766e+01
7.805085048586083474e+01
7.742510150086957310e+01
7.679303181906024633e+01
7.615457759501032342e+01
7.591371474243456419e+01
7.567041893175218092e+01
7.441456457752742892e+01
7.355006522982567674e+01
7.348491437356130973e+01
7.341910542783968197e+01
7.355465194731279155e+01
7.369156762354830903e+01
7.261774507429117875e+01
7.234115664069821605e+01
7.145571377848301609e+01
7.035930684695257753e+01
6.904980489591167725e+01
6.772707565243601380e+01
6.699704611357172723e+01
6.625964253896134437e+01
6.612085104945592207e+01
6.618267782773321528e+01
6.503300790680123100e+01
6.407374536040522628e+01
6.350883369737908879e+01
6.273619565391830122e+01
6.195575318577603241e+01
6.177348806644040735e+01
6.057928087519238858e+01
6.018109179312358492e+01
5.957686039709447812e+01
5.916854585565103264e+01
5.855408672287983052e+01
5.793342093220185518e+01
5.629638478000190105e+01
5.524887351515341294e+01
5.439280153045799437e+01
5.352808235399796644e+01
5.285664884242221717e+01
5.278449378022440897e+01
5.129746846487315537e+01
5.080552370189207778e+01
5.010658959787079425e+01
4.798645413926340098e+01
4.645096377703374912e+01
4.570804421922603211e+01
4.556368102952122001e+01
4.460977881769819220e+01
4.425230183605880541e+01
4.409323417783718924e+01
4.312447896751227461e+01
4.214593835102249386e+01
4.176357409194192627e+01
4.117532736559788020e+01
4.017709834908880140e+01
3.937080641322100405e+01
3.855637011436463979e+01
3.793572738824710910e+01
3.730881554368394148e+01
3.667557125624642111e+01
3.603593056186503674e+01
3.478376824430814906e+01
3.412501842859406764e+01
3.345961457433741515e+01
3.197940866094692325e+01
2.967617036459282787e+01
2.795572764100284502e+01
2.621790670808368162e+01
2.506859263442797214e+01
2.431170973174543093e+01
2.334516134519740760e+01
2.257087004565394395e+01
2.158673741985247574e+01
2.059266406045704301e+01
1.958854955601721315e+01
1.897833288486588188e+01
1.836195240895543890e+01
1.652722465551054398e+01
1.548204510657630806e+01
1.483034859250131987e+01
1.397004908333466666e+01
1.310105968013602862e+01
1.181925220215760497e+01
1.133257798197737642e+01
9.830886850482198014e+00
9.122107929780000291e+00
8.002129222000002429e+00
7.072857799999999528e+00
6.336219999999999963e+00
4.177999999999999936e+00
2.200000000000000178e+00
