1.306840819739755375e+02
1.313172545191673635e+02
1.319164187062300471e+02
1.323600188951805023e+02
1.328485039345263203e+02
1.324126302368958932e+02
1.320531618554502415e+02
1.315284463186362984e+02
1.314428750693300572e+02
1.318816919892227304e+02
1.316380727163857784e+02
1.315940128448342819e+02
1.315495079240748169e+02
1.315449574990650490e+02
1.317423813121868932e+02
1.316993750628151361e+02
1.317367424876917994e+02
1.315320631188814957e+02
1.315677405241217173e+02
1.317653944688107117e+02
1.314397923927388661e+02
1.310300933259979104e+02
1.309394882080789273e+02
1.311712002101807002e+02
1.311628284951319188e+02
1.306291196920527682e+02
1.305344643354072218e+02
1.306004690256636422e+02
1.309903727531954871e+02
1.312630027810050706e+02
1.314171745262682407e+02
1.314920954810786498e+02
1.310021166475549421e+02
1.308708248965193377e+02
1.310614392894133289e+02
1.309711507973871676e+02
1.309203543407951713e+02
1.305458124654493020e+02
1.304099115812622358e+02
1.302322339204672801e+02
1.300527615358253684e+02
1.300734965008335280e+02
1.299328247483166763e+02
1.295483078265832830e+02
1.296851594207907965e+02
1.295809691119100648e+02
1.294353223352626969e+02
1.292882043790535249e+02
1.292204084636905179e+02
1.293539479431213977e+02
1.295696443869919676e+02
1.294642872595883034e+02
1.294790780399875700e+02
1.296556343838257703e+02
1.298339741250763382e+02
1.302565395202791194e+02
1.303601409295746123e+02
1.299395362924997812e+02
1.297167033257579192e+02
1.291279831573306467e+02
1.289777607649808431e+02
1.286240007727079160e+02
1.283878795683913552e+02
1.285534137054461610e+02
1.284781956620667245e+02
1.289274703657237637e+02
1.286136064300244470e+02
1.282561681111354517e+02
1.280163314253905185e+02
1.281377085104954574e+02
1.278966752631264114e+02
1.280168437001269695e+02
1.280978219193195571e+02
1.280584059791114555e+02
1.279377838172847817e+02
1.278967513305896375e+02
1.281381326571620605e+02
1.281395279365267186e+02
1.285045736732601540e+02
1.286308824982430679e+02
1.286372550487302249e+02
1.288457121704340693e+02
1.289754668388232233e+02
1.292277442816383086e+02
1.291593376582208634e+02
1.295750885436573014e+02
1.298738268117749612e+02
1.300947745573482450e+02
1.304391662195443189e+02
1.305042083025690545e+02
1.304890992955248521e+02
1.301910093894189515e+02
1.304959690802211583e+02
1.305615849295167266e+02
1.308298837671883064e+02
1.304140240072606787e+02
1.299535596032941953e+02
1.298520804073673389e+02
1.291435155629979477e+02
1.293166823868657787e+02
1.294511943301671693e+02
1.292638326567353317e+02
1.289533663199352702e+02
1.290438043635703309e+02
1.287715195591619874e+02
1.289813328880422318e+02
1.292740736242851085e+02
1.296909834588742285e+02
1.299504883422965520e+02
1.303338266083810311e+02
1.298321480892736304e+02
1.298102505952260515e+02
1.297073238335622705e+02
1.298861856904664478e+02
1.299860461519870967e+02
1.296828749009962394e+02
1.297806817181775614e+02
1.293946279981578584e+02
1.293279070688479919e+02
1.292605121907558328e+02
1.295964769603592970e+02
1.296530070306658047e+02
1.293868757885511229e+02
1.290776523116673786e+02
1.293713659713819197e+02
1.297084504761431276e+02
1.300085358344881286e+02
1.301096321560470415e+02
1.300097294505531238e+02
1.296259893439938367e+02
1.294807973171644733e+02
1.294149467850151893e+02
1.292676230151677146e+02
1.291188111264320924e+02
1.294937486125571127e+02
1.297108571844008793e+02
1.295261183680815407e+02
1.299051700687696211e+02
1.298840101704743120e+02
1.302666769398735482e+02
1.305724009493663402e+02
1.305579807569357911e+02
1.302201825827632149e+02
1.305658409926910224e+02
1.309553949421121501e+02
1.312276716586989664e+02
1.312198703623211031e+02
1.315352225882038226e+02
1.315305278668728306e+02
1.312025534008815839e+02
1.309116701019001709e+02
1.310622930322228683e+02
1.311336293254778980e+02
1.312056861873508069e+02
1.309956426134854439e+02
1.303794369833185272e+02
1.300802393770909759e+02
1.299800397748387581e+02
1.297172118937761809e+02
1.290476887815921430e+02
1.292198876581739171e+02
1.294342299577513131e+02
1.292466969270220147e+02
1.292188857848712757e+02
1.293524098837071392e+02
1.296893029128368369e+02
1.297871746594303204e+02
1.300072471307379658e+02
1.303911587179169089e+02
1.304557158766836551e+02
1.308441574511961676e+02
1.311557145971677016e+02
1.314704187850167614e+02
1.309802209949679934e+02
1.307678999949165473e+02
1.305534343382997520e+02
1.304176104427268683e+02
1.300379903461889342e+02
1.303414043900894512e+02
1.308499034243328083e+02
1.308382862872052215e+02
1.304225114012180597e+02
1.306085973749666209e+02
1.306753508838045548e+02
1.306215665492981941e+02
1.304864308578774512e+02
1.303499301594719952e+02
1.300100304641130720e+02
1.303131620849627836e+02
1.301749111969314754e+02
1.301968799969009751e+02
1.300574545423237396e+02
1.302398530730547463e+02
1.304240940131863056e+02
1.305697919325124587e+02
1.309997898308209301e+02
1.304240301321409561e+02
1.302868991233756617e+02
1.300675748720967420e+02
1.301288635071679778e+02
1.303119833405741588e+02
1.306181649904786752e+02
1.306446111014937514e+02
1.306713243449427182e+02
1.307387114595381661e+02
1.310492034944836064e+02
1.312012156509933902e+02
1.313547632838314598e+02
1.319139023069006385e+02
1.311049518251522557e+02
1.308938907324769900e+02
1.308423138711899867e+02
1.306690039102927301e+02
1.309383877881734293e+02
1.308064523112865913e+02
1.304711639507949030e+02
1.305365292432263402e+02
1.306429588315422166e+02
1.307100594258001536e+02
1.309798580058584889e+02
1.310907656624839888e+02
1.315260259217004091e+02
1.316020463855560081e+02
1.319212589753092573e+02
1.319608676518277832e+02
1.319604723755834073e+02
1.320408811874577566e+02
1.315968496843006790e+02
1.309463128124247646e+02
1.305720331438639903e+02
1.306788213574378119e+02
1.308270922802404073e+02
1.310980730103432563e+02
1.310485585963067479e+02
1.309177359558659077e+02
1.309068039958239069e+02
1.308957616119435272e+02
1.311674359716599270e+02
1.317246827996566196e+02
1.320855381814708949e+02
1.323288264459300763e+02
1.321705317635661459e+02
1.320914462258245123e+02
1.318095416422463018e+02
1.318480218608559653e+02
1.315232544049045771e+02
1.315992468736407659e+02
1.315547948218590193e+02
1.313078735574339646e+02
1.316645187448822298e+02
1.314591098433162983e+02
1.312920301447637428e+02
1.311636668128924157e+02
1.308723907200932217e+02
1.307397886061552015e+02
1.309290794001564961e+02
1.311202822223810358e+02
1.312326083054355195e+02
1.312248568741769930e+02
1.314998554284609327e+02
1.316564196247083203e+02
1.314509289138470933e+02
1.318494231453003067e+02
1.322923466114139330e+02
1.323761076882969121e+02
1.327031390790881176e+02
1.331142818980691231e+02
1.334083655536045967e+02
1.334225914682873224e+02
1.337197893619063223e+02
1.333331205675823696e+02
1.330233541086694515e+02
1.332761152612817170e+02
1.337334497588701083e+02
1.339529795544148953e+02
1.342555349034490746e+02
1.341571059630797151e+02
1.340980868313935730e+02
1.339172594256504283e+02
1.333305650764140751e+02
1.335864293701162069e+02
1.338852821920364988e+02
1.336619012040767984e+02
1.335170719233092882e+02
1.334515878013229440e+02
1.333046341427506150e+02
1.330753880229804054e+02
1.325205939626067675e+02
1.321218120834409149e+02
1.316785980640819957e+02
1.315137354182642468e+02
1.315492276952164730e+02
1.319891188840569782e+02
1.320294130141991786e+02
1.322317303173722109e+02
1.325168993104776689e+02
1.329261609196741176e+02
1.328951120400755599e+02
1.331869818586616816e+02
1.335222038976388035e+02
1.330931352501400795e+02
1.323769042930707656e+02
1.316130346394646153e+02
1.307202370095603214e+02
1.304648858682422770e+02
1.308938241093364638e+02
1.308018425346830327e+02
1.309513560956399374e+02
1.304963192885242904e+02
1.304811305944685103e+02
1.303849803984537061e+02
1.306514953519741198e+02
1.306782781333072592e+02
1.304225031649561686e+02
1.305277809747036599e+02
1.306341221966707451e+02
1.304991133299709816e+02
1.304031447777474853e+02
1.304678230078262402e+02
1.305735585937632379e+02
1.308015743371350084e+02
1.309106811486217623e+02
1.309400819683045825e+02
1.311313959275797174e+02
1.308397938662432693e+02
1.307472665315588927e+02
1.310174409409682141e+02
1.312499403444124084e+02
1.312019599438500848e+02
1.315171312564138191e+02
1.318758901579947462e+02
1.323594850080752394e+02
1.324035202101775894e+02
1.324884042527044130e+02
1.327357618714184468e+02
1.326219816883015028e+02
1.325474562508092333e+02
1.325933901523324039e+02
1.327205961134681900e+02
1.330915112257250144e+02
1.331429406320455087e+02
1.333161016485308892e+02
1.333293956045770585e+02
1.329387834389664533e+02
1.328270539787539803e+02
1.329566201805584171e+02
1.331683032126858564e+02
1.330588921340260526e+02
1.333120122565923111e+02
1.331636487440321162e+02
1.332562108525583824e+02
1.331072836894526290e+02
1.329972562519723169e+02
1.327649053050229782e+02
1.329746518232552717e+02
1.331057089123789297e+02
1.333997059721003779e+02
1.336158646182833536e+02
1.337533986043260938e+02
1.342155541457836705e+02
1.344399536826097403e+02
1.344241956390004020e+02
1.342870663020201505e+02
1.342697639414346042e+02
1.338886504458936599e+02
1.343117681271651804e+02
1.344159274011772141e+02
1.343595226274513834e+02
1.346257804317699538e+02
1.349755357896654004e+02
1.353692280703687345e+02
1.352820485559289523e+02
1.352343924807358064e+02
1.355498913946829020e+02
1.356665569643268725e+02
1.360268252164917442e+02
1.363907325419107508e+02
1.361118510524345595e+02
1.360321727802373744e+02
1.361133058386236598e+02
1.358720260996195748e+02
1.360323495955755675e+02
1.361942925207833355e+02
1.361962550714986548e+02
1.362790455267654011e+02
1.362010560876425700e+02
1.358394505935781069e+02
1.356762127207863671e+02
1.357133461826125540e+02
1.354276224066791485e+02
1.354218408148272772e+02
1.351735765806343750e+02
1.354480571521556840e+02
1.358061183355107460e+02
1.361273922580913620e+02
1.360882750081728716e+02
1.356851262708824777e+02
1.350758851221029602e+02
1.347029142647510298e+02
1.344877921866169572e+02
1.344321133198148175e+02
1.347799124442574907e+02
1.348888004487449450e+02
1.352412125744901630e+02
1.351527399742327304e+02
1.353866060345780795e+02
1.350571778127050777e+02
1.348052301138442601e+02
1.348739698119627519e+02
1.353070402141037505e+02
1.357444850647513306e+02
1.360247323886378581e+02
1.362270024127656427e+02
1.363101034472380206e+02
1.359495994416549820e+02
1.355854539814690725e+02
1.357428828095650317e+02
1.360231139490561247e+02
1.363465797465208027e+02
1.362692724712331369e+02
1.363528004759924670e+02
1.357503035111039935e+02
1.356265692031350341e+02
1.353399688920565609e+02
1.352120897899558543e+02
1.350829189797528898e+02
1.347100191714681614e+02
1.342525446176447304e+02
1.340732773915602536e+02
1.334477549409702135e+02
1.329371262029996501e+02
1.325829557606062110e+02
1.322252078389956012e+02
1.323890988272688105e+02
1.325546452800692236e+02
1.328026720000693501e+02
1.331340121212828649e+02
1.335091031528111785e+02
1.338071749018295975e+02
1.337042170725555081e+02
1.330749667399542773e+02
1.325605724646009946e+02
1.319601742066675456e+02
1.317173476835025951e+02
1.319569168520225446e+02
1.317544614666889515e+02
1.319540014815040649e+02
1.317919206883882737e+02
1.321130512003923059e+02
1.322758092933252954e+02
1.323998073669955318e+02
1.321614215828232659e+02
1.319610319018414941e+02
1.321222544463050212e+02
1.326083378245509721e+02
1.323720584086370309e+02
1.326586448572091967e+02
1.321400453103123880e+02
1.318586316265781591e+02
1.319784157844221681e+02
1.320994098832544239e+02
1.319792019022774809e+02
1.319385877800783362e+02
1.318167553334119191e+02
1.318149043771842628e+02
1.318130347244286327e+02
1.319323583075032218e+02
1.321740993005088285e+02
1.320546457580896913e+02
1.317319654122113661e+02
1.312444095072841606e+02
1.309539489972567310e+02
1.303777262598555069e+02
1.294724507675311713e+02
1.292448997651826801e+02
1.293382825910936731e+02
1.298366490819134640e+02
1.300976253352657181e+02
1.301996215507731165e+02
1.298582035866394904e+02
1.294729329157981113e+02
1.291241746624219502e+02
1.288931057196178926e+02
1.286192987066843898e+02
1.286255542491763606e+02
1.288338931809859389e+02
1.292463567484705038e+02
1.289761179277485041e+02
1.291879979068161504e+02
1.290383817240578423e+02
1.291296785091489880e+02
1.292218974839881582e+02
1.293150479636250338e+02
1.295707555188129732e+02
1.296674298169831445e+02
1.295226563807907780e+02
1.292956125058493626e+02
1.297531439453022699e+02
1.293264080255583508e+02
1.296630384096546607e+02
1.293566044541967130e+02
1.292490954082792030e+02
1.292213084932112110e+02
1.286679883769813557e+02
1.282302912898801424e+02
1.285154457473533114e+02
1.286418643912663242e+02
1.287695599911779993e+02
1.292621818092705439e+02
1.293153351608792434e+02
1.292478132938178987e+02
1.293816295897142652e+02
1.289915450401159376e+02
1.283955000405211706e+02
1.281570707480009901e+02
1.281990613616173391e+02
1.284434963248655492e+02
1.284479760857230701e+02
1.282100768542654237e+02
1.280101786406726490e+02
1.279294733744165740e+02
1.281711852266831215e+02
1.283345305320032139e+02
1.283783136686903674e+02
1.287457713825158407e+02
1.285512842247626395e+02
1.288396810351141539e+02
1.288885667021355914e+02
1.287359259617535372e+02
1.291069959209629587e+02
1.292797938595584810e+02
1.294947412722808338e+02
1.291866073457387927e+02
1.292389973189279146e+02
1.294939366857862808e+02
1.296706431169557732e+02
1.298087304211668709e+02
1.297057883042089657e+02
1.298038265699074998e+02
1.298624510807152319e+02
1.298004556370862588e+02
1.298590460980667274e+02
1.300394405030977794e+02
1.298984247506037946e+02
1.292711361117209776e+02
1.291223597088088866e+02
1.293357168775845878e+02
1.297532493712966470e+02
1.298113630013108093e+02
1.301124878801122122e+02
1.303358463435475016e+02
1.305210569126742541e+02
1.305061180936103256e+02
1.306122404985965204e+02
1.305578186854515366e+02
1.306644633186374733e+02
1.306509730491284529e+02
1.307585586354829559e+02
1.300995541772560102e+02
1.301207617952076987e+02
1.297381432274825102e+02
1.301193365934163921e+02
1.302619561549663558e+02
1.304464203585520181e+02
1.303903235944969765e+02
1.303336601964613237e+02
1.305188486832949195e+02
1.302210592760550867e+02
1.305667265414701035e+02
1.305522490317878237e+02
1.302952010422105786e+02
1.302779808507175119e+02
1.305838190411288338e+02
1.307311303445744102e+02
1.308799296409843009e+02
1.312726562030143214e+02
1.309420769727418303e+02
1.310930070431731167e+02
1.309626333769430460e+02
1.310733670474164398e+02
1.312660273206234081e+02
1.313798255763869918e+02
1.310099248246335719e+02
1.309595200248825790e+02
1.307469899241232554e+02
1.310575655799230503e+02
1.310076419999223560e+02
1.306339818181031660e+02
1.305393755738413404e+02
1.302417935089308401e+02
1.303048419282131931e+02
1.306513554830424937e+02
1.304357126091347538e+02
1.300966794031658935e+02
1.301986660638046658e+02
1.303420869331357608e+02
1.306485726597329062e+02
1.309177501613459071e+02
1.309876264256026559e+02
1.309774004299019339e+02
1.306034347776783591e+02
1.308317523006850251e+02
1.311431841421057527e+02
1.311345294364707570e+02
1.311661913499709442e+02
1.309557488383538839e+02
1.300967159983373165e+02
1.295926424225628750e+02
1.295279216389521650e+02
1.297453753928815559e+02
1.298842175685666973e+02
1.304689066349158111e+02
1.303322289241577892e+02
1.306386150749069088e+02
1.302612273483904914e+02
1.303244720690823044e+02
1.299439111808909502e+02
1.300847587685769611e+02
1.295805644127036658e+02
1.288692569825290377e+02
1.287972292752814667e+02
1.284416457326077250e+02
1.277996421541498364e+02
1.274339819738883079e+02
1.271050322968567343e+02
1.271768002998556284e+02
1.274513134341977150e+02
1.265568822567649789e+02
1.260170527846115078e+02
1.256737906915261220e+02
1.255290815065927177e+02
1.255041227339321637e+02
1.256809320544766280e+02
1.258595273277541509e+02
1.260399265936913764e+02
1.259393197916071756e+02
1.262821412036434907e+02
1.261839810137814339e+02
1.259636171856375881e+02
1.260642597834726502e+02
1.261255149328007974e+02
1.262681969018188965e+02
1.263719160624431481e+02
1.263554707701448621e+02
1.267024957274192474e+02
1.265681775024439588e+02
1.269173510125688580e+02
1.270680313258274907e+02
1.270182134604321220e+02
1.270487004650822769e+02
1.268370711768507704e+02
1.268657284614652667e+02
1.266926550115811523e+02
1.265582373854354756e+02
1.265032700862990964e+02
1.264881516023217927e+02
1.265940925275977378e+02
1.265798914420182086e+02
1.263635267091093937e+02
1.264278047566759540e+02
1.263715199562384015e+02
1.265166868244830169e+02
1.264208957823064736e+02
1.263645411942491563e+02
1.267116577719684329e+02
1.265370280524935112e+02
1.268050788409031497e+02
1.267930089302046923e+02
1.269828373032373321e+02
1.274170073770069536e+02
1.276131387646533710e+02
1.272859987521753311e+02
1.270363623759345444e+02
1.265821842181154011e+02
1.266082668869849783e+02
1.267558251383694881e+02
1.270260859983528263e+02
1.269758444427808399e+02
1.269250953967478210e+02
1.266718135320688248e+02
1.268200136687564026e+02
1.268080946149059542e+02
1.269980753685915289e+02
1.271899751197895085e+02
1.271009849694840455e+02
1.270514999691761773e+02
1.271631312819961153e+02
1.274779103858542442e+02
1.272302125109645772e+02
1.272224368797615597e+02
1.267297342219816159e+02
1.265956911333146166e+02
1.265815061952670817e+02
1.267691981770376515e+02
1.268375739161994602e+02
1.267854281981820179e+02
1.267327557557387507e+02
1.261138947027667712e+02
1.262160552553199011e+02
1.263192477326465024e+02
1.264234825582285708e+02
1.263267500588169838e+02
1.256229798573904617e+02
1.257201816741317799e+02
1.257375572465979587e+02
1.257955123703009122e+02
1.258136488588898061e+02
1.255491402615056415e+02
1.254839800621266619e+02
1.254585657193193100e+02
1.257561269892114666e+02
1.256930575648601973e+02
1.256697551160204256e+02
1.254441970868892469e+02
1.248931283705954201e+02
1.245385135056512667e+02
1.240995085915674707e+02
1.236964733248159121e+02
1.232893669947632418e+02
1.231205727219835495e+02
1.229500734565485942e+02
1.228990640975238051e+02
1.228475394924484334e+02
1.226338782752003311e+02
1.229029073486873358e+02
1.228918256047349473e+02
1.229614400047823324e+02
1.231125656613964168e+02
1.230227935973698408e+02
1.232149430276463136e+02
1.231262050784309281e+02
1.231577829075060464e+02
1.234321039469753600e+02
1.235879837848236491e+02
1.235838220048724310e+02
1.232967899039113604e+02
1.226432221251636321e+02
1.223870930557206407e+02
1.220475687431516576e+02
1.222702714577293790e+02
1.225760317754844380e+02
1.225212442176609642e+02
1.224254992097581578e+02
1.222479789997562705e+02
1.218262414138949907e+02
1.218042842564596668e+02
1.221861457135955931e+02
1.222890360743389095e+02
1.224333697720594927e+02
1.221347169414742524e+02
1.217118352944181368e+02
1.212846821155744692e+02
1.208936182985595025e+02
1.209026447460201439e+02
1.204269138848687959e+02
1.203908221059279668e+02
1.204351738443715334e+02
1.203991654993655942e+02
1.200395611104704585e+02
1.195955162732024633e+02
1.199146629022246060e+02
1.198733968709339734e+02
1.200741382534686466e+02
1.200344830843116171e+02
1.197520031154667635e+02
1.196282859752186454e+02
1.195033191668875219e+02
1.192154739059468511e+02
1.196115898039865755e+02
1.198904947515020467e+02
1.198893886378806712e+02
1.193226147857382387e+02
1.183864795815537150e+02
1.179661409914682224e+02
1.177839807994627108e+02
1.175191725247100294e+02
1.179385581057678110e+02
1.180793516219875841e+02
1.183023753757452141e+02
1.180428034098435290e+02
1.176593973836803002e+02
1.175549468522027041e+02
1.174494412648509893e+02
1.173428699644957334e+02
1.175180504691877843e+02
1.172505560294821834e+02
1.167379353833155591e+02
1.166241771548642703e+02
1.168729062170344264e+02
1.170837436535702665e+02
1.170946905591615348e+02
1.171865561203650827e+02
1.166732890104699862e+02
1.164376656671413883e+02
1.162804703708500398e+02
1.160004751220704406e+02
1.155964395172430557e+02
1.151479187042859991e+02
1.146948673780668884e+02
1.149645125030975237e+02
1.150752651546442280e+02
1.149851163178222180e+02
1.148536528462852573e+02
1.146400533800861012e+02
1.142626801819048552e+02
1.136794749312171859e+02
1.128075504355729350e+02
1.123712630662351728e+02
1.124962253194295556e+02
1.127840659792216371e+02
1.129131979588100023e+02
1.129224221806158681e+02
1.130125476571879375e+02
1.125783309668564840e+02
1.122609403705619684e+02
1.121423640106683592e+02
1.121033979905745070e+02
1.117408060510851158e+02
1.110513192435203678e+02
1.110013325692126216e+02
1.103447803729417274e+02
1.099240205787291274e+02
1.092969904835650112e+02
1.087848388722878354e+02
1.081463018911997267e+02
1.073396988799996734e+02
1.068077766464641485e+02
1.066341178247113533e+02
1.063374927522335440e+02
1.057146391436702686e+02
1.054491304481520473e+02
1.053829600486380542e+02
1.053969293420590674e+02
1.056534639818775787e+02
1.056701656382604568e+02
1.047577430689496225e+02
1.041997404736863473e+02
1.031108489633200378e+02
1.026170191548686148e+02
1.025626456109785209e+02
1.020228743545237080e+02
1.023261357116402905e+02
1.021476118299394642e+02
1.020884967979187081e+02
1.022308048463825685e+02
1.022937422690731211e+02
1.019532750192658881e+02
1.016497727467331487e+02
1.011815886330640240e+02
1.009915036697613999e+02
1.009207107775365131e+02
1.002027381591281596e+02
1.004472102617454397e+02
1.002093032946923756e+02
9.996899322696189927e+01
9.956463962319412531e+01
9.899458547797367203e+01
9.886321765451910437e+01
9.844769460052449972e+01
9.835120666719612359e+01
9.829414814868303552e+01
9.799408903907396962e+01
9.789301923138773986e+01
9.766971639534094152e+01
9.772698625792013161e+01
9.770402652315156899e+01
9.760002679106213463e+01
9.721214827380019585e+01
9.657792754929303669e+01
9.601810863564948306e+01
9.573546326833312037e+01
9.553077097811404883e+01
9.528360704860025976e+01
9.503394651373758961e+01
9.457974395327029526e+01
9.404014540734372929e+01
9.369711657307436781e+01
9.314860259906500062e+01
9.267535616067176818e+01
9.231854157643614656e+01
9.183691068326881179e+01
9.143122291239269828e+01
9.085982112362904672e+01
9.036345568043354604e+01
8.998328856609447257e+01
8.931645309706489400e+01
8.852166979501511435e+01
8.763805029799486590e+01
8.710914171514650661e+01
8.657489062136001223e+01
8.603524305187870880e+01
8.561135661805943187e+01
8.510238042228229460e+01
8.470947517402254334e+01
8.463583350911385139e+01
8.456144798900380977e+01
8.404186665555917557e+01
8.315340066218102777e+01
8.253878854765777362e+01
8.228160459359352785e+01
8.194101474100351368e+01
8.171819670808436342e+01
8.133151182634803433e+01
8.069849679429104583e+01
8.050353211544545218e+01
8.034700213681350078e+01
8.010808296647839200e+01
7.962432622876596611e+01
7.852962245329895552e+01
7.819153783161519300e+01
7.785003821375268274e+01
7.754549314520471626e+01
7.707625570222694478e+01
7.631945020426972803e+01
7.595904061037354893e+01
7.551418243472086544e+01
7.502442670173810768e+01
7.428729969872529182e+01
7.358313100881352398e+01
7.315467778668026710e+01
7.260068463301031727e+01
7.212190366970745004e+01
7.147667037344189112e+01
7.013805088226457940e+01
6.830106149723687281e+01
6.697076918912826216e+01
6.643512039305886674e+01
6.609608120511005325e+01
6.559200121728277111e+01
6.504242547200281876e+01
6.436608633535635704e+01
6.372331953066297672e+01
6.303365609157877714e+01
6.253904655715027872e+01
6.228186520924263903e+01
6.177966182751786306e+01
6.123198164395748933e+01
6.079998145854279556e+01
6.036361763489183119e+01
5.959961377261798532e+01
5.886829674001815960e+01
5.808918862628099333e+01
5.726180669321320238e+01
5.654727948809403415e+01
5.558311059403447274e+01
5.513445514548945425e+01
5.468126782372664962e+01
5.373865436740058499e+01
5.302894380545522068e+01
5.255448869237895337e+01
5.203483706300907841e+01
5.142912834647385267e+01
5.073649327926650443e+01
5.003686189824900055e+01
4.908773929116066626e+01
4.829064574864722204e+01
4.736428863499715902e+01
4.650938245959312667e+01
4.580745702989202073e+01
4.505803740393135115e+01
4.434145192316302797e+01
4.329439588198289357e+01
4.243878371917460157e+01
4.157452900926730877e+01
4.086316061542149924e+01
3.974056627820358756e+01
3.844501644262987128e+01
3.745961256831298414e+01
3.670667936193235903e+01
3.558250440599228170e+01
3.464899434948716817e+01
3.346363065604760578e+01
3.238750571317939375e+01
3.097727849816095258e+01
2.983563484662725429e+01
2.904609580467399255e+01
2.812736949967068156e+01
2.756299949461682885e+01
2.634646413597659276e+01
2.511764054139050728e+01
2.395721266807117900e+01
2.322950774552646180e+01
2.241364418740047881e+01
2.138751938121258789e+01
2.022981755678038240e+01
1.877759349169735614e+01
1.763393281989631944e+01
1.668074022211749607e+01
1.547549517385606421e+01
1.478332845844045984e+01
1.400336207923278131e+01
1.281147684770988171e+01
1.140553216940392112e+01
9.985386029700924482e+00
8.672107100708004168e+00
7.466774849199993902e+00
5.804823079999993141e+00
4.206891999999995413e+00
2.390800000000000480e+00
9.200000000000000400e-01
