1.288425649618749560e+02
1.291339040018945639e+02
1.294281858604992124e+02
1.305335210712111689e+02
1.310439606779905830e+02
1.315595562403949543e+02
1.304641982226210928e+02
1.309739375986069660e+02
1.312868056551586733e+02
1.307947531870285047e+02
1.296916698858878476e+02
1.293855251372608564e+02
1.298843688255157076e+02
1.305902715409253858e+02
1.304952237787123863e+02
1.308032563421333521e+02
1.307103599415494273e+02
1.310205655975240973e+02
1.315359248459837147e+02
1.314504291373572471e+02
1.317681102397551456e+02
1.324930406462168264e+02
1.318111521678960969e+02
1.315264163312087362e+02
1.316428447789985796e+02
1.311543886656549489e+02
1.312670592582369693e+02
1.313808679376135728e+02
1.314958261996094677e+02
1.318139658581910396e+02
1.327413796547389495e+02
1.318599794492312469e+02
1.323838176254859889e+02
1.325089066924102497e+02
1.326352592852628334e+02
1.327628881669321004e+02
1.326897860272039509e+02
1.322119050779836584e+02
1.327392980585697728e+02
1.336760586450196229e+02
1.336121804495147387e+02
1.345577580298134421e+02
1.336947050806195989e+02
1.332269748289084532e+02
1.333605806352609022e+02
1.341015966012735987e+02
1.344460571730035383e+02
1.339859163363677794e+02
1.339251680165329503e+02
1.350759272894270566e+02
1.354302295852801024e+02
1.357881106922015988e+02
1.365536471638403953e+02
1.361147951149901019e+02
1.364795910252427689e+02
1.362420111366093067e+02
1.366080920571802721e+02
1.361697899567480476e+02
1.359290807643913865e+02
1.344738189539310724e+02
1.325998171251831081e+02
1.294947647729122195e+02
1.291866310837496599e+02
1.290774051351007188e+02
1.291690960960615371e+02
1.294637334303648970e+02
1.287512458892576888e+02
1.288396423123814998e+02
1.291309518306885309e+02
1.298292442734219492e+02
1.299285295691138344e+02
1.302308379485995431e+02
1.299301393420196860e+02
1.294243831737574624e+02
1.291155385593510800e+02
1.294096349084354074e+02
1.299087221297324390e+02
1.300088102320530936e+02
1.301099093253062051e+02
1.304140498235413190e+02
1.311253028520623047e+02
1.318437402546079227e+02
1.313573133884928268e+02
1.310679933217101336e+02
1.309777710320302333e+02
1.304825970020511363e+02
1.297804010121727174e+02
1.298791929415890252e+02
1.293729221632209487e+02
1.292655779426475249e+02
1.299652302450984962e+02
1.296618487324224134e+02
1.301634835681037714e+02
1.298621046142462774e+02
1.305677824386328609e+02
1.302704873117498039e+02
1.303742296078284255e+02
1.302769996038670399e+02
1.303808076806736835e+02
1.310917249299734522e+02
1.316078029595689713e+02
1.315230332924940910e+02
1.308313467600948456e+02
1.299306532930248750e+02
1.292228821141669641e+02
1.291140223375421385e+02
1.294081033712549242e+02
1.301091953244999502e+02
1.308173690146461752e+02
1.311286555703498493e+02
1.300289450205551987e+02
1.295241868894503625e+02
1.294183705954039283e+02
1.301195662579835641e+02
1.300197638969533500e+02
1.297169332292459671e+02
1.300171042719652519e+02
1.299162669413789786e+02
1.300164312539182845e+02
1.305216477312301038e+02
1.304259067992228438e+02
1.307332391911340608e+02
1.310436759506409885e+02
1.319633090410511329e+02
1.326902111525768078e+02
1.332224355076535289e+02
1.335580156642960787e+02
1.322808239033297468e+02
1.317988120235654037e+02
1.319179919429952008e+02
1.320383756999951572e+02
1.317559350505004545e+02
1.318746818691921021e+02
1.323986685547392312e+02
1.329279480350906795e+02
1.336645939748387093e+02
1.338026201766053589e+02
1.337400203804090211e+02
1.340808286670798566e+02
1.340210390576565658e+02
1.337586253107644723e+02
1.343016417280445580e+02
1.346481229576206431e+02
1.352001241996167380e+02
1.349496204036535971e+02
1.351006266703572578e+02
1.354551784549058198e+02
1.360153317726330897e+02
1.363791230026591279e+02
1.365445686895540405e+02
1.367116855450046558e+02
1.370825106515200673e+02
1.370530410621412898e+02
1.370232738001425901e+02
1.361851250506490203e+02
1.367526515663124371e+02
1.369218702690022269e+02
1.372948184535376299e+02
1.372674933874116618e+02
1.376439327145572520e+02
1.382261946611689041e+02
1.384102976375446019e+02
1.377881794318632558e+02
1.379678580119831395e+02
1.379473313252352114e+02
1.383306377022577749e+02
1.389198360628867874e+02
1.393129657200874760e+02
1.393060259798863285e+02
1.390969959392792248e+02
1.390878746861404807e+02
1.390786612991321931e+02
1.398774356556891121e+02
1.396741774299889869e+02
1.402769468989789061e+02
1.408858049484630328e+02
1.410967726752151918e+02
1.417139117931465648e+02
1.421352644375218404e+02
1.423588529671937124e+02
1.427867201688830789e+02
1.438249698675588206e+02
1.424494645126851253e+02
1.418681459724090814e+02
1.410789353256658956e+02
1.400797326521879427e+02
1.408886188405936650e+02
1.408975947884787274e+02
1.413107018065441878e+02
1.417279816227718072e+02
1.419474561846179483e+02
1.429772284693111715e+02
1.426032610801122757e+02
1.430335970506184253e+02
1.432662596470894698e+02
1.426931915627162653e+02
1.431244359219360263e+02
1.437620564868042834e+02
1.442040974614177173e+02
1.444485832943621233e+02
1.448975588831936250e+02
1.449470291749426849e+02
1.441889183585286389e+02
1.434231498570997587e+02
1.428516665223228017e+02
1.418703702245683758e+02
1.416872426510792309e+02
1.423103461122013016e+02
1.429397435476777787e+02
1.435754985330079876e+02
1.440156550838463261e+02
1.442582374584304148e+02
1.449073105640715653e+02
1.451588995596681002e+02
1.460190904643113186e+02
1.456758489538497940e+02
1.437129787412626456e+02
1.429424027689519221e+02
1.421640432009617427e+02
1.429939830312742686e+02
1.420141242740144492e+02
1.414284083575904845e+02
1.408367761187781184e+02
1.394310869886648163e+02
1.392233201905704334e+02
1.396195153440103240e+02
1.396156720646568772e+02
1.396117899643000726e+02
1.400119090548488714e+02
1.406180899543930423e+02
1.414324140953462745e+02
1.416489031266122538e+02
1.416655587137499310e+02
1.416823825391409741e+02
1.425074571102433083e+02
1.425327849598421324e+02
1.423563484442850324e+02
1.419761095396816586e+02
1.415920298380622739e+02
1.401939695333960572e+02
1.397918884175721246e+02
1.395877660783555712e+02
1.395836020993492639e+02
1.391753556559080494e+02
1.383589451069776146e+02
1.375342879868465502e+02
1.367013009968145809e+02
1.366679808048631344e+02
1.356242230352153513e+02
1.349739626618336104e+02
1.349231946079128761e+02
1.350739339473868483e+02
1.354282161084712754e+02
1.349779960691628560e+02
1.349272687567300295e+02
1.350780492492222606e+02
1.352303527769926745e+02
1.357882351282750051e+02
1.357456920487625496e+02
1.357027192411743215e+02
1.356593123648227106e+02
1.358174872371947686e+02
1.361792800375706634e+02
1.369487677147177180e+02
1.371199673886036123e+02
1.364848155440440394e+02
1.358432480242869360e+02
1.360032808326131999e+02
1.365689705379929819e+02
1.367363338767606251e+02
1.369053877543034616e+02
1.378842300548519120e+02
1.384689192473256298e+02
1.378473931791162954e+02
1.376236294738551749e+02
1.384077065392473571e+02
1.385936429689372176e+02
1.391854979484209593e+02
1.391772706549712950e+02
1.377548188434049621e+02
1.369240594377825460e+02
1.366909691290738067e+02
1.372636051808821946e+02
1.376400052332145378e+02
1.376161669022366141e+02
1.379961281840776337e+02
1.385819476606845342e+02
1.387696441017019424e+02
1.383531758603045319e+02
1.387405816770755393e+02
1.387278602798741645e+02
1.385129901816912081e+02
1.376898890724150988e+02
1.360503930024394208e+02
1.356064575782216366e+02
1.347539975537596320e+02
1.344989874280395838e+02
1.342414014424647348e+02
1.343852539822873666e+02
1.341265191740272940e+02
1.320469890646744204e+02
1.315626152168424028e+02
1.306693082998410205e+02
1.307770790907487708e+02
1.312899788795436393e+02
1.305959382621661575e+02
1.307029679415812495e+02
1.312151191329107576e+02
1.313284031645565619e+02
1.324529324894504327e+02
1.315686186762125942e+02
1.316854734103160069e+02
1.320055286972890940e+02
1.319247764619077543e+02
1.324492691534422306e+02
1.327770395489315547e+02
1.333101409585171382e+02
1.338486272308249170e+02
1.339885123543689929e+02
1.335237498528979074e+02
1.332563129827245518e+02
1.329861747300251409e+02
1.325112876060857161e+02
1.322336238445312517e+02
1.329632564086172977e+02
1.337002589986033740e+02
1.340406656551549816e+02
1.333744097526819701e+02
1.316913229825068470e+02
1.305972959419263475e+02
1.298962585271982846e+02
1.301982409365640194e+02
1.305032736732969738e+02
1.304073471447442785e+02
1.299064112573175578e+02
1.291983952094114443e+02
1.288872678882947014e+02
1.291790584730249236e+02
1.292717762353783826e+02
1.287593699347259530e+02
1.278377474088139536e+02
1.275128761705193057e+02
1.271847234045648776e+02
1.268532559642069799e+02
1.263164201658656793e+02
1.253701213796623222e+02
1.252223448279417681e+02
1.258811563918604151e+02
1.263446024160208481e+02
1.262066691070914146e+02
1.260673425324156796e+02
1.263306490226422483e+02
1.261925747703453879e+02
1.264571462326720450e+02
1.269264103360325890e+02
1.271983942788207571e+02
1.274731255341622926e+02
1.277506318526892102e+02
1.280309412653428183e+02
1.279100416821645467e+02
1.281919612951154477e+02
1.280726881768844407e+02
1.281542304817012052e+02
1.284386166481832561e+02
1.291299158062456058e+02
1.294241573800463243e+02
1.299233912929757366e+02
1.298216073666420129e+02
1.299208155218607317e+02
1.302230459816772168e+02
1.303263090724016706e+02
1.312386960327286545e+02
1.309481778108369099e+02
1.304527048594316625e+02
1.307603079388196647e+02
1.304649575139592912e+02
1.313787449635952385e+02
1.325037827915102184e+02
1.330341240318284122e+02
1.335698222543722693e+02
1.328988103579518452e+02
1.326250609676282579e+02
1.329546070380082767e+02
1.330854616545537397e+02
1.330156178328822705e+02
1.331470887200832749e+02
1.334819077980640429e+02
1.338201088869334683e+02
1.345657665524579727e+02
1.345108753055131956e+02
1.354655306116295606e+02
1.358237682945753306e+02
1.353775437318941499e+02
1.361389330625192713e+02
1.365039727904236031e+02
1.362666391822459389e+02
1.364309486689355992e+02
1.374049986554899192e+02
1.375808067227168863e+02
1.379604108310274171e+02
1.379398089202300355e+02
1.379189989093231929e+02
1.383020191003261630e+02
1.388909283841684044e+02
1.390817458425939890e+02
1.394765109521152056e+02
1.398752635879950219e+02
1.400760238262576536e+02
1.402788119457148071e+02
1.408876888340552398e+02
1.413006957919749880e+02
1.415158543353288962e+02
1.423392468033620162e+02
1.431709563670326304e+02
1.425969256232651219e+02
1.422191167911768446e+02
1.416354715062392984e+02
1.412479510164034195e+02
1.410585363802053962e+02
1.410692286668740962e+02
1.410800289564385253e+02
1.414949787438773114e+02
1.415100795392699524e+02
1.415253328679495155e+02
1.419447806746965455e+02
1.423684653279760823e+02
1.429984498262385841e+02
1.428267169962006449e+02
1.424512292890915148e+02
1.426780093829207203e+02
1.429070801847683754e+02
1.435425052371397783e+02
1.429722275122625490e+02
1.425982096083457691e+02
1.428264743518642490e+02
1.434610852039029965e+02
1.432940254584883633e+02
1.437313388469579536e+02
1.441730695423816542e+02
1.450233025680624337e+02
1.452760632000634189e+02
1.461374375758213091e+02
1.470075127028501356e+02
1.476843562655052438e+02
1.473579356217219356e+02
1.470282177997189592e+02
1.458870886865847751e+02
1.453404936228135966e+02
1.457984784068823103e+02
1.460590690978605721e+02
1.469283526241013931e+02
1.461902551758602158e+02
1.464548032079398467e+02
1.467220234423636498e+02
1.473959832751144461e+02
1.478747305809238810e+02
1.487623541221449273e+02
1.486488425476213422e+02
1.485341843915364848e+02
1.480143276682190105e+02
1.484993208769887758e+02
1.483831524009987390e+02
1.480637903040389460e+02
1.475391821252921432e+02
1.472112950760525791e+02
1.464760556323765570e+02
1.463394501337137115e+02
1.464034849835487648e+02
1.462661464480295592e+02
1.467334812606357559e+02
1.472055366269045180e+02
1.484904410372776624e+02
1.493842838760379550e+02
1.496810948242807626e+02
1.489708028528088164e+02
1.468391948008169834e+02
1.454941361624416061e+02
1.449435718812539164e+02
1.447914867487411072e+02
1.432237239886275688e+02
1.426502262511392587e+02
1.426769962132717637e+02
1.429060567810827820e+02
1.433394512940226662e+02
1.433731831252756876e+02
1.442153364901772363e+02
1.448639762527041626e+02
1.449131073259640061e+02
1.449627346726909707e+02
1.429926612855465180e+02
1.414067285712589808e+02
1.410168975467263976e+02
1.408251490370973329e+02
1.410355040778759701e+02
1.402378829069457424e+02
1.394322049565105601e+02
1.394264696530409822e+02
1.400267370232736255e+02
1.406330677002765128e+02
1.408414825255319727e+02
1.416580631571029585e+02
1.412707708657604257e+02
1.406775463290510970e+02
1.402803498273241587e+02
1.406872220478022086e+02
1.410982040886893856e+02
1.398971758471609803e+02
1.407042180274348482e+02
1.413173919469041380e+02
1.417347393403074989e+02
1.423583225659668301e+02
1.413720429959261935e+02
1.415879222181075079e+02
1.411999214324316370e+02
1.404039610428600895e+02
1.412161222655153949e+02
1.416324467328439312e+02
1.416489360937813444e+02
1.422716526199812961e+02
1.424966188080619816e+02
1.429258775839009274e+02
1.433594723069706447e+02
1.427873457646169015e+02
1.422094401662797907e+02
1.418277173396763544e+02
1.402300175148248513e+02
1.388181995099238577e+02
1.390082823332565738e+02
1.396043255891481181e+02
1.375801268577253325e+02
1.377577038966921350e+02
1.381390948451433474e+02
1.383223180253975215e+02
1.385073919448457502e+02
1.393003959038846915e+02
1.396973695998839275e+02
1.396943127271553067e+02
1.398932451789444258e+02
1.402962072514592933e+02
1.405012194459186219e+02
1.403042620665840730e+02
1.397012748147313630e+02
1.401022977926579074e+02
1.401033311036950124e+02
1.409124556602977805e+02
1.413257127881799988e+02
1.423492048365454821e+02
1.419688937742881194e+02
1.421908017922104932e+02
1.424149513052630880e+02
1.428433851568313742e+02
1.430741264210418535e+02
1.427011377990321250e+02
1.427284220192240696e+02
1.433620424436608118e+02
1.438000428723847222e+02
1.436364069418027327e+02
1.444812191331340330e+02
1.443244637708422999e+02
1.443681452230729860e+02
1.446142881041141095e+02
1.436507960647617779e+02
1.436876727926890567e+02
1.431188614067561389e+02
1.433523852593496599e+02
1.435882679387373742e+02
1.430184524633708065e+02
1.434529822862334072e+02
1.440939215012458021e+02
1.445393146477229607e+02
1.453932471189120008e+02
1.456497445645579205e+02
1.459088328934924164e+02
1.457664978722145293e+02
1.458247453254694506e+02
1.456815609348173552e+02
1.443248090250681912e+02
1.437624333586549881e+02
1.431943771299541766e+02
1.414084617474285892e+02
1.414226886337663984e+02
1.416390794280468413e+02
1.418576559879260799e+02
1.420784403918445946e+02
1.423014549412571625e+02
1.425267221628861591e+02
1.427542648109960055e+02
1.433881462737335539e+02
1.436243901754882017e+02
1.436610001772607745e+02
1.439000001790515171e+02
1.439393941202537235e+02
1.443832263840948542e+02
1.450335620041358027e+02
1.460945070748850583e+02
1.471661687625098693e+02
1.458244128914241173e+02
1.442670837287116115e+02
1.435021047764765001e+02
1.425273785620972262e+02
1.423508874364618464e+02
1.425766539762241223e+02
1.428047009860847538e+02
1.434390919051364222e+02
1.438778706112487669e+02
1.443210814255037349e+02
1.455768499247514569e+02
1.446230807320719691e+02
1.436596775071435843e+02
1.426865429365085447e+02
1.408954979156650893e+02
1.400964625410760505e+02
1.402994571121977572e+02
1.407065223355538421e+02
1.415217397328824518e+02
1.423451916493758631e+02
1.431769612619960412e+02
1.438151123858544338e+02
1.442576892786408962e+02
1.449067568471122911e+02
1.453603604516283667e+02
1.462225863147759810e+02
1.446692791058342777e+02
1.445144233392267665e+02
1.435499225648753452e+02
1.431817399645207729e+02
1.436179191560817685e+02
1.444625446021026391e+02
1.449116612142450151e+02
1.435471325396416944e+02
1.429769015551932512e+02
1.424009106618117357e+02
1.420211218806173861e+02
1.422435574551691957e+02
1.422662196516865265e+02
1.428951713653396212e+02
1.435304761266059188e+02
1.435661375016219949e+02
1.448142803046683582e+02
1.454689700047156578e+02
1.449181515199152841e+02
1.453718702221362946e+02
1.448200709314508856e+02
1.442626979105562555e+02
1.443057554652085059e+02
1.451573287527357934e+02
1.456134633866018646e+02
1.450641044309108452e+02
1.447112165968795239e+02
1.439507238352319973e+02
1.445966907426585237e+02
1.458552431744028013e+02
1.465204476509119047e+02
1.469903511625370527e+02
1.464549001641786390e+02
1.455100001658372264e+02
1.451616163291288331e+02
1.444056730597257570e+02
1.450562354138643002e+02
1.451073084988529445e+02
1.453609176756091301e+02
1.460211289652616529e+02
1.456779080457188797e+02
1.449271798441605199e+02
1.445729089334955688e+02
1.450231403368640599e+02
1.456799397342063571e+02
1.463433734688952086e+02
1.455993671402980567e+02
1.440397647881801504e+02
1.426664290789697134e+02
1.420873020999691221e+02
1.427144465656256500e+02
1.431459056218438377e+02
1.431776824463071875e+02
1.440178610568759439e+02
1.434523849059353893e+02
1.426791766726620949e+02
1.425042188612746372e+02
1.423274937992674722e+02
1.417449432315833917e+02
1.415605487187709173e+02
1.407682310290617238e+02
1.399679101303651692e+02
1.401696061922879721e+02
1.409794001942304362e+02
1.411913133275054406e+02
1.407993063914196910e+02
1.404033397893128381e+02
1.400033735245584126e+02
1.404074480046044755e+02
1.400075232369741514e+02
1.402096194312868818e+02
1.394036559911992583e+02
1.389935919103021149e+02
1.383773655659616679e+02
1.389670359252139065e+02
1.395626625507208303e+02
1.389521843946677961e+02
1.391436206006743248e+02
1.395390107077516859e+02
1.399383946542949673e+02
1.403418127821158805e+02
1.405472856385010232e+02
1.403507935742433119e+02
1.387381753275184337e+02
1.387254296237562130e+02
1.387125551755112838e+02
1.391035910863748768e+02
1.399026172589647672e+02
1.409117346050150559e+02
1.409209440454695539e+02
1.409302465105753015e+02
1.405356025359346290e+02
1.399349520564997533e+02
1.391262141984844050e+02
1.399254688873581074e+02
1.399247160478364549e+02
1.407320364119559031e+02
1.409414509211677000e+02
1.409509605264320271e+02
1.413646065923556137e+02
1.409743500932884785e+02
1.409841920134226712e+02
1.416001939529521678e+02
1.426264585383354984e+02
1.428550086245814157e+02
1.434899077015974456e+02
1.445352603046437707e+02
1.443790508127714816e+02
1.438172230432035690e+02
1.430477000436399919e+02
1.432805050945858056e+02
1.437176819137229131e+02
1.441592746603265880e+02
1.442012875356832069e+02
1.436376641774577934e+02
1.420582466438966662e+02
1.416749966099965832e+02
1.410858551616127556e+02
1.398847021834473594e+02
1.394794971549972047e+02
1.404843405606033571e+02
1.400851924854578385e+02
1.392779722075332245e+02
1.378565375833669009e+02
1.370268056397645466e+02
1.369967733734997068e+02
1.373704781550501934e+02
1.367378567222729657e+02
1.365028855780534798e+02
1.348513995737911273e+02
1.347993935088800583e+02
1.345448419281615600e+02
1.342877191193551880e+02
1.342300193124797829e+02
1.347777972853332642e+02
1.349270679649829958e+02
1.350778464292759509e+02
1.360382287164405284e+02
1.364022512287276072e+02
1.363659103320482018e+02
1.369352629616648187e+02
1.375103666279444212e+02
1.378892592201457035e+02
1.382719790102481170e+02
1.384565444547960738e+02
1.392490348028244114e+02
1.392414492957822461e+02
1.382236861573556439e+02
1.375996829872280216e+02
1.375754373608364460e+02
1.371469064250870247e+02
1.359059660859464316e+02
1.364706728140875214e+02
1.366370432465529916e+02
1.368050941884372946e+02
1.371768628166035171e+02
1.381584472894986106e+02
1.385438861510085644e+02
1.387311981323317980e+02
1.391224223558907056e+02
1.387095175312027493e+02
1.386964823547505148e+02
1.382792751058082672e+02
1.370497728341496781e+02
1.358078513476261264e+02
1.355634862097233508e+02
1.355186729391146230e+02
1.346653262011257652e+02
1.346114406071977783e+02
1.343549905123209669e+02
1.340959500124454848e+02
1.330262121337832184e+02
1.325517294280638794e+02
1.320724539677414100e+02
1.313863171391326432e+02
1.312993102415480848e+02
1.306053638803516037e+02
1.309145089700523386e+02
1.320348575455073217e+02
1.323584419651588746e+02
1.314731737021805884e+02
1.301749229314954732e+02
1.284595181126218506e+02
1.279389071844663732e+02
1.266049567519863359e+02
1.260656128807941911e+02
1.255208210917113547e+02
1.253745667593043720e+02
1.246207745043479633e+02
1.228492671761091941e+02
1.196457244203122343e+02
1.188340650710224082e+02
1.180142071424467360e+02
1.177921284267139725e+02
1.167597256835495898e+02
1.155148744278278627e+02
1.148635095230584255e+02
1.146096055788468249e+02
1.149591975543907836e+02
1.151103005599906481e+02
1.142528288484753602e+02
1.135887160085611356e+02
1.133219353621827423e+02
1.132544801638209435e+02
1.133883638018395743e+02
1.133215795978177027e+02
1.136581612099168694e+02
1.127860214241583918e+02
1.112990115395540727e+02
1.093929409490444016e+02
1.078716575242872011e+02
1.067390480043307264e+02
1.070091393983137067e+02
1.064738781801149088e+02
1.065392708890048823e+02
1.068073443323281708e+02
1.070781255882102698e+02
1.075536622103134476e+02
1.068218810205188163e+02
1.060827081015340525e+02
1.057401091934686690e+02
1.060001102964330357e+02
1.060607174711443861e+02
1.049098156274187232e+02
1.041513289165845464e+02
1.035872009258429500e+02
1.036234352786292163e+02
1.030539750289184866e+02
1.022767424534530392e+02
1.020977196499527224e+02
1.027249693433864195e+02
1.025504740842287674e+02
1.027782566507360542e+02
1.022002592431677783e+02
1.010103628718865991e+02
1.010205685574612886e+02
1.012328975327890532e+02
1.012453510432212482e+02
1.010559101446679335e+02
1.014706163077453596e+02
1.012834508159044589e+02
1.017004553696006042e+02
1.017176316864651255e+02
1.017349815014798935e+02
1.015504863651312633e+02
1.011621074395265225e+02
1.013758661005317663e+02
1.013897637379108971e+02
1.014038017554655937e+02
1.016200017731975720e+02
1.016363654274722990e+02
1.016528943711840043e+02
1.020736306779636777e+02
1.016905360383472896e+02
1.000914505437850437e+02
9.847621267048991456e+01
9.765274007120194710e+01
9.682094956687073761e+01
9.537469653219264387e+01
9.431787528504308682e+01
9.304835887378092707e+01
9.217005946846549591e+01
9.128288835198529227e+01
9.099281651715692476e+01
9.090183486581510408e+01
9.101195440991423879e+01
9.152722667668101053e+01
9.184568351179896695e+01
9.095523587050406888e+01
9.045983421263039759e+01
9.076750930568728393e+01
9.128031242998706318e+01
8.998011356564344965e+01
8.947486218751870979e+01
8.815642645203917027e+01
8.682467318387790556e+01
8.669158907462414732e+01
8.595110007537788022e+01
8.540515159129081724e+01
8.444964807201094459e+01
8.409055360809185231e+01
8.413187233140584453e+01
8.296148720344027083e+01
8.198130020549524488e+01
8.179929313686388070e+01
8.100938700693318140e+01
8.041352222922549231e+01
8.082173962548026225e+01
8.042599962169721550e+01
8.022828244615882909e+01
7.982654792541293887e+01
7.820863426809384578e+01
7.718043865464025544e+01
7.715195823701036204e+01
7.712319013839427839e+01
7.709413145292353420e+01
7.645871863931670021e+01
7.601890771648153589e+01
7.577667446109244054e+01
7.573401460716407030e+01
7.488284303753945892e+01
7.483115458337319126e+01
7.316278240744763650e+01
7.087149738126028353e+01
6.916312866793968794e+01
6.804356431105017577e+01
6.671067102126279735e+01
6.516229396087149439e+01
6.501241814229442184e+01
6.405294761847929408e+01
6.368984607927195896e+01
6.312105664572927566e+01
6.295056226841339964e+01
6.237430532162967722e+01
6.179222759760581596e+01
6.100225009859169489e+01
6.020429302888047829e+01
6.000433639280853271e+01
5.960033979071573640e+01
5.919226241486436635e+01
5.857804284329737499e+01
5.815963923565389848e+01
5.793902953096352348e+01
5.731215104137730521e+01
5.667894044583562163e+01
5.624135398569256949e+01
5.458722624817433910e+01
5.332043055371148199e+01
5.305093995324385503e+01
5.217266661943830286e+01
5.168956224185679105e+01
5.059551741601701735e+01
4.949042163234038583e+01
4.918224407307110368e+01
4.947701421522334186e+01
4.957274163153871882e+01
4.845731477933206577e+01
4.672456038316367710e+01
4.578238422541785013e+01
4.523473154082608971e+01
4.468154701093547487e+01
4.412277475852066289e+01
4.295229773587945488e+01
4.278009872311057649e+01
4.098999871021268859e+01
3.918181687900271015e+01
3.775941098889163072e+01
3.672667776655716665e+01
3.527947249147192110e+01
3.361562877926453297e+01
3.112689775683286797e+01
3.022918965336652874e+01
2.932241379127930259e+01
2.860849877907001471e+01
2.788737250411112356e+01
2.715896212536477350e+01
2.622117386400481109e+01
2.426381198384324378e+01
2.329677978165983632e+01
2.272401998147459068e+01
2.133739392068141427e+01
1.832059991988021608e+01
1.709151507058607677e+01
1.645607582887482678e+01
1.581421800896448282e+01
1.516587677673179613e+01
1.350088563306242051e+01
1.101099558895193908e+01
9.910096554496909960e+00
9.000097529794857110e+00
8.282926797772583782e+00
7.154471512901598551e+00
6.418658093839999523e+00
5.675412215999999788e+00
4.520618400000000037e+00
3.354160000000000252e+00
2.984000000000000430e+00
1.600000000000000089e+00
