2.137364052389631865e+02
2.152892982211747608e+02
2.158477759809846361e+02
2.166139151323078806e+02
2.177918334669776357e+02
2.189816499666437721e+02
2.203855050168120613e+02
2.211974798149612127e+02
2.212095755706675959e+02
2.210197733037049943e+02
2.218381548522275466e+02
2.228668230830588186e+02
2.239058819020797273e+02
2.241473554566464372e+02
2.239872277339856623e+02
2.238254825595807631e+02
2.244701844036169405e+02
2.255254387915327356e+02
2.269953927187199838e+02
2.280761542613336985e+02
2.291678325872050550e+02
2.306745783709144177e+02
2.311864427989041246e+02
2.321075179786911633e+02
2.330378969481726585e+02
2.343817140890627684e+02
2.357391051404677569e+02
2.371102072125935933e+02
2.388991992046404960e+02
2.409082820248888765e+02
2.417255373988779752e+02
2.421470074736133995e+02
2.427747550238520091e+02
2.428027828523759979e+02
2.422250331842186029e+02
2.428535688729479602e+02
2.422763321948971793e+02
2.433094264594918457e+02
2.447569964237288218e+02
2.466232287108376227e+02
2.470941704149871327e+02
2.473678489040281931e+02
2.470382312161891036e+02
2.475133648648382803e+02
2.488013786513516266e+02
2.501024026781325631e+02
2.516185885637699755e+02
2.527460490543134597e+02
2.540869182366801340e+02
2.542292103400807264e+02
2.547769801414951019e+02
2.557343233752484934e+02
2.567013367426745276e+02
2.582841785279537703e+02
2.596809884120749530e+02
2.610919074869443079e+02
2.631231388757015566e+02
2.647708473491933319e+02
2.668392397466600983e+02
2.675143835824854932e+02
2.677923066489749431e+02
2.682750572211861595e+02
2.687626840618039523e+02
2.690532162240452863e+02
2.699527436606513220e+02
2.716694380410619942e+02
2.732014525667303815e+02
2.739408611785148651e+02
2.756978395742577845e+02
2.772705450245040311e+02
2.790611565904080749e+02
2.808698551418254965e+02
2.818887425675011400e+02
2.827159015833341300e+02
2.839554561447820333e+02
2.841974304492741226e+02
2.844418489386606552e+02
2.846887363016766699e+02
2.837259962643196332e+02
2.849757538023430925e+02
2.840159129316597273e+02
2.842584979107685399e+02
2.834934322330990994e+02
2.823165982152514744e+02
2.815319173891431888e+02
2.817494115041848772e+02
2.813630419234191891e+02
2.811747898216358408e+02
2.819947371935713818e+02
2.826209466601734448e+02
2.832534814749230350e+02
2.849025065403263852e+02
2.859621278185109077e+02
2.878405331500106286e+02
2.893338718686984521e+02
2.902362342108064581e+02
2.911477113240459289e+02
2.932805164889356888e+02
2.954348651403390704e+02
2.953887526670090438e+02
2.953421744111207659e+02
2.952951256677985157e+02
2.958536622907056994e+02
2.974279417077838161e+02
2.984120623310940346e+02
2.998101639708022503e+02
3.010203676472743837e+02
3.016367349972477427e+02
3.018552878760079921e+02
3.022780685616241385e+02
3.033111803652765275e+02
3.043547276416935574e+02
3.054088157996903874e+02
3.068775917168600245e+02
3.087652441584442045e+02
3.104699435943871322e+02
3.111817612064518812e+02
3.116987486933854825e+02
3.124229784781677495e+02
3.135585641193611650e+02
3.153116809286476041e+02
3.168804857865122813e+02
3.186671573601132650e+02
3.188557145051652242e+02
3.180360752577431072e+02
3.176121972300433640e+02
3.175880780101444429e+02
3.181697757678228982e+02
3.189593694624469435e+02
3.199589590529773204e+02
3.197565242959375382e+02
3.197540649453907236e+02
3.185394595407982479e+02
3.179186460008060635e+02
3.180996424250567998e+02
3.184844872980371520e+02
3.178631184828653318e+02
3.184475944271367780e+02
3.192399943708459773e+02
3.188282771422682913e+02
3.186144213558272895e+02
3.175903246018448272e+02
3.157478026281262373e+02
3.153008107354810363e+02
3.146472835711925882e+02
3.145932157284781852e+02
3.153466825540186278e+02
3.161077601555736010e+02
3.166745052076507818e+02
3.164388941491417881e+02
3.153928223728709668e+02
3.141341640130010546e+02
3.130648121343441517e+02
3.119846587215594695e+02
3.098834936581407078e+02
3.069530238971113931e+02
3.052050746435483006e+02
3.046515905490381897e+02
3.032844348980189579e+02
3.025095302000187303e+02
3.021308385858770293e+02
3.017483218039168378e+02
2.993417391958752773e+02
2.969108476726013350e+02
2.948594420935366429e+02
2.931913556500375080e+02
2.921124804545833058e+02
2.914267479339217743e+02
2.905320686201226295e+02
2.894263319395184908e+02
2.885114464035540323e+02
2.881933802056100831e+02
2.876700810157682326e+02
2.877475565815844902e+02
2.890379359409943163e+02
2.903413494353472970e+02
2.908498479144925568e+02
2.911614625398914882e+02
2.906681439796874429e+02
2.897658019996848680e+02
2.890563656562468395e+02
2.877337026830773539e+02
2.872057602859369467e+02
2.864704649352904084e+02
2.851216817528189154e+02
2.827491734876958844e+02
2.811607813007022969e+02
2.791523043441432606e+02
2.771235397415590569e+02
2.777005451934941220e+02
2.790914597914082833e+02
2.792843028196040791e+02
2.792770735551555958e+02
2.796738116718741480e+02
2.790644562342168911e+02
2.772368244790071117e+02
2.751887115949569420e+02
2.733219309039964173e+02
2.706282130343398649e+02
2.689173869033738242e+02
2.686034211145190511e+02
2.694984051661809303e+02
2.702004092587683886e+02
2.692933426856245092e+02
2.685791340258832633e+02
2.688678121473570855e+02
2.689573860074307845e+02
2.690478646539712599e+02
2.699473380343144981e+02
2.718659980144592510e+02
2.731979777923825168e+02
2.731292704973562877e+02
2.740699701993499957e+02
2.750201719185350839e+02
2.759799716348832703e+02
2.771514864998819689e+02
2.773247338382642511e+02
2.777017513517827183e+02
2.774765165169529837e+02
2.770469863807600177e+02
2.770171579603632495e+02
2.763809676367307588e+02
2.759403713502331357e+02
2.761013852022554147e+02
2.768700860628844680e+02
2.772425111746316588e+02
2.774166779541735650e+02
2.775926039941151657e+02
2.783763676708226740e+02
2.793700683543661967e+02
2.795657256104709631e+02
2.795613390004751864e+02
2.797589282833083644e+02
2.809686144275843276e+02
2.809783984117011073e+02
2.811903014259614793e+02
2.818083852787484602e+02
2.822306922007560956e+02
2.812431234351067246e+02
2.808516398334413680e+02
2.806582220539811487e+02
2.800588101555370031e+02
2.794533435914510733e+02
2.782357005974260460e+02
2.766017177751776330e+02
2.753552704799775483e+02
2.757123944242194398e+02
2.754670650749686729e+02
2.756232980555237191e+02
2.769932303591151026e+02
2.791850811708240485e+02
2.805909910816399133e+02
2.820111021026667117e+02
2.840516182855217835e+02
2.865167861469914783e+02
2.875927132797899617e+02
2.870633467472630400e+02
2.879427744921845260e+02
2.896391661537217601e+02
2.919587536906281571e+02
2.928876299905332985e+02
2.930178080712453834e+02
2.933513212840859410e+02
2.934861831152391574e+02
2.940264475911503723e+02
2.925519672637886401e+02
2.902545123876650450e+02
2.877318306946111193e+02
2.857897279743550030e+02
2.836259878528844638e+02
2.836626139928113162e+02
2.841036504977890331e+02
2.859632833310994329e+02
2.880437205364639226e+02
2.903471924610749966e+02
2.922698913748236009e+02
2.946160518937615507e+02
2.937535877714767025e+02
2.930844320924006752e+02
2.940246788812131058e+02
2.953784635163763710e+02
2.965439025417941821e+02
2.979231338806001190e+02
2.989122564450499908e+02
3.003154105505564075e+02
3.025408187379356377e+02
3.045866855938740514e+02
3.066532177715905618e+02
3.081345634056468157e+02
3.088227913188346179e+02
3.103260518372071601e+02
3.114404564012191940e+02
3.125661175769897682e+02
3.139051692696863256e+02
3.144496659289766853e+02
3.145956221504808923e+02
3.145410324752327824e+02
3.161020530052857112e+02
3.176788414194804204e+02
3.194735771913944404e+02
3.200743203953487637e+02
3.210851721165138315e+02
3.200860324409235318e+02
3.192788206473970263e+02
3.186654754014117543e+02
3.180459347489003221e+02
3.176221563120199107e+02
3.178001578909300520e+02
3.177779372635648656e+02
3.189676133975404468e+02
3.205733468662032237e+02
3.230033806729325647e+02
3.258620006797301585e+02
3.275373744239695952e+02
3.284215903272414039e+02
3.285066568962031965e+02
3.259663200971743890e+02
3.240063839365405443e+02
3.220266504409509025e+02
3.214410610514652262e+02
3.208495566176414968e+02
3.196460167854955898e+02
3.180262795813088132e+02
3.165922015972820418e+02
3.151436379770523217e+02
3.138824626030835816e+02
3.124065278819024343e+02
3.109156847291945951e+02
3.083996815446404867e+02
3.048481631764054214e+02
3.022708718953596190e+02
2.996675473690490890e+02
2.988561084535846817e+02
2.988445539935207194e+02
2.986308626197179592e+02
2.990210733532502445e+02
2.996172458113639436e+02
3.002194402134991265e+02
3.026458992055553381e+02
3.026726254601553023e+02
3.035077024850049838e+02
3.035431338232380654e+02
3.033769028517541528e+02
3.032089927795505560e+02
3.038474674540916567e+02
3.057045125798908884e+02
3.063681945251427692e+02
3.062304995203461999e+02
3.030611106266116508e+02
2.994556672996075690e+02
2.958138053531392302e+02
2.939533387405447797e+02
2.926801401419646140e+02
2.917981213555200952e+02
2.917152740964846771e+02
2.914295697944285166e+02
2.917470401963917084e+02
2.910576163599918118e+02
2.897551680403958017e+02
2.900557252933296013e+02
2.893492174680105791e+02
2.892416338060708085e+02
2.891329634404756916e+02
2.892252155964403642e+02
2.901264804004445637e+02
2.912388690913589357e+02
2.913523930215737323e+02
2.924771646682559663e+02
2.936132976447032661e+02
2.945588865098008569e+02
2.947059459694963266e+02
2.960666120904007244e+02
2.974410223135359388e+02
2.984252750641775265e+02
2.990154293577551243e+02
2.981974033916711164e+02
2.975731347390626524e+02
2.981546815546085440e+02
2.971259409642506171e+02
2.977029706709608377e+02
2.980838087585462404e+02
3.002866755136820416e+02
3.021077530441237400e+02
3.031391444890135745e+02
3.035748934232459533e+02
3.038130236598445322e+02
3.038515390503486060e+02
3.034864030811602333e+02
3.025115182637981661e+02
3.021328467311095096e+02
3.007402492233425164e+02
3.003436860841839007e+02
3.005491778628123711e+02
3.005547251139510649e+02
3.007623485999507693e+02
3.009720692928802919e+02
3.007798679726063824e+02
3.019998666389959681e+02
3.036362289282791380e+02
3.054911403315948633e+02
3.067587276076718013e+02
3.062209369774458310e+02
3.066878151287335186e+02
3.061493082108420936e+02
3.066154628392342261e+02
3.072883463022571959e+02
3.077660063659163825e+02
3.080464710766833036e+02
3.073196677542258612e+02
3.065855229840664151e+02
3.072581040243092616e+02
3.087455596205140864e+02
3.102480400207219304e+02
3.107555959805264933e+02
3.104601979601282551e+02
3.107678767274022107e+02
3.110786633610124454e+02
3.113925892535479534e+02
3.113056457106544030e+02
3.118238845562168535e+02
3.125493783396130993e+02
3.138882609491040512e+02
3.142305666152569188e+02
3.135662289042992370e+02
3.128951807114132180e+02
3.120153340519328822e+02
3.115306404564975651e+02
3.118491317742397086e+02
3.123728603780206754e+02
3.133059195737583877e+02
3.146524440138969112e+02
3.166186303170685505e+02
3.173925558758261332e+02
3.179722786624506625e+02
3.169416956186371408e+02
3.148906016349878882e+02
3.136268703383710204e+02
3.131584548872435221e+02
3.114731867547916409e+02
3.109830169240316877e+02
3.123060777010422839e+02
3.116223007081231913e+02
3.119417178869933878e+02
3.122643615020135712e+02
3.113781429313269200e+02
3.106849928599253303e+02
3.111969624847732803e+02
3.117141035199732073e+02
3.114283873939115210e+02
3.121498862564769752e+02
3.108584709661386114e+02
3.091499706728669707e+02
3.078282532049171323e+02
3.062911648534506526e+02
3.073648129832837981e+02
3.092573868518015274e+02
3.099569564159616561e+02
3.104615721373351676e+02
3.109712849872070137e+02
3.096679646335421126e+02
3.101696612460021356e+02
3.110804659050529040e+02
3.124045110152044913e+02
3.131358697123272350e+02
3.140766360730588076e+02
3.146228647202613615e+02
3.157806714346070862e+02
3.171521933682901135e+02
3.191436296649394535e+02
3.205491208736767135e+02
3.213627483572491883e+02
3.219825740982309981e+02
3.213965394931629476e+02
3.210066055486489631e+02
3.208147530794439604e+02
3.194088414943873317e+02
3.198069106003917454e+02
3.181887985862543360e+02
3.181705036224794299e+02
3.195661652752317536e+02
3.207739043184154752e+02
3.225999033519343584e+02
3.242423266181154418e+02
3.250932592102186618e+02
3.267608678891089653e+02
3.280412806960706575e+02
3.293346269657274661e+02
3.306410373391189523e+02
3.309505427667860431e+02
3.324752957240269780e+02
3.342174704283095821e+02
3.359772428568786609e+02
3.379568109665442535e+02
3.377341524914580759e+02
3.393274267590493878e+02
3.395226532919685951e+02
3.383057103959275764e+02
3.374805155514426360e+02
3.352328439913560487e+02
3.329624686781371565e+02
3.310732006849874551e+02
3.287608087727145403e+02
3.278392007805193202e+02
3.256961624045651433e+02
3.241375377823895292e+02
3.231692300832218052e+02
3.215850808921429689e+02
3.209950312041846132e+02
3.208030618224089494e+02
3.198010725478880545e+02
3.200010833817048024e+02
3.202031145269749004e+02
3.198011257848224886e+02
3.193950765503259959e+02
3.191869460104296081e+02
3.201888343539693551e+02
3.199887215696662679e+02
3.189785066360261112e+02
3.177560673091182366e+02
3.163192599082002516e+02
3.162820807153542546e+02
3.164465461771247874e+02
3.174207537142679598e+02
3.184048017315826087e+02
3.179846482137202202e+02
3.183683315290104474e+02
3.179478096252632895e+02
3.179270804295586572e+02
3.193202832621809080e+02
3.209295790527081635e+02
3.207369485380887681e+02
3.197342914526146842e+02
3.181154459117317970e+02
3.160762079916479479e+02
3.156325333248971106e+02
3.151843770958558935e+02
3.155397748442993588e+02
3.158987624689891618e+02
3.164633964333224867e+02
3.176397943770932102e+02
3.190300953303968186e+02
3.210405003337344851e+02
3.220611114482167068e+02
3.216778903517345611e+02
3.184625155068019922e+02
3.154166823301031854e+02
3.129461437677811659e+02
3.114607512805870329e+02
3.111724760409971964e+02
3.108812889302999452e+02
3.113952413437365863e+02
3.119143851956937397e+02
3.142569547431255614e+02
3.156130855991166300e+02
3.175889753526431036e+02
3.195848235885288204e+02
3.220048723116447036e+02
3.232372447592371145e+02
3.242800452113503979e+02
3.243232779912626143e+02
3.247709878699625961e+02
3.266373614848109241e+02
3.265023853381927665e+02
3.271741266042348570e+02
3.286607339436716302e+02
3.305663979229004781e+02
3.312791898211114017e+02
3.317971614354668759e+02
3.323203650863297867e+02
3.322427930164948293e+02
3.321644373903998257e+02
3.330953913034337575e+02
3.318135265691243490e+02
3.297106328981050183e+02
3.287986190889954514e+02
3.274733526151470073e+02
3.259326794092397108e+02
3.237703832416564751e+02
3.230003871127840966e+02
3.234347344573575924e+02
3.244795297549061956e+02
3.251308381362698583e+02
3.259907455921911605e+02
3.274653995880717048e+02
3.289549490788600110e+02
3.306615647261211279e+02
3.327894593193144601e+02
3.333226861811259027e+02
3.346693799809353891e+02
3.366357373544805114e+02
3.378138761156369583e+02
3.398119960764003622e+02
3.406181778549496926e+02
3.410284624797469064e+02
3.420489519997448724e+02
3.416656080805506690e+02
3.412783920005558684e+02
3.423014060611677110e+02
3.429307131930986543e+02
3.447784981748471864e+02
3.458368668432806317e+02
3.467039059023032905e+02
3.471756625275790498e+02
3.472481439672522470e+02
3.463112565325777723e+02
3.447588449824015697e+02
3.452109545276786662e+02
3.464757116441196558e+02
3.483593046910298767e+02
3.506659643343736548e+02
3.495615801357304235e+02
3.474359395310408445e+02
3.462989288192336517e+02
3.441403321406399982e+02
3.419599314551919633e+02
3.417777085405977573e+02
3.409875843844423571e+02
3.395834185701432943e+02
3.395792106769127372e+02
3.397769804817298223e+02
3.405828085674039585e+02
3.424068773408119455e+02
3.432392700412243585e+02
3.440800707487116483e+02
3.453334047966785647e+02
3.465993987845239417e+02
3.476761603884079932e+02
3.475516771600080688e+02
3.478299769293003010e+02
3.477070474033341725e+02
3.465727751548832885e+02
3.454270456109932184e+02
3.448758036474673645e+02
3.449250541893615605e+02
3.457828830195565502e+02
3.460433161813701872e+02
3.448922385670409767e+02
3.439315541081219862e+02
3.435672263718403201e+02
3.440072993654953848e+02
3.458659589550466080e+02
3.477433928838849511e+02
3.498418109938232874e+02
3.517594050442658613e+02
3.522822273174405154e+02
3.532143710277175614e+02
3.523377485128459057e+02
3.524623722351975630e+02
3.515781537729268962e+02
3.516951048211382158e+02
3.520152573950891792e+02
3.529447044394840418e+02
3.546916206459437149e+02
3.566582026726707113e+02
3.568264673461320058e+02
3.559863306526584097e+02
3.559457885380386415e+02
3.571169581192306168e+02
3.568858162820516213e+02
3.570563800828804801e+02
3.582387677604855298e+02
3.582209775358438151e+02
3.580009874099432068e+02
3.581828155655995261e+02
3.575583995612111039e+02
3.587458581426371325e+02
3.601473314572098730e+02
3.611589206638476526e+02
3.629888087513614323e+02
3.624129381326885095e+02
3.616292304370591069e+02
3.610396267040999305e+02
3.606460875798991310e+02
3.580263510908069975e+02
3.559862132230374527e+02
3.549355689121593969e+02
3.558945140526863042e+02
3.572671859118043471e+02
3.584517029412166380e+02
3.568199019608252343e+02
3.543635373341668355e+02
3.494581185193603687e+02
3.465233520397577536e+02
3.439629818583406973e+02
3.413767493518595870e+02
3.379563124766256124e+02
3.367235479561874740e+02
3.372965130870583721e+02
3.386833465525842826e+02
3.398821682349337152e+02
3.390728972070034501e+02
3.380534315222258783e+02
3.343974055780057029e+02
3.323206116949558009e+02
3.328491027221775767e+02
3.347970734567447266e+02
3.345424984411562264e+02
3.363055539809660104e+02
3.380864181625915990e+02
3.400872910733248773e+02
3.419063546195200729e+02
3.417235905247674737e+02
3.417410005300688454e+02
3.409505055859279992e+02
3.397479854403305239e+02
3.379272580205363852e+02
3.360881394146831553e+02
3.334223630451344320e+02
3.311337000455901034e+02
3.308421212581719715e+02
3.305475972304768675e+02
3.330783810408855175e+02
3.358367485261475736e+02
3.382189379051998230e+02
3.406251898032318763e+02
3.414395856598301862e+02
3.432723087473033274e+02
3.443154633811143981e+02
3.457731953344589897e+02
3.456294902368271664e+02
3.464944345826540371e+02
3.477721561440949927e+02
3.496688445899940234e+02
3.501705500909035891e+02
3.504753031221248420e+02
3.511871748708330188e+02
3.525122978493259325e+02
3.530427251003298466e+02
3.527704293942723552e+02
3.522933630245175891e+02
3.522155182065835106e+02
3.531469880874582827e+02
3.530777657449074241e+02
3.532098643887954950e+02
3.525352165543387741e+02
3.536719359134733054e+02
3.534059958721951489e+02
3.541474705779751844e+02
3.550984551292682454e+02
3.550489445750180835e+02
3.562110551262807689e+02
3.567788435619000325e+02
3.563422662241413263e+02
3.536790567920617150e+02
3.491707644364258840e+02
3.444149135721475545e+02
3.396110238102497760e+02
3.363747715255054800e+02
3.351260318439448156e+02
3.340666988322673774e+02
3.331986856891589355e+02
3.329279653425847414e+02
3.318464296389744277e+02
3.297438683221963061e+02
3.294382508305016017e+02
3.289275260914153591e+02
3.282096223145609883e+02
3.280905275904657401e+02
3.271621490812781872e+02
3.252142920012912555e+02
3.244588808093851071e+02
3.251099806155399961e+02
3.257676571874146134e+02
3.254218759468838016e+02
3.252746221685691808e+02
3.249238607763323898e+02
3.243675361377096351e+02
3.242096324623330474e+02
3.240501338003364253e+02
3.232829634346834951e+02
3.233161246814987635e+02
3.227435602843417541e+02
3.223672326104463082e+02
3.221891238489355942e+02
3.222112362110457298e+02
3.228396325364091126e+02
3.218582146832419539e+02
3.204628431143858620e+02
3.202654980953396944e+02
3.200661596922623744e+02
3.190567269618808837e+02
3.178350777392741406e+02
3.186212906457310510e+02
3.184053440865972107e+02
3.171771152389868007e+02
3.183607224636228352e+02
3.209704267309324450e+02
3.227984108393262090e+02
3.234327382215413422e+02
3.242754931530723184e+02
3.231065587404774533e+02
3.243500593338152385e+02
3.264142013472883264e+02
3.287012134821085851e+02
3.308093065475846970e+02
3.317265722702873632e+02
3.280066386568561256e+02
3.256632713705620858e+02
3.243063347177392188e+02
3.233397320381206441e+02
3.225653858970912324e+02
3.233993796940318362e+02
3.226256360545771713e+02
3.186117535904822944e+02
3.155674278691739119e+02
3.126943715850241006e+02
3.085801733182061071e+02
3.052324983012184134e+02
3.044772710113315384e+02
3.043204757690217548e+02
3.041620967363855357e+02
3.038000977135207563e+02
3.024243411247684321e+02
3.010346880048163598e+02
2.986208969745622994e+02
2.971928252268305641e+02
2.965584093200307052e+02
2.977357669899300845e+02
2.975108757474043273e+02
2.982938138862671167e+02
2.990846604911791928e+02
2.976612732234132750e+02
2.978396699226393025e+02
2.984239090127667851e+02
2.978019282957243377e+02
2.961635639350751035e+02
2.957207716515911784e+02
2.942634057086776806e+02
2.931953593016944524e+02
2.917124841431258346e+02
2.902146304476020191e+02
2.895097277248506771e+02
2.871815431564147048e+02
2.858399425822373701e+02
2.858989319012495116e+02
2.863625574760099539e+02
2.864268257333429801e+02
2.858856825589326149e+02
2.849350328878105074e+02
2.859949827149604289e+02
2.876716997120807946e+02
2.901734340526067513e+02
2.927004384369762988e+02
2.952529681181584351e+02
2.982353213314732443e+02
2.959952740721951727e+02
2.929245192648435250e+02
2.912368881463064554e+02
2.889261496427342308e+02
2.876021713562968785e+02
2.858607791477750197e+02
2.851118981290654801e+02
2.825372708374397916e+02
2.809467382196363587e+02
2.789360992117537990e+02
2.773091911229836910e+02
2.758678698211955975e+02
2.744119897183790613e+02
2.745575653721001004e+02
2.736945104768690271e+02
2.726207176534032328e+02
2.723441592458617606e+02
2.702466255008703229e+02
2.683299247483539034e+02
2.667979037862161817e+02
2.654524280668850906e+02
2.638913414817019998e+02
2.600922641229315104e+02
2.570628930534662118e+02
2.560231242964304101e+02
2.557809336327578080e+02
2.559403370027855544e+02
2.550912494977634140e+02
2.554457065633974366e+02
2.576219258216138996e+02
2.584059856783977125e+02
2.587939249276743112e+02
2.583777019471457379e+02
2.579572746940867205e+02
2.589467421152389761e+02
2.573199415305444973e+02
2.562827692227719467e+02
2.554371406290626396e+02
2.537748895243058485e+02
2.506817065902077957e+02
2.489714207981896266e+02
2.472438593921110623e+02
2.457008680728393699e+02
2.435362303766053742e+02
2.413497276531369948e+02
2.395451794476132363e+02
2.377224034824374996e+02
2.368913166489266473e+02
2.372639562110369695e+02
2.378423800111483217e+02
2.388306868799478764e+02
2.398289766464120589e+02
2.400292693398100141e+02
2.400295649897072110e+02
2.369995605956639224e+02
2.357571319148119926e+02
2.336940726412242384e+02
2.320142147891153854e+02
2.325396108980964982e+02
2.334743544425217010e+02
2.332064186288097574e+02
2.339458774028381356e+02
2.336827044473113233e+02
2.318007115629406201e+02
2.323239510736774776e+02
2.328524758319974239e+02
2.327802786181789543e+02
2.329093723415947750e+02
2.330397700420151921e+02
2.311512828707224401e+02
2.300518008795175717e+02
2.281331322015329590e+02
2.257910426278111231e+02
2.246374167957687291e+02
2.232701179755241014e+02
2.218890080560848332e+02
2.217060687435199782e+02
2.225313825692120986e+02
2.229609924941536008e+02
2.215767600951048166e+02
2.193704647425299754e+02
2.163338027702323814e+02
2.140745482527600814e+02
2.134086345987474829e+02
2.129380147462097170e+02
2.118565805517271201e+02
2.109662429815422513e+02
2.108749929106487855e+02
2.097727201117664606e+02
2.088613334462286844e+02
2.097589226729585334e+02
2.106655784575336270e+02
2.083490691490239044e+02
2.068172415646706099e+02
2.052699409744149364e+02
2.037070110852674247e+02
2.023303142275427717e+02
2.003336507348917905e+02
1.989228795301937112e+02
1.966897773032259806e+02
1.954442194982080423e+02
1.958022419173817639e+02
1.965679211286685018e+02
1.963312334633015439e+02
1.948800338013146529e+02
1.917980139407218587e+02
1.882808221623453733e+02
1.841220425882277993e+02
1.799212551396239519e+02
1.744659142824484093e+02
1.689554689721701948e+02
1.641974434062324235e+02
1.606034781881136553e+02
1.577812910991046635e+02
1.539204960597016338e+02
1.498186828885875741e+02
1.450693766551389388e+02
1.426963400556959698e+02
1.407033737936323234e+02
1.388922967612448360e+02
1.360528250113584363e+02
1.331846717286448722e+02
1.296814865945906945e+02
1.279610975702935747e+02
1.270314116871652743e+02
1.262943552395608720e+02
1.255498537773342349e+02
1.225756098760951716e+02
1.165410200768638163e+02
1.104454748251149283e+02
1.052984594193080028e+02
1.000994539588970156e+02
9.565601409989599802e+01
9.136971121201614210e+01
8.603001132526881634e+01
8.245455689421093837e+01
7.884298676182923771e+01
7.418483511295880817e+01
6.968165162925134837e+01
6.432490063560742044e+01
5.891404104606809966e+01
5.324650610713948851e+01
4.711768293650452932e+01
4.133099286515609805e+01
3.568787158096575496e+01
3.079582987976339226e+01
2.646043422198321693e+01
2.329336790099315380e+01
2.029633121312439670e+01
1.888518304356000144e+01
1.665170004400000181e+01
1.338555560000000000e+01
1.028844000000000136e+01
6.756000000000000227e+00
4.400000000000000355e+00
