3.081509574552924180e-01
3.112635933891843565e-01
3.144076700900872989e-01
3.175835051415021315e-01
3.207914193348487264e-01
3.240317367018678008e-01
3.262946835372404486e-01
3.235299833709491257e-01
3.267979630009601455e-01
3.280787505060187015e-01
3.303825762687044310e-01
3.337197740087943232e-01
3.360805798068647321e-01
3.394753331382464046e-01
3.429043769073183423e-01
3.241458352599191906e-01
3.253998335958765975e-01
3.266664985816902789e-01
3.299661601835314206e-01
3.332991517005341464e-01
3.366658097985187337e-01
3.400664745439579972e-01
2.929964389332926356e-01
2.292893322558501590e-01
2.316053861170204731e-01
2.339448344616370246e-01
2.363079135976144385e-01
2.386948622198099834e-01
1.683786487068804349e-01
1.700794431382629535e-01
1.717974173113769043e-01
1.735327447589656846e-01
1.752856007666317717e-01
1.770561623905375637e-01
1.788446084752907950e-01
3.014606916696013078e-02
3.045057491612134654e-02
3.075815648093064084e-02
3.106884493023297916e-02
3.138267164669999304e-02
3.169966832999999290e-02
3.201986700000001435e-02
3.234329999999999844e-02
3.266999999999998378e-02
3.300000000000000155e-02
0.000000000000000000e+00
0.000000000000000000e+00
0.000000000000000000e+00
0.000000000000000000e+00
0.000000000000000000e+00
0.000000000000000000e+00
0.000000000000000000e+00
0.000000000000000000e+00
0.000000000000000000e+00
0.000000000000000000e+00
0.000000000000000000e+00
0.000000000000000000e+00
0.000000000000000000e+00
0.000000000000000000e+00
0.000000000000000000e+00
0.000000000000000000e+00
0.000000000000000000e+00
0.000000000000000000e+00
0.000000000000000000e+00
0.000000000000000000e+00
0.000000000000000000e+00
0.000000000000000000e+00
0.000000000000000000e+00
0.000000000000000000e+00
0.000000000000000000e+00
0.000000000000000000e+00
0.000000000000000000e+00
0.000000000000000000e+00
0.000000000000000000e+00
0.000000000000000000e+00
0.000000000000000000e+00
0.000000000000000000e+00
0.000000000000000000e+00
0.000000000000000000e+00
0.000000000000000000e+00
0.000000000000000000e+00
0.000000000000000000e+00
0.000000000000000000e+00
0.000000000000000000e+00
0.000000000000000000e+00
0.000000000000000000e+00
0.000000000000000000e+00
0.000000000000000000e+00
0.000000000000000000e+00
0.000000000000000000e+00
0.000000000000000000e+00
0.000000000000000000e+00
0.000000000000000000e+00
0.000000000000000000e+00
0.000000000000000000e+00
0.000000000000000000e+00
0.000000000000000000e+00
0.000000000000000000e+00
0.000000000000000000e+00
0.000000000000000000e+00
