2.248089183214097009e-01
2.270797154761692582e-01
2.293734499759308709e-01
2.316903535110408363e-01
2.340306601121625585e-01
2.363946061739001236e-01
2.387824304786883567e-01
2.300832631097856906e-01
2.324073364745296022e-01
2.347548853278101366e-01
2.280352377048558421e-01
2.262982199038959807e-01
2.245436564685832637e-01
2.268117742106898482e-01
2.291028022330183489e-01
2.132351537707272982e-01
2.153890442128554294e-01
2.175646911240974313e-01
2.197623142667627927e-01
2.219821356229941256e-01
2.050324602252463491e-01
2.071034951770163446e-01
2.091954496737534752e-01
2.113085350239948257e-01
2.134429646706998973e-01
2.155989542128293746e-01
2.177767214271012775e-01
2.199764862899992734e-01
2.221984710000008412e-01
2.244428999999988628e-01
2.267100000000006055e-01
2.290000000000000091e-01
0.000000000000000000e+00
0.000000000000000000e+00
0.000000000000000000e+00
0.000000000000000000e+00
0.000000000000000000e+00
0.000000000000000000e+00
0.000000000000000000e+00
0.000000000000000000e+00
0.000000000000000000e+00
0.000000000000000000e+00
0.000000000000000000e+00
0.000000000000000000e+00
0.000000000000000000e+00
0.000000000000000000e+00
0.000000000000000000e+00
0.000000000000000000e+00
0.000000000000000000e+00
0.000000000000000000e+00
0.000000000000000000e+00
0.000000000000000000e+00
0.000000000000000000e+00
0.000000000000000000e+00
0.000000000000000000e+00
0.000000000000000000e+00
0.000000000000000000e+00
0.000000000000000000e+00
0.000000000000000000e+00
0.000000000000000000e+00
0.000000000000000000e+00
0.000000000000000000e+00
0.000000000000000000e+00
0.000000000000000000e+00
0.000000000000000000e+00
0.000000000000000000e+00
0.000000000000000000e+00
0.000000000000000000e+00
0.000000000000000000e+00
0.000000000000000000e+00
0.000000000000000000e+00
0.000000000000000000e+00
0.000000000000000000e+00
0.000000000000000000e+00
0.000000000000000000e+00
0.000000000000000000e+00
0.000000000000000000e+00
0.000000000000000000e+00
0.000000000000000000e+00
0.000000000000000000e+00
0.000000000000000000e+00
0.000000000000000000e+00
0.000000000000000000e+00
0.000000000000000000e+00
0.000000000000000000e+00
0.000000000000000000e+00
0.000000000000000000e+00
0.000000000000000000e+00
0.000000000000000000e+00
0.000000000000000000e+00
0.000000000000000000e+00
0.000000000000000000e+00
0.000000000000000000e+00
0.000000000000000000e+00
0.000000000000000000e+00
0.000000000000000000e+00
0.000000000000000000e+00
0.000000000000000000e+00
0.000000000000000000e+00
0.000000000000000000e+00
