3.660735546672502783e-02
3.697712673406566841e-02
3.735063306471281264e-02
3.772791218657860907e-02
3.810900220866525467e-02
3.849394162491440174e-02
3.686256729789332692e-02
3.521471444231649012e-02
3.153001458819849195e-02
1.770708544262473982e-02
1.788594489154013770e-02
1.806661100155569286e-02
1.420869798136938610e-02
1.435222018320140257e-02
1.348709109414283382e-02
1.362332433751800749e-02
1.376093367426062079e-02
1.389993300430364918e-02
1.404033636798348618e-02
1.418215794745807286e-02
1.432541206813945853e-02
1.447011320014087062e-02
1.461627595973825910e-02
1.476391511084671794e-02
1.491304556651183895e-02
1.506368239041600346e-02
1.521584079839999673e-02
1.536953615999999724e-02
1.552478400000000328e-02
1.568160000000000040e-02
1.583999999999999991e-02
1.600000000000000033e-02
0.000000000000000000e+00
0.000000000000000000e+00
0.000000000000000000e+00
0.000000000000000000e+00
0.000000000000000000e+00
0.000000000000000000e+00
0.000000000000000000e+00
0.000000000000000000e+00
0.000000000000000000e+00
0.000000000000000000e+00
0.000000000000000000e+00
0.000000000000000000e+00
0.000000000000000000e+00
0.000000000000000000e+00
0.000000000000000000e+00
0.000000000000000000e+00
0.000000000000000000e+00
0.000000000000000000e+00
0.000000000000000000e+00
0.000000000000000000e+00
0.000000000000000000e+00
0.000000000000000000e+00
0.000000000000000000e+00
0.000000000000000000e+00
0.000000000000000000e+00
0.000000000000000000e+00
0.000000000000000000e+00
0.000000000000000000e+00
0.000000000000000000e+00
0.000000000000000000e+00
0.000000000000000000e+00
0.000000000000000000e+00
0.000000000000000000e+00
0.000000000000000000e+00
0.000000000000000000e+00
0.000000000000000000e+00
0.000000000000000000e+00
0.000000000000000000e+00
0.000000000000000000e+00
0.000000000000000000e+00
0.000000000000000000e+00
0.000000000000000000e+00
0.000000000000000000e+00
0.000000000000000000e+00
0.000000000000000000e+00
0.000000000000000000e+00
0.000000000000000000e+00
0.000000000000000000e+00
0.000000000000000000e+00
0.000000000000000000e+00
0.000000000000000000e+00
0.000000000000000000e+00
0.000000000000000000e+00
0.000000000000000000e+00
0.000000000000000000e+00
0.000000000000000000e+00
0.000000000000000000e+00
0.000000000000000000e+00
0.000000000000000000e+00
0.000000000000000000e+00
0.000000000000000000e+00
0.000000000000000000e+00
0.000000000000000000e+00
0.000000000000000000e+00
0.000000000000000000e+00
0.000000000000000000e+00
0.000000000000000000e+00
0.000000000000000000e+00
